0 865 44 576 471 0 1505 0 0 0 0 869 0 0 0 0 0 0 0 0 0 0 5 0 0 0 0 504 0 3 0 206 0 1325 0 21 21 1 258 0 0 4 0 0 0 0 0 26 0 0 0 0 0 0 0 0 0 0 0 0 0 0 0 0 0 0 0 0 0 0 0 0 0 0 0 0 0 0 0 0 0 0 0 
865 0 0 0 176 0 0 0 0 0 0 0 0 0 0 0 0 0 0 0 0 0 0 0 0 0 0 0 0 0 0 0 0 2264 0 0 1 0 0 0 0 0 0 0 0 0 0 0 0 0 0 0 0 0 0 0 0 0 0 0 0 0 0 0 0 0 0 0 0 0 0 0 0 0 0 0 0 0 0 0 0 0 0 
44 0 0 6 0 0 0 0 0 0 0 282 706 0 0 0 0 0 0 0 1 0 451 0 0 0 0 1140 73 550 0 1361 0 762 44 70 775 44 0 0 0 64 0 0 0 0 0 1698 272 0 0 0 5 0 0 0 0 0 0 0 0 0 0 0 0 0 0 0 0 0 0 0 0 0 0 0 11 0 0 0 0 0 1 
576 0 6 0 0 0 0 23 0 0 0 940 101 0 0 0 0 0 0 0 0 0 0 0 0 0 2 722 1 52 0 1134 0 558 0 0 201 0 1 0 0 75 0 3 0 0 0 558 11 0 0 0 53 0 0 0 0 0 0 0 0 0 0 0 0 0 0 0 0 0 0 0 0 0 1 0 0 0 0 0 0 0 0 
471 176 0 0 0 60 473 2698 34 0 0 0 0 0 0 0 9 0 0 0 0 0 0 0 0 0 0 0 0 0 0 0 0 6760 0 0 0 0 0 0 0 0 0 0 0 0 0 0 0 0 0 0 0 0 0 0 0 0 0 0 0 0 0 0 0 0 0 0 0 0 0 0 0 0 0 0 0 0 0 0 0 0 0 
0 0 0 0 60 0 432 10875 2550 1194 0 0 1 0 0 0 1 0 0 0 0 0 0 0 0 0 0 0 0 0 0 0 0 1185 0 0 0 0 0 0 0 0 0 0 0 0 0 0 0 0 0 0 0 0 0 0 0 0 0 0 0 0 0 0 0 0 0 0 0 0 0 0 0 0 0 0 0 0 0 0 0 0 0 
1505 0 0 0 473 432 0 5331 667 0 0 7 52 0 0 0 7 29 0 0 1 693 4910 4 3 0 0 121 120 344 1 133 0 12045 399 1364 9236 239 0 0 0 0 0 2 0 0 0 397 177 0 0 0 0 0 0 0 0 0 223 0 49 0 0 0 0 0 0 0 0 1 2 0 1 0 0 0 509 0 0 0 0 0 26 
0 0 0 23 2698 10875 5331 0 506 2780 233 116 6658 6255 0 230 1388 245 100 0 0 0 0 0 0 0 0 0 21 88 265 0 0 7556 12684 888 31627 2 0 0 0 0 0 0 0 0 0 293 50 0 39 16 0 73 98 0 1 0 0 0 0 0 0 0 0 0 0 0 0 0 0 0 0 0 0 10 954 0 0 0 0 0 0 
0 0 0 0 34 2550 667 506 0 2464 0 0 0 0 0 0 0 0 0 0 0 0 0 0 0 0 0 0 0 0 0 0 0 0 0 0 0 0 0 0 0 0 0 0 0 0 0 0 0 0 0 0 0 0 0 0 0 0 0 0 0 0 0 0 0 0 0 0 0 0 0 0 0 0 0 0 0 0 0 0 0 0 0 
0 0 0 0 0 1194 0 2780 2464 0 1688 0 0 6013 0 2784 11595 2 27 0 0 0 0 0 0 0 0 0 1 17 35 0 0 2852 11619 650 21523 0 0 0 0 0 0 0 0 0 0 0 281 0 5 0 0 28 54 0 0 0 0 0 0 0 0 0 0 0 0 0 0 0 0 0 0 0 0 56 10 0 0 0 0 0 0 
0 0 0 0 0 0 0 233 0 1688 0 0 1 1896 0 1705 0 167 0 140 0 0 0 0 0 0 0 0 0 0 0 0 0 0 0 1 0 0 0 0 0 0 0 0 0 0 0 0 0 0 0 0 0 0 0 0 0 0 0 0 0 0 0 0 0 0 0 0 0 0 0 0 0 0 0 0 0 0 0 0 0 0 0 
869 0 282 940 0 0 7 116 0 0 0 0 0 0 0 0 0 0 0 0 0 0 0 0 0 0 0 16 0 0 0 1 0 102 0 3 8 0 39 0 0 0 0 0 1 0 0 7 0 0 0 0 0 0 0 0 0 0 0 0 0 0 0 0 0 0 0 0 0 0 5 0 1 0 12 0 0 0 0 0 0 0 0 
0 0 706 101 0 1 52 6658 0 0 1 0 0 306 0 11 91 8 20 0 0 0 0 0 0 0 0 0 3 13 13 0 0 543 137 3 1777 0 0 0 0 0 0 0 0 0 0 1 13 0 0 0 0 0 1 0 0 0 0 0 0 0 0 0 0 0 0 0 0 0 0 0 0 0 0 8 110 51 4 0 0 0 2 
0 0 0 0 0 0 0 6255 0 6013 1896 0 306 0 75 704 0 2603 0 2375 0 0 0 0 0 0 0 0 0 0 0 0 0 0 666 685 9 0 0 0 0 0 0 0 0 0 0 0 5 0 1 0 0 0 0 0 0 0 0 0 0 0 0 0 0 0 0 0 0 0 0 0 0 0 0 0 3 0 0 0 0 0 0 
0 0 0 0 0 0 0 0 0 0 0 0 0 75 0 0 3 6368 0 6102 43 0 6 0 112 18 0 0 0 0 0 22 4 18 1535 125 232 6 0 71 0 0 0 0 0 0 0 0 0 0 0 0 0 0 11 5 0 0 0 0 184 0 0 0 0 0 0 0 0 0 0 0 0 0 0 0 0 0 0 0 0 0 23 
0 0 0 0 0 0 0 230 0 2784 1705 0 11 704 0 0 3384 169 0 0 0 0 0 0 0 0 0 0 0 0 0 0 0 101 5286 56 7596 0 0 0 0 0 0 0 0 0 0 0 0 0 0 0 0 0 0 0 0 0 0 0 0 0 0 0 0 0 0 0 0 0 0 0 0 0 0 0 9 0 0 0 0 0 0 
0 0 0 0 9 1 7 1388 0 11595 0 0 91 0 3 3384 0 2327 2919 0 0 0 0 0 0 0 0 0 607 862 1374 262 37 2088 0 0 6068 0 0 0 0 0 0 0 0 0 0 0 0 0 0 0 0 0 0 0 0 0 0 0 0 0 0 0 0 0 0 0 0 0 0 0 0 0 0 0 0 0 0 0 0 0 0 
0 0 0 0 0 0 29 245 0 2 167 0 8 2603 6368 169 2327 0 17568 1048 42 419 3436 330 4898 330 0 0 3000 2743 3604 2963 416 905 10686 140 9737 21 0 181 0 0 0 0 0 0 0 0 1 0 0 0 0 0 226 691 0 0 1161 409 374 1 0 0 0 0 0 0 0 212 463 0 1023 0 1 0 5 6 0 0 0 0 228 
0 0 0 0 0 0 0 100 0 27 0 0 20 0 0 0 2919 17568 0 289 0 0 49 0 561 0 0 0 9796 2184 248 2051 0 978 0 0 1412 106 0 7 0 0 0 0 0 0 0 0 0 0 0 0 0 0 0 0 0 0 5 0 0 0 0 0 0 0 0 0 0 18 26 0 47 0 0 0 0 1 0 0 0 0 162 
0 0 0 0 0 0 0 0 0 0 140 0 0 2375 6102 0 0 1048 289 0 50 0 4 3 2 137 0 0 0 9 15 800 45 88 219 0 650 0 0 25 0 0 0 0 0 0 0 0 0 0 0 0 0 0 146 137 0 0 484 53 350 0 0 0 0 0 0 0 0 14 3 0 2 0 0 0 0 0 0 0 0 0 100 
0 0 1 0 0 0 1 0 0 0 0 0 0 0 43 0 0 42 0 50 0 1170 3 737 9 84 0 0 1 4 0 3 0 0 0 0 24 0 0 0 0 0 0 0 0 0 0 0 0 0 0 0 0 0 0 22 0 0 269 16 79 0 0 0 0 0 0 0 0 10 5 0 16 0 0 0 0 0 0 0 0 0 0 
0 0 0 0 0 0 693 0 0 0 0 0 0 0 0 0 0 419 0 0 1170 0 188 874 1525 0 0 0 1 6 0 0 0 0 0 0 29 0 0 14 0 0 0 0 0 0 0 0 0 0 0 0 0 0 0 0 0 0 1 0 0 3 0 0 0 0 0 0 0 23 62 0 252 0 0 0 0 0 0 0 0 0 0 
5 0 451 0 0 0 4910 0 0 0 0 0 0 0 6 0 0 3436 49 4 3 188 0 118 2613 24 0 0 246 1414 0 2097 0 607 0 0 813 2 0 14 0 0 0 0 0 0 0 0 0 0 0 0 0 0 0 117 0 0 2041 21 1298 6 0 0 0 0 0 0 0 31 112 0 503 0 0 0 0 0 0 0 0 0 0 
0 0 0 0 0 0 4 0 0 0 0 0 0 0 0 0 0 330 0 3 737 874 118 0 1295 4 0 0 1 2 0 0 0 0 0 0 0 0 0 5 0 0 0 0 0 0 0 0 0 0 0 0 0 0 0 0 0 0 0 0 11 1 0 0 0 0 0 0 0 5 14 0 102 0 0 0 0 0 0 0 0 0 0 
0 0 0 0 0 0 3 0 0 0 0 0 0 0 112 0 0 4898 561 2 9 1525 2613 1295 0 47 0 0 534 6 0 0 0 1 232 0 813 106 0 152 0 0 0 0 0 11 0 0 0 0 0 0 0 0 0 270 0 0 207 267 46 0 0 0 0 0 0 0 0 1259 1459 0 2418 36 236 0 0 18 0 0 0 0 2 
0 0 0 0 0 0 0 0 0 0 0 0 0 0 18 0 0 330 0 137 84 0 24 4 47 0 1 0 1 0 0 0 0 0 0 0 0 0 0 171 0 0 0 0 0 0 0 0 0 0 0 0 0 0 0 1 0 0 6 0 210 78 0 0 0 0 0 0 0 0 0 0 0 0 0 0 0 0 0 0 0 0 0 
0 0 0 2 0 0 0 0 0 0 0 0 0 0 0 0 0 0 0 0 0 0 0 0 0 1 0 0 0 0 0 0 0 25 125 0 618 261 0 40 0 0 0 0 0 0 0 0 0 0 0 0 0 0 0 0 0 0 0 0 0 0 0 0 0 0 0 0 0 0 0 0 0 0 0 0 0 0 0 0 0 0 0 
504 0 1140 722 0 0 121 0 0 0 0 16 0 0 0 0 0 0 0 0 0 0 0 0 0 0 0 0 0 0 0 0 0 278 6 12 938 140 122 0 0 9 0 0 1 0 0 132 0 0 0 0 0 0 0 0 0 0 0 0 0 0 0 0 0 0 0 0 0 0 1 0 0 0 1 0 0 0 0 0 0 0 0 
0 0 73 1 0 0 120 21 0 1 0 0 3 0 0 0 607 3000 9796 0 1 1 246 1 534 1 0 0 0 1126 40 382 10 27 0 0 282 68 0 89 0 0 0 0 0 0 0 0 0 0 0 0 0 0 0 0 0 0 7 0 1 0 0 0 0 0 0 0 0 16 15 0 46 1 0 0 0 0 0 0 0 0 0 
3 0 550 52 0 0 344 88 0 17 0 0 13 0 0 0 862 2743 2184 9 4 6 1414 2 6 0 0 0 1126 0 157 202 0 52 0 0 282 1 0 0 0 0 0 0 0 0 0 0 0 0 0 0 0 0 0 1 0 0 22 0 3 0 0 0 0 0 0 0 0 0 2 0 18 0 0 0 0 0 0 0 0 0 0 
0 0 0 0 0 0 1 265 0 35 0 0 13 0 0 0 1374 3604 248 15 0 0 0 0 0 0 0 0 40 157 0 2070 0 103 0 0 28 0 0 0 0 0 0 0 0 0 0 0 0 0 0 0 0 0 0 0 0 0 0 0 0 0 0 0 0 0 0 0 0 0 0 0 0 0 0 0 0 0 0 0 0 0 0 
206 0 1361 1134 0 0 133 0 0 0 0 1 0 0 22 0 262 2963 2051 800 3 0 2097 0 0 0 0 0 382 202 2070 0 91 313 0 0 82 0 6 0 0 5 0 0 0 0 0 26 0 0 0 0 0 0 0 0 0 0 13 0 4 0 0 0 0 0 0 0 0 1 0 0 0 0 0 0 0 0 0 0 0 0 0 
0 0 0 0 0 0 0 0 0 0 0 0 0 0 4 0 37 416 0 45 0 0 0 0 0 0 0 0 10 0 0 91 0 203 0 0 0 0 0 0 0 0 0 0 0 0 0 0 0 0 0 0 0 0 0 0 0 0 0 0 0 0 0 0 0 0 0 0 0 0 0 0 0 0 0 0 0 0 0 0 0 0 0 
1325 2264 762 558 6760 1185 12045 7556 0 2852 0 102 543 0 18 101 2088 905 978 88 0 0 607 0 1 0 25 278 27 52 103 313 203 0 49 28 148 3 225 0 0 24 0 0 0 0 0 153 0 0 0 0 0 0 0 0 0 0 21 0 1 0 0 0 0 0 0 0 0 5 19 0 25 0 14 1 10 8 1 6 0 0 1 
0 0 44 0 0 0 399 12684 0 11619 0 0 137 666 1535 5286 0 10686 0 219 0 0 0 0 232 0 125 6 0 0 0 0 0 49 0 230 638 58 0 437 112 0 0 0 0 0 0 3 1101 0 26 10 0 21 384 638 0 0 2 0 70 0 0 0 0 0 0 0 0 105 103 0 438 162 144 460 223 443 0 0 0 0 749 
21 0 70 0 0 0 1364 888 0 650 1 3 3 685 125 56 0 140 0 0 0 0 0 0 0 0 0 12 0 0 0 0 0 28 230 0 102 2 25 0 0 2 4 0 0 0 0 7 69 0 42 200 0 21 450 54 21 0 12 0 150 0 0 0 0 0 0 0 0 0 0 0 2 66 599 5870 211 2585 9 0 0 0 281 
21 1 775 201 0 0 9236 31627 0 21523 0 8 1777 9 232 7596 6068 9737 1412 650 24 29 813 0 813 0 618 938 282 282 28 82 0 148 638 102 0 43 124 1 0 3 0 0 2 3 0 122 12 0 0 0 0 0 0 34 0 0 722 45 77 3 0 0 0 0 0 0 0 221 810 0 1125 3 50 0 165 15 0 0 0 0 2593 
1 0 44 0 0 0 239 2 0 0 0 0 0 0 6 0 0 21 106 0 0 0 2 0 106 0 261 140 68 1 0 0 0 3 58 2 43 0 0 1 0 0 0 0 0 0 0 0 0 0 0 0 0 0 0 14 0 0 0 0 0 0 0 0 0 0 0 0 0 29 6 0 25 0 0 0 0 0 0 0 0 0 9303 
258 0 0 1 0 0 0 0 0 0 0 39 0 0 0 0 0 0 0 0 0 0 0 0 0 0 0 122 0 0 0 6 0 225 0 25 124 0 0 0 0 0 0 0 0 0 0 0 0 0 0 0 0 0 0 0 0 0 0 0 0 0 0 0 0 0 0 0 0 0 0 0 0 0 0 0 0 0 0 0 0 0 0 
0 0 0 0 0 0 0 0 0 0 0 0 0 0 71 0 0 181 7 25 0 14 14 5 152 171 40 0 89 0 0 0 0 0 437 0 1 1 0 0 1 0 0 0 0 0 0 0 0 0 0 0 0 0 0 326 0 0 12 4 536 12 0 0 0 0 0 0 0 805 507 0 1976 102 99 0 0 121 2 0 0 0 37 
0 0 0 0 0 0 0 0 0 0 0 0 0 0 0 0 0 0 0 0 0 0 0 0 0 0 0 0 0 0 0 0 0 0 112 0 0 0 0 1 0 0 0 0 0 0 0 0 0 0 0 0 0 0 0 0 0 0 0 0 0 0 0 0 0 0 0 0 0 0 0 0 0 0 0 0 0 0 0 0 0 0 2 
4 0 64 75 0 0 0 0 0 0 0 0 0 0 0 0 0 0 0 0 0 0 0 0 0 0 0 9 0 0 0 5 0 24 0 2 3 0 0 0 0 0 605 0 436 61 0 371 0 0 0 0 721 0 0 0 0 0 0 0 0 0 0 0 0 13 0 0 1 0 93 0 354 0 1403 159 361 617 48 5 0 0 0 
0 0 0 0 0 0 0 0 0 0 0 0 0 0 0 0 0 0 0 0 0 0 0 0 0 0 0 0 0 0 0 0 0 0 0 4 0 0 0 0 0 605 0 0 0 0 0 1 0 0 0 0 0 0 0 0 0 0 0 0 0 0 0 0 0 0 0 0 0 0 0 0 1 0 1112 423 241 5731 209 0 0 0 0 
0 0 0 3 0 0 2 0 0 0 0 0 0 0 0 0 0 0 0 0 0 0 0 0 0 0 0 0 0 0 0 0 0 0 0 0 0 0 0 0 0 0 0 0 856 0 0 0 0 0 0 0 734 0 0 0 0 0 0 0 0 0 0 0 0 0 0 0 0 0 0 0 0 0 3 0 0 0 0 0 0 0 0 
0 0 0 0 0 0 0 0 0 0 0 1 0 0 0 0 0 0 0 0 0 0 0 0 0 0 0 1 0 0 0 0 0 0 0 0 2 0 0 0 0 436 0 856 0 0 0 98 263 0 0 0 128 0 0 0 0 0 0 0 0 0 0 0 0 1 0 0 0 0 14 0 1 0 322 0 12 6 0 12 0 0 0 
0 0 0 0 0 0 0 0 0 0 0 0 0 0 0 0 0 0 0 0 0 0 0 0 11 0 0 0 0 0 0 0 0 0 0 0 3 0 0 0 0 61 0 0 0 0 5 0 0 1 1 0 0 0 0 0 1 0 0 0 0 0 0 0 0 0 0 0 0 0 0 0 0 0 874 730 175 6984 679 0 0 0 68 
0 0 0 0 0 0 0 0 0 0 0 0 0 0 0 0 0 0 0 0 0 0 0 0 0 0 0 0 0 0 0 0 0 0 0 0 0 0 0 0 0 0 0 0 0 5 0 1454 3335 2541 356 0 0 0 0 0 223 0 0 10 0 0 0 0 0 0 0 0 0 0 1 0 0 0 1384 70 3 1218 29 0 0 0 42 
26 0 1698 558 0 0 397 293 0 0 0 7 1 0 0 0 0 0 0 0 0 0 0 0 0 0 0 132 0 0 0 26 0 153 3 7 122 0 0 0 0 371 1 0 98 0 1454 0 3714 357 55 0 2471 449 0 0 0 0 0 0 0 0 0 0 0 0 0 0 0 0 55 0 68 0 1133 3645 13780 3617 826 202 0 0 134 
0 0 272 11 0 0 177 50 0 281 0 0 13 5 0 0 0 1 0 0 0 0 0 0 0 0 0 0 0 0 0 0 0 0 1101 69 12 0 0 0 0 0 0 0 263 0 3335 3714 0 1971 942 843 8650 14603 3261 0 68 0 0 0 27 0 0 0 0 0 0 0 0 0 0 0 0 0 1581 21251 570 23695 30 0 0 0 381 
0 0 0 0 0 0 0 0 0 0 0 0 0 0 0 0 0 0 0 0 0 0 0 0 0 0 0 0 0 0 0 0 0 0 0 0 0 0 0 0 0 0 0 0 0 1 2541 357 1971 0 9510 0 0 0 0 0 27 0 0 0 0 0 0 0 0 0 0 0 0 0 0 0 0 0 204 0 0 402 0 0 0 0 0 
0 0 0 0 0 0 0 39 0 5 0 0 0 1 0 0 0 0 0 0 0 0 0 0 0 0 0 0 0 0 0 0 0 0 26 42 0 0 0 0 0 0 0 0 0 1 356 55 942 9510 0 50 0 0 527 0 5001 157 2439 4078 1322 0 0 0 0 0 0 0 0 1688 2602 107 0 0 1623 12986 17 14399 3 0 0 0 2414 
0 0 0 0 0 0 0 16 0 0 0 0 0 0 0 0 0 0 0 0 0 0 0 0 0 0 0 0 0 0 0 0 0 0 10 200 0 0 0 0 0 0 0 0 0 0 0 0 843 0 50 0 0 2 2195 0 77 0 0 0 0 0 0 0 0 0 0 0 0 0 0 0 0 0 0 338 0 0 0 0 0 0 0 
0 0 5 53 0 0 0 0 0 0 0 0 0 0 0 0 0 0 0 0 0 0 0 0 0 0 0 0 0 0 0 0 0 0 0 0 0 0 0 0 0 721 0 734 128 0 0 2471 8650 0 0 0 0 0 0 0 0 0 0 0 0 0 0 0 0 0 0 0 0 0 21 0 6 0 561 0 29 29 3 21 0 0 0 
0 0 0 0 0 0 0 73 0 28 0 0 0 0 0 0 0 0 0 0 0 0 0 0 0 0 0 0 0 0 0 0 0 0 21 21 0 0 0 0 0 0 0 0 0 0 0 449 14603 0 0 2 0 0 81 0 0 0 0 0 0 0 0 0 0 0 0 0 0 0 0 0 0 0 3 895 939 649 13 0 0 0 25 
0 0 0 0 0 0 0 98 0 54 0 0 1 0 11 0 0 226 0 146 0 0 0 0 0 0 0 0 0 0 0 0 0 0 384 450 0 0 0 0 0 0 0 0 0 0 0 0 3261 0 527 2195 0 81 0 561 3 0 4 0 1586 0 0 0 0 0 0 0 0 0 0 0 3 0 470 618 4 869 0 0 0 0 149 
0 0 0 0 0 0 0 0 0 0 0 0 0 0 5 0 0 691 0 137 22 0 117 0 270 1 0 0 0 1 0 0 0 0 638 54 34 14 0 326 0 0 0 0 0 0 0 0 0 0 0 0 0 0 561 0 0 0 20 73 3065 125 33 0 153 21 75 0 0 563 121 0 496 213 20 0 0 21 0 0 0 0 7 
0 0 0 0 0 0 0 1 0 0 0 0 0 0 0 0 0 0 0 0 0 0 0 0 0 0 0 0 0 0 0 0 0 0 0 21 0 0 0 0 0 0 0 0 0 1 223 0 68 27 5001 77 0 0 3 0 0 1453 445 113 24 0 0 0 0 0 0 0 0 2446 3887 1191 483 24 2771 2123 0 4428 2 0 0 0 703 
0 0 0 0 0 0 0 0 0 0 0 0 0 0 0 0 0 0 0 0 0 0 0 0 0 0 0 0 0 0 0 0 0 0 0 0 0 0 0 0 0 0 0 0 0 0 0 0 0 0 157 0 0 0 0 0 1453 0 69 933 0 0 0 0 0 0 0 0 0 1890 4940 4032 548 0 35 0 0 0 0 0 0 0 0 
0 0 0 0 0 0 223 0 0 0 0 0 0 0 0 0 0 1161 5 484 269 1 2041 0 207 6 0 0 7 22 0 13 0 21 2 12 722 0 0 12 0 0 0 0 0 0 0 0 0 0 2439 0 0 0 4 20 445 69 0 6400 524 4 0 2009 0 101 4 0 0 3519 1015 38 481 1 4994 3109 0 3707 1 0 0 0 1023 
0 0 0 0 0 0 0 0 0 0 0 0 0 0 0 0 0 409 0 53 16 0 21 0 267 0 0 0 0 0 0 0 0 0 0 0 45 0 0 4 0 0 0 0 0 0 10 0 0 0 4078 0 0 0 0 73 113 933 6400 0 2340 101 0 2606 0 30 27 0 0 7793 4248 180 86 0 707 0 0 0 0 0 0 0 0 
0 0 0 0 0 0 49 0 0 0 0 0 0 0 184 0 0 374 0 350 79 0 1298 11 46 210 0 0 1 3 0 4 0 1 70 150 77 0 0 536 0 0 0 0 0 0 0 0 27 0 1322 0 0 0 1586 3065 24 0 524 2340 0 27 1 3 0 0 108 0 0 6750 2742 199 3291 482 1191 562 0 616 0 0 0 0 56 
0 0 0 0 0 0 0 0 0 0 0 0 0 0 0 0 0 1 0 0 0 3 6 1 0 78 0 0 0 0 0 0 0 0 0 0 3 0 0 12 0 0 0 0 0 0 0 0 0 0 0 0 0 0 0 125 0 0 4 101 27 0 104 250 14 32 0 0 0 1291 425 0 0 0 0 0 0 0 0 0 0 0 0 
0 0 0 0 0 0 0 0 0 0 0 0 0 0 0 0 0 0 0 0 0 0 0 0 0 0 0 0 0 0 0 0 0 0 0 0 0 0 0 0 0 0 0 0 0 0 0 0 0 0 0 0 0 0 0 33 0 0 0 0 1 104 0 582 167 159 0 0 0 4283 1 0 0 0 0 0 0 0 0 0 0 0 0 
0 0 0 0 0 0 0 0 0 0 0 0 0 0 0 0 0 0 0 0 0 0 0 0 0 0 0 0 0 0 0 0 0 0 0 0 0 0 0 0 0 0 0 0 0 0 0 0 0 0 0 0 0 0 0 0 0 0 2009 2606 3 250 582 0 4 1077 0 0 0 6100 75 0 0 0 0 0 0 0 0 0 0 0 0 
0 0 0 0 0 0 0 0 0 0 0 0 0 0 0 0 0 0 0 0 0 0 0 0 0 0 0 0 0 0 0 0 0 0 0 0 0 0 0 0 0 0 0 0 0 0 0 0 0 0 0 0 0 0 0 153 0 0 0 0 0 14 167 4 0 648 17 0 0 6003 68 0 0 0 0 0 0 0 0 0 3 0 0 
0 0 0 0 0 0 0 0 0 0 0 0 0 0 0 0 0 0 0 0 0 0 0 0 0 0 0 0 0 0 0 0 0 0 0 0 0 0 0 0 0 13 0 0 1 0 0 0 0 0 0 0 0 0 0 21 0 0 101 30 0 32 159 1077 648 0 27 0 0 2672 346 0 49 0 214 337 0 271 246 1 178 5 0 
0 0 0 0 0 0 0 0 0 0 0 0 0 0 0 0 0 0 0 0 0 0 0 0 0 0 0 0 0 0 0 0 0 0 0 0 0 0 0 0 0 0 0 0 0 0 0 0 0 0 0 0 0 0 0 75 0 0 4 27 108 0 0 0 17 27 0 10 0 10 4 0 4 0 0 0 0 0 0 0 68 0 0 
0 0 0 0 0 0 0 0 0 0 0 0 0 0 0 0 0 0 0 0 0 0 0 0 0 0 0 0 0 0 0 0 0 0 0 0 0 0 0 0 0 0 0 0 0 0 0 0 0 0 0 0 0 0 0 0 0 0 0 0 0 0 0 0 0 0 10 0 2 0 0 0 0 0 21 0 0 69 138 0 7 52 0 
0 0 0 0 0 0 0 0 0 0 0 0 0 0 0 0 0 0 0 0 0 0 0 0 0 0 0 0 0 0 0 0 0 0 0 0 0 0 0 0 0 1 0 0 0 0 0 0 0 0 0 0 0 0 0 0 0 0 0 0 0 0 0 0 0 0 0 2 0 5 2 0 0 0 694 0 0 0 56 0 0 203 0 
0 0 0 0 0 0 1 0 0 0 0 0 0 0 0 0 0 212 18 14 10 23 31 5 1259 0 0 0 16 0 0 1 0 5 105 0 221 29 0 805 0 0 0 0 0 0 0 0 0 0 1688 0 0 0 0 563 2446 1890 3519 7793 6750 1291 4283 6100 6003 2672 10 0 5 0 431 11 64 0 300 43 0 13 16 0 33 0 5 
0 0 0 0 0 0 2 0 0 0 0 5 0 0 0 0 0 463 26 3 5 62 112 14 1459 0 0 1 15 2 0 0 0 19 103 0 810 6 0 507 0 93 0 0 14 0 1 55 0 0 2602 0 21 0 0 121 3887 4940 1015 4248 2742 425 1 75 68 346 4 0 2 431 0 109 169 0 768 0 0 0 0 0 0 0 0 
0 0 0 0 0 0 0 0 0 0 0 0 0 0 0 0 0 0 0 0 0 0 0 0 0 0 0 0 0 0 0 0 0 0 0 0 0 0 0 0 0 0 0 0 0 0 0 0 0 0 107 0 0 0 0 0 1191 4032 38 180 199 0 0 0 0 0 0 0 0 11 109 0 220 2 29 0 0 0 0 0 0 0 0 
0 0 0 0 0 0 1 0 0 0 0 1 0 0 0 0 0 1023 47 2 16 252 503 102 2418 0 0 0 46 18 0 0 0 25 438 2 1125 25 0 1976 0 354 1 0 1 0 0 68 0 0 0 0 6 0 3 496 483 548 481 86 3291 0 0 0 0 49 4 0 0 64 169 220 0 223 2439 0 0 0 0 0 0 0 2 
0 0 0 0 0 0 0 0 0 0 0 0 0 0 0 0 0 0 0 0 0 0 0 0 36 0 0 0 1 0 0 0 0 0 162 66 3 0 0 102 0 0 0 0 0 0 0 0 0 0 0 0 0 0 0 213 24 0 1 0 482 0 0 0 0 0 0 0 0 0 0 2 223 0 38 0 0 0 0 0 0 0 0 
0 0 0 1 0 0 0 0 0 0 0 12 0 0 0 0 0 1 0 0 0 0 0 0 236 0 0 1 0 0 0 0 0 14 144 599 50 0 0 99 0 1403 1112 3 322 874 1384 1133 1581 204 1623 0 561 3 470 20 2771 35 4994 707 1191 0 0 0 0 214 0 21 694 300 768 29 2439 38 0 145 0 31 0 6 2 0 1 
0 0 0 0 0 0 0 10 0 56 0 0 8 0 0 0 0 0 0 0 0 0 0 0 0 0 0 0 0 0 0 0 0 1 460 5870 0 0 0 0 0 159 423 0 0 730 70 3645 21251 0 12986 338 0 895 618 0 2123 0 3109 0 562 0 0 0 0 337 0 0 0 43 0 0 0 0 145 0 241 310 6 0 139 92 1730 
0 0 11 0 0 0 509 954 0 10 0 0 110 3 0 9 0 5 0 0 0 0 0 0 0 0 0 0 0 0 0 0 0 10 223 211 165 0 0 0 0 361 241 0 12 175 3 13780 570 0 17 0 29 939 4 0 0 0 0 0 0 0 0 0 0 0 0 0 0 0 0 0 0 0 0 241 0 3 0 0 0 0 11 
0 0 0 0 0 0 0 0 0 0 0 0 51 0 0 0 0 6 1 0 0 0 0 0 18 0 0 0 0 0 0 0 0 8 443 2585 15 0 0 121 0 617 5731 0 6 6984 1218 3617 23695 402 14399 0 29 649 869 21 4428 0 3707 0 616 0 0 0 0 271 0 69 0 13 0 0 0 0 31 310 3 0 6 0 6 0 4487 
0 0 0 0 0 0 0 0 0 0 0 0 4 0 0 0 0 0 0 0 0 0 0 0 0 0 0 0 0 0 0 0 0 1 0 9 0 0 0 2 0 48 209 0 0 679 29 826 30 0 3 0 3 13 0 0 2 0 1 0 0 0 0 0 0 246 0 138 56 16 0 0 0 0 0 6 0 6 0 1 0 0 2357 
0 0 0 0 0 0 0 0 0 0 0 0 0 0 0 0 0 0 0 0 0 0 0 0 0 0 0 0 0 0 0 0 0 6 0 0 0 0 0 0 0 5 0 0 12 0 0 202 0 0 0 0 21 0 0 0 0 0 0 0 0 0 0 0 0 1 0 0 0 0 0 0 0 0 6 0 0 0 1 0 0 0 0 
0 0 0 0 0 0 0 0 0 0 0 0 0 0 0 0 0 0 0 0 0 0 0 0 0 0 0 0 0 0 0 0 0 0 0 0 0 0 0 0 0 0 0 0 0 0 0 0 0 0 0 0 0 0 0 0 0 0 0 0 0 0 0 0 3 178 68 7 0 33 0 0 0 0 2 139 0 6 0 0 0 7 45 
0 0 0 0 0 0 0 0 0 0 0 0 0 0 0 0 0 0 0 0 0 0 0 0 0 0 0 0 0 0 0 0 0 0 0 0 0 0 0 0 0 0 0 0 0 0 0 0 0 0 0 0 0 0 0 0 0 0 0 0 0 0 0 0 0 5 0 52 203 0 0 0 0 0 0 92 0 0 0 0 7 0 5 
0 0 1 0 0 0 26 0 0 0 0 0 2 0 23 0 0 228 162 100 0 0 0 0 2 0 0 0 0 0 0 0 0 1 749 281 2593 9303 0 37 2 0 0 0 0 68 42 134 381 0 2414 0 0 25 149 7 703 0 1023 0 56 0 0 0 0 0 0 0 0 5 0 0 2 0 1 1730 11 4487 2357 0 45 5 0 
