0 46 4 1636 0 0 624 0 0 0 0 23 0 0 0 0 0 0 0 0 0 0 0 0 1 0 12 242 0 0 0 24 0 3122 0 31 176 0 19 0 0 0 0 0 0 0 0 0 0 0 0 0 0 0 0 0 0 0 0 0 0 0 0 0 0 0 0 0 0 0 0 0 0 0 0 0 0 0 0 0 0 0 0 
46 0 0 0 0 2 22 0 0 232 0 0 0 0 0 11 31 0 1 0 0 0 0 0 0 0 0 0 0 0 0 0 0 9699 0 0 348 0 0 0 0 0 0 0 0 0 0 0 0 0 0 0 0 0 0 0 0 0 0 0 0 0 0 0 0 0 0 0 0 0 0 0 0 0 0 0 0 0 0 0 0 0 0 
4 0 0 19 0 0 0 1 0 0 0 44 0 0 0 0 0 0 0 0 0 0 0 0 0 0 10 134 0 0 0 1 0 126 8 1406 570 1 0 0 0 508 0 0 0 0 0 967 0 0 0 0 0 0 0 0 0 0 0 0 0 0 0 0 0 0 0 0 0 0 0 0 0 0 0 0 0 0 0 0 0 0 0 
1636 0 19 0 0 0 0 0 0 0 0 36 0 0 0 0 0 0 0 0 0 0 0 0 7 0 17 182 0 0 0 22 0 712 0 846 713 0 201 0 0 3649 0 0 0 0 0 676 0 0 0 0 1 0 0 0 0 0 0 0 0 0 0 0 0 0 0 0 0 0 0 0 0 0 0 0 0 0 0 0 0 0 0 
0 0 0 0 0 1689 25 3 707 2458 0 0 0 0 0 1 0 0 0 0 0 0 0 0 0 0 0 0 0 0 0 0 0 1473 0 0 0 0 0 0 0 0 0 0 0 0 0 0 0 0 0 0 0 0 0 0 0 0 0 0 0 0 0 0 0 0 0 0 0 0 0 0 0 0 0 0 0 0 0 0 0 0 0 
0 2 0 0 1689 0 240 0 121 648 0 0 0 0 0 0 0 0 0 0 0 0 0 0 0 0 0 0 0 0 0 0 0 3 0 0 0 0 0 0 0 0 0 0 0 0 0 0 0 0 0 0 0 0 0 0 0 0 0 0 0 0 0 0 0 0 0 0 0 0 0 0 0 0 0 0 0 0 0 0 0 0 0 
624 22 0 0 25 240 0 982 2076 4146 0 1 113 0 0 2158 308 598 433 0 0 0 0 0 1 0 0 30 47 349 45 26 0 5744 4162 8724 11957 148 0 0 0 27 0 0 0 0 0 3095 953 0 0 0 0 0 0 0 0 0 0 0 0 0 0 0 0 0 0 0 0 0 0 0 0 0 0 0 0 0 0 0 0 0 219 
0 0 1 0 3 0 982 0 92 467 41 41 10187 5995 0 34 0 43 0 0 0 0 0 0 0 0 0 0 0 0 0 0 0 0 10096 465 3009 0 0 0 0 0 0 0 0 0 0 4906 14422 106 1 0 0 135 1194 0 0 0 0 0 0 0 0 0 0 0 0 0 0 0 0 0 0 0 0 0 0 0 0 0 0 0 0 
0 0 0 0 707 121 2076 92 0 3326 0 0 0 0 0 28 0 21 0 0 0 0 0 0 0 0 0 0 0 0 0 0 0 1 10 0 347 0 0 0 0 0 0 0 0 0 0 0 0 0 0 0 0 0 0 0 0 0 0 0 0 0 0 0 0 0 0 0 0 0 0 0 0 0 0 0 0 0 0 0 0 0 0 
0 232 0 0 2458 648 4146 467 3326 0 3346 0 0 7713 132 1373 1 4 11 0 0 0 0 0 0 0 0 0 0 8 0 0 0 1075 20410 942 6251 0 0 2 0 0 0 0 0 0 0 0 259 0 5 83 0 0 1044 62 0 0 0 0 0 0 0 0 0 0 0 0 0 0 0 0 0 0 0 0 0 0 0 0 0 0 0 
0 0 0 0 0 0 0 41 0 3346 0 0 0 1037 0 296 0 0 0 416 0 0 0 0 0 0 0 0 0 0 0 0 0 0 0 0 0 0 0 0 0 0 0 0 0 0 0 0 32 0 0 0 0 0 0 0 0 0 0 0 0 0 0 0 0 0 0 0 0 0 0 0 0 0 0 0 0 0 0 0 0 0 0 
23 0 44 36 0 0 1 41 0 0 0 0 0 0 0 0 0 0 0 0 0 0 0 0 0 0 0 0 0 0 0 0 0 0 0 0 0 0 4 0 0 1647 0 0 0 0 0 3438 0 0 0 0 0 0 0 0 0 0 0 0 0 0 0 0 0 0 0 0 0 0 0 0 0 0 0 0 0 0 0 0 0 0 0 
0 0 0 0 0 0 113 10187 0 0 0 0 0 0 0 0 0 0 0 0 0 0 0 0 0 0 0 0 0 0 0 0 0 0 0 0 0 0 0 0 0 0 0 0 0 0 0 229 46 0 0 0 0 0 0 0 0 0 0 0 0 0 0 0 0 0 0 0 0 0 0 0 0 0 0 0 0 0 0 0 0 0 0 
0 0 0 0 0 0 0 5995 0 7713 1037 0 0 0 0 2151 0 1695 1 365 0 0 0 0 0 0 0 0 0 0 0 0 0 0 5 124 0 0 0 3 0 0 0 0 0 0 0 0 187 0 0 19 0 0 0 0 0 0 0 0 1 0 0 0 0 0 0 0 0 0 0 0 0 0 0 0 0 0 0 0 0 0 0 
0 0 0 0 0 0 0 0 0 132 0 0 0 0 0 175 0 17094 211 2281 0 0 197 0 633 0 0 0 0 0 0 0 0 0 5 68 0 0 0 1031 0 0 0 0 0 0 0 0 0 0 0 0 0 0 0 0 0 0 24 0 141 70 0 0 0 0 0 0 0 0 0 0 0 0 0 0 0 0 0 0 0 0 0 
0 11 0 0 1 0 2158 34 28 1373 296 0 0 2151 175 0 154 1516 455 236 0 0 0 0 4 0 0 1 21 121 0 142 1 1207 6911 372 5705 0 0 2 0 0 0 0 0 0 0 0 0 0 0 0 0 0 0 0 0 0 0 0 0 0 0 0 0 0 0 0 0 0 0 0 0 0 0 0 0 0 0 0 0 0 2 
0 31 0 0 0 0 308 0 0 1 0 0 0 0 0 154 0 584 591 0 0 0 0 0 52 0 0 6 283 1158 353 518 2 1607 2 0 841 0 0 0 0 0 0 0 0 0 0 0 0 0 0 0 0 0 0 0 0 0 0 0 0 0 0 0 0 0 0 0 0 0 0 0 0 0 0 0 0 0 0 0 0 0 4 
0 0 0 0 0 0 598 43 21 4 0 0 0 1695 17094 1516 584 0 2438 3667 194 19 201 420 138 85 0 0 0 0 0 2 0 8 886 26 2754 0 0 1898 0 0 0 0 0 0 0 0 0 0 0 0 0 0 0 154 0 0 1554 0 2104 0 0 1 0 0 0 0 0 0 0 0 0 0 0 0 0 0 0 0 0 0 0 
0 1 0 0 0 0 433 0 0 11 0 0 0 1 211 455 591 2438 0 0 0 0 530 0 1575 0 0 0 1903 755 245 3 0 31 413 5 3744 5 0 1407 0 0 0 0 0 0 0 0 0 0 0 0 0 0 2 5 0 0 0 0 51 0 0 0 0 0 0 0 0 0 0 0 0 0 0 0 0 0 0 0 0 0 3 
0 0 0 0 0 0 0 0 0 0 416 0 0 365 2281 236 0 3667 0 0 4 12 0 1701 1 0 0 0 0 0 0 0 0 0 0 0 0 0 0 0 0 0 0 0 0 0 0 0 0 0 0 0 0 0 0 0 0 0 0 0 0 0 0 0 0 0 0 0 0 0 0 0 0 0 0 0 0 0 0 0 0 0 0 
0 0 0 0 0 0 0 0 0 0 0 0 0 0 0 0 0 194 0 4 0 329 7 2932 53 0 0 0 0 0 0 0 0 0 0 0 0 0 0 0 0 0 0 0 0 0 0 0 0 0 0 0 0 0 0 0 0 0 1 0 0 0 35 0 1 0 0 0 0 0 0 0 0 0 0 0 0 0 0 0 0 0 0 
0 0 0 0 0 0 0 0 0 0 0 0 0 0 0 0 0 19 0 12 329 0 0 627 573 0 0 0 0 0 0 0 0 0 0 0 0 0 0 0 0 0 0 0 0 0 0 0 0 0 0 0 0 0 0 0 0 0 0 0 0 0 0 0 0 0 0 0 0 0 0 0 0 0 0 0 0 0 0 0 0 0 0 
0 0 0 0 0 0 0 0 0 0 0 0 0 0 197 0 0 201 530 0 7 0 0 211 11221 0 0 0 394 33 0 0 0 0 0 0 0 0 0 1612 0 0 0 0 0 0 0 0 0 0 0 0 0 0 0 8 0 0 430 4 3051 0 0 67 0 0 0 0 0 0 0 0 0 0 0 0 0 0 0 0 0 0 0 
0 0 0 0 0 0 0 0 0 0 0 0 0 0 0 0 0 420 0 1701 2932 627 211 0 505 6 0 0 0 0 0 0 0 0 0 0 0 0 0 0 0 0 0 0 0 0 0 0 0 0 0 0 0 0 0 0 0 0 0 0 0 0 0 0 0 0 0 0 0 0 0 0 0 0 0 0 0 0 0 0 1 0 0 
1 0 0 7 0 0 1 0 0 0 0 0 0 0 633 4 52 138 1575 1 53 573 11221 505 0 30 0 0 182 203 48 44 0 124 0 0 1072 214 0 10 0 5 0 0 1 0 0 0 0 0 0 0 0 0 0 151 0 0 351 37 1485 2 0 2267 0 0 0 0 0 561 266 0 81 0 131 1 0 1 1 0 0 0 0 
0 0 0 0 0 0 0 0 0 0 0 0 0 0 0 0 0 85 0 0 0 0 0 6 30 0 1 0 0 0 0 0 0 15 0 0 69 7 0 13 12 0 0 0 0 0 0 0 0 0 0 0 0 0 0 0 0 0 0 0 0 0 0 0 0 0 0 0 0 0 0 0 0 0 0 0 0 0 0 0 0 0 0 
12 0 10 17 0 0 0 0 0 0 0 0 0 0 0 0 0 0 0 0 0 0 0 0 0 1 0 0 0 0 0 14 0 36 0 0 238 33 0 23 1 0 0 0 0 0 0 0 0 0 0 0 0 0 0 0 0 0 0 0 0 0 0 0 0 0 0 0 0 0 0 0 0 0 0 0 0 0 0 0 0 0 0 
242 0 134 182 0 0 30 0 0 0 0 0 0 0 0 1 6 0 0 0 0 0 0 0 0 0 0 0 6 20 0 179 0 151 0 0 176 0 0 0 0 0 0 0 0 0 0 0 0 0 0 0 0 0 0 0 0 0 0 0 0 0 0 0 0 0 0 0 0 0 0 0 0 0 0 0 0 0 0 0 0 0 0 
0 0 0 0 0 0 47 0 0 0 0 0 0 0 0 21 283 0 1903 0 0 0 394 0 182 0 0 6 0 1038 1125 366 0 135 0 0 486 0 0 0 0 0 0 0 0 0 0 0 0 0 0 0 0 0 0 0 0 0 0 0 0 0 0 0 0 0 0 0 0 0 0 0 0 0 0 0 0 0 0 0 0 0 0 
0 0 0 0 0 0 349 0 0 8 0 0 0 0 0 121 1158 0 755 0 0 0 33 0 203 0 0 20 1038 0 44 260 0 180 0 0 3426 0 0 0 0 0 0 0 0 0 0 0 0 0 0 0 0 0 0 0 0 0 0 0 0 0 0 0 0 0 0 0 0 0 0 0 0 0 0 0 0 0 0 0 0 0 0 
0 0 0 0 0 0 45 0 0 0 0 0 0 0 0 0 353 0 245 0 0 0 0 0 48 0 0 0 1125 44 0 237 0 75 0 0 132 0 0 0 0 0 0 0 0 0 0 0 0 0 0 0 0 0 0 0 0 0 0 0 0 0 0 0 0 0 0 0 0 0 0 0 0 0 0 0 0 0 0 0 0 0 0 
24 0 1 22 0 0 26 0 0 0 0 0 0 0 0 142 518 2 3 0 0 0 0 0 44 0 14 179 366 260 237 0 50 87 6 0 420 0 0 0 0 0 0 0 0 0 0 0 0 0 0 0 0 0 0 0 0 0 0 0 0 0 0 0 0 0 0 0 0 0 0 0 0 0 0 0 0 0 0 0 0 0 13 
0 0 0 0 0 0 0 0 0 0 0 0 0 0 0 1 2 0 0 0 0 0 0 0 0 0 0 0 0 0 0 50 0 58 0 0 221 0 0 0 0 0 0 0 0 0 0 0 0 0 0 0 0 0 0 0 0 0 0 0 0 0 0 0 0 0 0 0 0 0 0 0 0 0 0 0 0 0 0 0 0 0 4 
3122 9699 126 712 1473 3 5744 0 1 1075 0 0 0 0 0 1207 1607 8 31 0 0 0 0 0 124 15 36 151 135 180 75 87 58 0 1 0 820 6 0 0 0 0 0 0 0 0 0 0 0 0 0 0 0 0 0 0 0 0 0 0 0 0 0 0 0 0 0 0 0 0 0 0 0 0 0 0 0 0 0 0 0 0 7 
0 0 8 0 0 0 4162 10096 10 20410 0 0 0 5 5 6911 2 886 413 0 0 0 0 0 0 0 0 0 0 0 0 6 0 1 0 14 58 81 0 260 175 0 0 0 0 0 0 0 970 0 0 0 0 0 0 0 0 0 17 0 14 26 0 5 0 0 0 0 0 0 0 0 0 0 0 0 0 0 0 0 0 0 314 
31 0 1406 846 0 0 8724 465 0 942 0 0 0 124 68 372 0 26 5 0 0 0 0 0 0 0 0 0 0 0 0 0 0 0 14 0 21 0 0 2 0 0 0 0 0 0 0 0 10 0 0 0 0 0 15 1 0 0 0 0 159 0 0 0 0 0 0 0 0 0 0 0 0 0 0 3 0 0 0 0 0 0 0 
176 348 570 713 0 0 11957 3009 347 6251 0 0 0 0 0 5705 841 2754 3744 0 0 0 0 0 1072 69 238 176 486 3426 132 420 221 820 58 21 0 0 0 6 0 0 0 0 0 0 0 0 0 0 0 0 0 0 0 0 0 0 0 0 0 0 0 0 0 0 0 0 0 0 0 0 0 0 0 0 0 0 0 0 0 0 940 
0 0 1 0 0 0 148 0 0 0 0 0 0 0 0 0 0 0 5 0 0 0 0 0 214 7 33 0 0 0 0 0 0 6 81 0 0 0 0 0 3 0 0 0 0 0 0 0 0 0 0 0 0 0 0 0 0 0 0 0 0 0 0 0 0 0 0 0 0 0 0 0 0 0 0 0 0 0 0 0 0 0 5037 
19 0 0 201 0 0 0 0 0 0 0 4 0 0 0 0 0 0 0 0 0 0 0 0 0 0 0 0 0 0 0 0 0 0 0 0 0 0 0 0 0 0 0 0 0 0 0 0 0 0 0 0 0 0 0 0 0 0 0 0 0 0 0 0 0 0 0 0 0 0 0 0 0 0 0 0 0 0 0 0 0 0 0 
0 0 0 0 0 0 0 0 0 2 0 0 0 3 1031 2 0 1898 1407 0 0 0 1612 0 10 13 23 0 0 0 0 0 0 0 260 2 6 0 0 0 40 9 0 0 0 0 0 0 0 0 0 0 0 0 2 103 0 0 2 0 513 43 0 10 0 0 0 0 0 82 53 0 38 0 186 1 0 3 3 0 0 0 89 
0 0 0 0 0 0 0 0 0 0 0 0 0 0 0 0 0 0 0 0 0 0 0 0 0 12 1 0 0 0 0 0 0 0 175 0 0 3 0 40 0 0 0 0 0 0 0 0 0 0 0 0 0 0 0 0 0 0 0 0 0 0 0 0 0 0 0 0 0 0 0 0 0 0 0 0 0 0 0 0 0 0 0 
0 0 508 3649 0 0 27 0 0 0 0 1647 0 0 0 0 0 0 0 0 0 0 0 0 5 0 0 0 0 0 0 0 0 0 0 0 0 0 0 9 0 0 138 0 1355 202 0 0 0 0 0 0 2958 0 0 0 0 0 1 0 88 0 0 0 0 2 0 0 0 8 4 0 0 0 379 29 1335 2400 0 302 2 0 0 
0 0 0 0 0 0 0 0 0 0 0 0 0 0 0 0 0 0 0 0 0 0 0 0 0 0 0 0 0 0 0 0 0 0 0 0 0 0 0 0 0 138 0 0 0 0 0 9 0 0 0 0 0 0 0 0 0 0 0 0 0 0 0 0 0 0 0 0 0 0 0 0 0 0 842 53 1030 7281 262 0 0 0 2 
0 0 0 0 0 0 0 0 0 0 0 0 0 0 0 0 0 0 0 0 0 0 0 0 0 0 0 0 0 0 0 0 0 0 0 0 0 0 0 0 0 0 0 0 95 0 0 0 0 0 0 0 75 0 0 0 0 0 0 0 0 0 0 0 0 0 0 0 0 0 0 0 0 0 0 0 0 0 0 0 0 0 0 
0 0 0 0 0 0 0 0 0 0 0 0 0 0 0 0 0 0 0 0 0 0 0 0 1 0 0 0 0 0 0 0 0 0 0 0 0 0 0 0 0 1355 0 95 0 0 0 92 1 0 0 0 101 0 0 0 0 0 0 0 32 0 0 0 0 89 0 11 52 299 0 0 0 0 0 86 0 5 0 0 0 0 0 
0 0 0 0 0 0 0 0 0 0 0 0 0 0 0 0 0 0 0 0 0 0 0 0 0 0 0 0 0 0 0 0 0 0 0 0 0 0 0 0 0 202 0 0 0 0 5 167 7 1 347 0 0 0 0 0 0 0 0 0 0 0 0 0 0 0 0 0 0 0 0 0 0 0 1480 1 5 3813 6 0 0 0 0 
0 0 0 0 0 0 0 0 0 0 0 0 0 0 0 0 0 0 0 0 0 0 0 0 0 0 0 0 0 0 0 0 0 0 0 0 0 0 0 0 0 0 0 0 0 5 0 10 43 37 7325 0 0 0 0 0 3 0 20 99 0 0 0 0 0 0 0 0 0 0 31 23 0 0 4 0 0 34 0 0 0 0 0 
0 0 967 676 0 0 3095 4906 0 0 0 3438 229 0 0 0 0 0 0 0 0 0 0 0 0 0 0 0 0 0 0 0 0 0 0 0 0 0 0 0 0 0 9 0 92 167 10 0 232 321 1729 0 3418 1148 0 0 0 0 0 0 0 0 0 0 0 0 0 0 0 0 0 0 0 0 2971 762 10110 7996 296 0 0 0 193 
0 0 0 0 0 0 953 14422 0 259 32 0 46 187 0 0 0 0 0 0 0 0 0 0 0 0 0 0 0 0 0 0 0 0 970 10 0 0 0 0 0 0 0 0 1 7 43 232 0 348 533 713 1161 7272 972 0 0 0 0 0 0 0 0 0 0 0 0 0 0 0 0 0 0 0 293 8735 3011 8300 0 0 0 0 3333 
0 0 0 0 0 0 0 106 0 0 0 0 0 0 0 0 0 0 0 0 0 0 0 0 0 0 0 0 0 0 0 0 0 0 0 0 0 0 0 0 0 0 0 0 0 1 37 321 348 0 5135 0 0 0 0 0 0 0 0 0 0 0 0 0 0 0 0 0 0 0 0 0 0 0 812 139 166 562 0 0 0 0 2 
0 0 0 0 0 0 0 1 0 5 0 0 0 0 0 0 0 0 0 0 0 0 0 0 0 0 0 0 0 0 0 0 0 0 0 0 0 0 0 0 0 0 0 0 0 347 7325 1729 533 5135 0 851 0 0 120 0 364 13 1478 3136 33 0 0 0 0 0 0 0 0 40 1273 494 39 56 10059 12760 932 16535 0 0 0 0 499 
0 0 0 0 0 0 0 0 0 83 0 0 0 19 0 0 0 0 0 0 0 0 0 0 0 0 0 0 0 0 0 0 0 0 0 0 0 0 0 0 0 0 0 0 0 0 0 0 713 0 851 0 0 0 1804 0 154 0 0 0 7 0 0 0 0 0 0 0 0 0 0 0 0 0 0 153 36 1 0 0 0 0 2 
0 0 0 1 0 0 0 0 0 0 0 0 0 0 0 0 0 0 0 0 0 0 0 0 0 0 0 0 0 0 0 0 0 0 0 0 0 0 0 0 0 2958 0 75 101 0 0 3418 1161 0 0 0 0 0 0 0 0 0 0 0 0 0 0 0 0 0 0 0 0 0 0 0 0 0 0 0 0 0 0 0 0 0 0 
0 0 0 0 0 0 0 135 0 0 0 0 0 0 0 0 0 0 0 0 0 0 0 0 0 0 0 0 0 0 0 0 0 0 0 0 0 0 0 0 0 0 0 0 0 0 0 1148 7272 0 0 0 0 0 0 0 0 0 0 0 0 0 0 0 0 0 0 0 0 0 0 0 0 0 0 0 0 0 0 0 0 0 0 
0 0 0 0 0 0 0 1194 0 1044 0 0 0 0 0 0 0 0 2 0 0 0 0 0 0 0 0 0 0 0 0 0 0 0 0 15 0 0 0 2 0 0 0 0 0 0 0 0 972 0 120 1804 0 0 0 6 0 0 0 0 2532 0 0 0 0 0 0 0 0 0 0 0 0 0 0 4 0 0 0 0 0 0 0 
0 0 0 0 0 0 0 0 0 62 0 0 0 0 0 0 0 154 5 0 0 0 8 0 151 0 0 0 0 0 0 0 0 0 0 1 0 0 0 103 0 0 0 0 0 0 0 0 0 0 0 0 0 0 6 0 0 0 6 0 2661 100 0 0 0 0 5 0 0 7 1 0 0 0 0 0 0 0 0 0 0 0 0 
0 0 0 0 0 0 0 0 0 0 0 0 0 0 0 0 0 0 0 0 0 0 0 0 0 0 0 0 0 0 0 0 0 0 0 0 0 0 0 0 0 0 0 0 0 0 3 0 0 0 364 154 0 0 0 0 0 309 1994 1133 23 0 0 0 0 0 0 0 0 68 1572 453 276 22 2890 1135 110 1425 0 0 0 0 195 
0 0 0 0 0 0 0 0 0 0 0 0 0 0 0 0 0 0 0 0 0 0 0 0 0 0 0 0 0 0 0 0 0 0 0 0 0 0 0 0 0 0 0 0 0 0 0 0 0 0 13 0 0 0 0 0 309 0 992 198 4 0 0 0 0 0 0 0 0 1 1709 2256 163 0 253 0 0 0 0 0 0 0 0 
0 0 0 0 0 0 0 0 0 0 0 0 0 0 24 0 0 1554 0 0 1 0 430 0 351 0 0 0 0 0 0 0 0 0 17 0 0 0 0 2 0 1 0 0 0 0 20 0 0 0 1478 0 0 0 0 6 1994 992 0 3404 417 5 41 1120 8 0 0 0 0 2097 1441 18 1294 26 884 290 25 515 0 0 0 0 82 
0 0 0 0 0 0 0 0 0 0 0 0 0 0 0 0 0 0 0 0 0 0 4 0 37 0 0 0 0 0 0 0 0 0 0 0 0 0 0 0 0 0 0 0 0 0 99 0 0 0 3136 0 0 0 0 0 1133 198 3404 0 411 47 0 94 0 0 0 0 0 596 87 504 0 0 64 0 0 0 0 0 0 0 0 
0 0 0 0 0 0 0 0 0 0 0 0 0 1 141 0 0 2104 51 0 0 0 3051 0 1485 0 0 0 0 0 0 0 0 0 14 159 0 0 0 513 0 88 0 0 32 0 0 0 0 0 33 7 0 0 2532 2661 23 4 417 411 0 2 0 1340 0 2 23 0 0 1396 1844 0 2528 235 3631 915 7 7039 325 0 10 1 218 
0 0 0 0 0 0 0 0 0 0 0 0 0 0 70 0 0 0 0 0 0 0 0 0 2 0 0 0 0 0 0 0 0 0 26 0 0 0 0 43 0 0 0 0 0 0 0 0 0 0 0 0 0 0 0 100 0 0 5 47 2 0 467 12 1223 36 392 0 0 839 1 0 0 0 0 0 0 0 0 0 563 0 0 
0 0 0 0 0 0 0 0 0 0 0 0 0 0 0 0 0 0 0 0 35 0 0 0 0 0 0 0 0 0 0 0 0 0 0 0 0 0 0 0 0 0 0 0 0 0 0 0 0 0 0 0 0 0 0 0 0 0 41 0 0 467 0 27 58 369 53 0 0 1006 0 0 0 0 0 0 0 0 0 0 34 0 0 
0 0 0 0 0 0 0 0 0 0 0 0 0 0 0 0 0 1 0 0 0 0 67 0 2267 0 0 0 0 0 0 0 0 0 5 0 0 0 0 10 0 0 0 0 0 0 0 0 0 0 0 0 0 0 0 0 0 0 1120 94 1340 12 27 0 91 1568 0 0 0 10349 152 0 0 0 0 0 0 0 0 0 0 0 0 
0 0 0 0 0 0 0 0 0 0 0 0 0 0 0 0 0 0 0 0 1 0 0 0 0 0 0 0 0 0 0 0 0 0 0 0 0 0 0 0 0 0 0 0 0 0 0 0 0 0 0 0 0 0 0 0 0 0 8 0 0 1223 58 91 0 1204 93 0 0 2123 0 0 0 0 0 0 0 0 0 0 1 0 0 
0 0 0 0 0 0 0 0 0 0 0 0 0 0 0 0 0 0 0 0 0 0 0 0 0 0 0 0 0 0 0 0 0 0 0 0 0 0 0 0 0 2 0 0 89 0 0 0 0 0 0 0 0 0 0 0 0 0 0 0 2 36 369 1568 1204 0 259 0 0 1924 9 0 8 0 268 45 0 37 45 0 131 27 0 
0 0 0 0 0 0 0 0 0 0 0 0 0 0 0 0 0 0 0 0 0 0 0 0 0 0 0 0 0 0 0 0 0 0 0 0 0 0 0 0 0 0 0 0 0 0 0 0 0 0 0 0 0 0 0 5 0 0 0 0 23 392 53 0 93 259 0 0 0 108 0 0 0 0 0 6 0 0 0 0 56 0 0 
0 0 0 0 0 0 0 0 0 0 0 0 0 0 0 0 0 0 0 0 0 0 0 0 0 0 0 0 0 0 0 0 0 0 0 0 0 0 0 0 0 0 0 0 11 0 0 0 0 0 0 0 0 0 0 0 0 0 0 0 0 0 0 0 0 0 0 0 0 0 0 0 0 0 86 0 0 0 0 0 10 0 0 
0 0 0 0 0 0 0 0 0 0 0 0 0 0 0 0 0 0 0 0 0 0 0 0 0 0 0 0 0 0 0 0 0 0 0 0 0 0 0 0 0 0 0 0 52 0 0 0 0 0 0 0 0 0 0 0 0 0 0 0 0 0 0 0 0 0 0 0 0 0 213 0 295 0 1410 0 0 0 0 0 0 2 0 
0 0 0 0 0 0 0 0 0 0 0 0 0 0 0 0 0 0 0 0 0 0 0 0 561 0 0 0 0 0 0 0 0 0 0 0 0 0 0 82 0 8 0 0 299 0 0 0 0 0 40 0 0 0 0 7 68 1 2097 596 1396 839 1006 10349 2123 1924 108 0 0 0 467 0 57 0 994 0 0 7 19 0 38 32 0 
0 0 0 0 0 0 0 0 0 0 0 0 0 0 0 0 0 0 0 0 0 0 0 0 266 0 0 0 0 0 0 0 0 0 0 0 0 0 0 53 0 4 0 0 0 0 31 0 0 0 1273 0 0 0 0 1 1572 1709 1441 87 1844 1 0 152 0 9 0 0 213 467 0 64 115 0 393 0 0 0 0 0 0 0 0 
0 0 0 0 0 0 0 0 0 0 0 0 0 0 0 0 0 0 0 0 0 0 0 0 0 0 0 0 0 0 0 0 0 0 0 0 0 0 0 0 0 0 0 0 0 0 23 0 0 0 494 0 0 0 0 0 453 2256 18 504 0 0 0 0 0 0 0 0 0 0 64 0 20 0 86 0 0 0 0 0 0 0 0 
0 0 0 0 0 0 0 0 0 0 0 0 0 0 0 0 0 0 0 0 0 0 0 0 81 0 0 0 0 0 0 0 0 0 0 0 0 0 0 38 0 0 0 0 0 0 0 0 0 0 39 0 0 0 0 0 276 163 1294 0 2528 0 0 0 0 8 0 0 295 57 115 20 0 135 421 0 0 0 0 0 0 0 0 
0 0 0 0 0 0 0 0 0 0 0 0 0 0 0 0 0 0 0 0 0 0 0 0 0 0 0 0 0 0 0 0 0 0 0 0 0 0 0 0 0 0 0 0 0 0 0 0 0 0 56 0 0 0 0 0 22 0 26 0 235 0 0 0 0 0 0 0 0 0 0 0 135 0 108 0 0 0 0 0 0 0 0 
0 0 0 0 0 0 0 0 0 0 0 0 0 0 0 0 0 0 0 0 0 0 0 0 131 0 0 0 0 0 0 0 0 0 0 0 0 0 0 186 0 379 842 0 0 1480 4 2971 293 812 10059 0 0 0 0 0 2890 253 884 64 3631 0 0 0 0 268 0 86 1410 994 393 86 421 108 0 33 0 167 0 0 0 0 0 
0 0 0 0 0 0 0 0 0 0 0 0 0 0 0 0 0 0 0 0 0 0 0 0 1 0 0 0 0 0 0 0 0 0 0 3 0 0 0 1 0 29 53 0 86 1 0 762 8735 139 12760 153 0 0 4 0 1135 0 290 0 915 0 0 0 0 45 6 0 0 0 0 0 0 0 33 0 47 121 13 0 98 6 440 
0 0 0 0 0 0 0 0 0 0 0 0 0 0 0 0 0 0 0 0 0 0 0 0 0 0 0 0 0 0 0 0 0 0 0 0 0 0 0 0 0 1335 1030 0 0 5 0 10110 3011 166 932 36 0 0 0 0 110 0 25 0 7 0 0 0 0 0 0 0 0 0 0 0 0 0 0 47 0 0 0 0 0 0 538 
0 0 0 0 0 0 0 0 0 0 0 0 0 0 0 0 0 0 0 0 0 0 0 0 1 0 0 0 0 0 0 0 0 0 0 0 0 0 0 3 0 2400 7281 0 5 3813 34 7996 8300 562 16535 1 0 0 0 0 1425 0 515 0 7039 0 0 0 0 37 0 0 0 7 0 0 0 0 167 121 0 0 10 0 0 0 3574 
0 0 0 0 0 0 0 0 0 0 0 0 0 0 0 0 0 0 0 0 0 0 0 0 1 0 0 0 0 0 0 0 0 0 0 0 0 0 0 3 0 0 262 0 0 6 0 296 0 0 0 0 0 0 0 0 0 0 0 0 325 0 0 0 0 45 0 0 0 19 0 0 0 0 0 13 0 10 0 0 3 0 4087 
0 0 0 0 0 0 0 0 0 0 0 0 0 0 0 0 0 0 0 0 0 0 0 0 0 0 0 0 0 0 0 0 0 0 0 0 0 0 0 0 0 302 0 0 0 0 0 0 0 0 0 0 0 0 0 0 0 0 0 0 0 0 0 0 0 0 0 0 0 0 0 0 0 0 0 0 0 0 0 0 0 0 0 
0 0 0 0 0 0 0 0 0 0 0 0 0 0 0 0 0 0 0 0 0 0 0 1 0 0 0 0 0 0 0 0 0 0 0 0 0 0 0 0 0 2 0 0 0 0 0 0 0 0 0 0 0 0 0 0 0 0 0 0 10 563 34 0 1 131 56 10 0 38 0 0 0 0 0 98 0 0 3 0 0 1 12 
0 0 0 0 0 0 0 0 0 0 0 0 0 0 0 0 0 0 0 0 0 0 0 0 0 0 0 0 0 0 0 0 0 0 0 0 0 0 0 0 0 0 0 0 0 0 0 0 0 0 0 0 0 0 0 0 0 0 0 0 1 0 0 0 0 27 0 0 2 32 0 0 0 0 0 6 0 0 0 0 1 0 0 
0 0 0 0 0 0 219 0 0 0 0 0 0 0 0 2 4 0 3 0 0 0 0 0 0 0 0 0 0 0 0 13 4 7 314 0 940 5037 0 89 0 0 2 0 0 0 0 193 3333 2 499 2 0 0 0 0 195 0 82 0 218 0 0 0 0 0 0 0 0 0 0 0 0 0 0 440 538 3574 4087 0 12 0 0 
