0.53333333
0.42222222
0.0
0.33333333
0.36111111
0.46666667
0.31111111
0.6
0.66666667
1.0
0.28888889
0.0
1.0
0.56410256
0.23809524
0.28571429
0.5
0.6
0.36111111
0.6
0.0
0.5
0.5
0.3
0.0
0.46428571
0.33333333
0.30833333
0.0
0.34285714
0.42857143
0.66666667
0.0
0.73333333
0.7
0.26666667
0.0
1.0
1.0
0.0
0.5
0.33333333
0.0
0.4
0.16666667
0.0
0.66666667
0.0
0.40952381
0.32727273
0.5
0.26373626
0.0
0.57142857
0.38095238
0.66666667
0.22222222
0.7
0.76190476
0.46666667
0.66666667
0.0
0.38095238
0.0
0.16666667
0.5
0.3
1.0
0.33333333
0.53333333
0.8
0.39393939
0.375
0.37777778
0.39285714
0.6
0.23809524
