2.3875
2.04938272
2.3902439
2.5
2.48780488
2.11538462
2.01234568
2.01219512
2.04938272
2.0617284
1.7654321
2.40243902
2.24390244
1.90243902
2.49367089
2.55555556
2.04878049
2.1
1.81707317
2.06097561
2.50617284
1.9625
2.18518519
2.33333333
1.91463415
2.1097561
2.19753086
2.80487805
2.13414634
2.17073171
1.92682927
1.86585366
2.15853659
2.67073171
2.08974359
2.01219512
2.4
2.04938272
2.02439024
2.51219512
1.97530864
2.175
2.3125
2.20731707
2.0
2.45679012
2.64634146
2.18518519
2.55555556
1.9875
2.7037037
1.93902439
2.7125
2.18518519
2.32926829
2.08860759
2.56790123
2.67901235
2.37037037
1.7804878
1.83950617
2.39506173
2.13414634
2.3902439
2.8
2.34567901
2.12345679
2.91139241
2.16049383
2.42682927
2.20731707
2.14634146
2.06097561
1.80487805
2.03658537
2.27160494
2.39506173
