0.36363636
0.2
0.23809524
0.1969697
0.23636364
0.16666667
0.225
0.27205882
0.20430108
0.27173913
0.325
0.46666667
0.33333333
0.31333333
0.15555556
0.24242424
0.37142857
0.25641026
0.20915033
0.22167488
0.16450216
0.14285714
0.27941176
0.15384615
0.14102564
0.26780627
0.35263158
0.25714286
0.2748538
0.24630542
0.23529412
0.18571429
0.17948718
0.45714286
0.18095238
0.20588235
0.08333333
0.16666667
0.16666667
0.18382353
0.37142857
0.15151515
0.17368421
0.20952381
0.25454545
0.28888889
0.26666667
0.27272727
0.36363636
0.21904762
0.38461538
0.28333333
0.28571429
0.14285714
0.38562092
0.25
0.19047619
0.41666667
0.29846154
0.29411765
0.34769231
0.18095238
0.26842105
0.08571429
0.0
0.22857143
0.38461538
0.41666667
0.17857143
0.29344729
0.28571429
0.33823529
0.41666667
0.34153846
0.22727273
0.225
0.16666667
