2.3
2.22222222
2.13414634
2.82926829
2.5
2.38461538
2.50617284
2.3902439
2.18518519
2.62962963
2.32098765
2.47560976
2.81707317
1.91463415
2.50632911
2.80246914
2.24390244
2.0375
2.35365854
2.09756098
2.71604938
2.175
2.56790123
2.02469136
2.31707317
2.17073171
2.39506173
2.43902439
2.3902439
2.40243902
2.17073171
2.32926829
2.17073171
2.17073171
2.08974359
2.32926829
3.075
2.88888889
2.74390244
2.40243902
2.18518519
2.3125
2.25
2.58536585
2.11111111
2.75308642
2.5
2.39506173
2.32098765
2.1
2.58024691
1.92682927
2.3875
2.35802469
3.01219512
2.17721519
2.14814815
1.9382716
2.14814815
1.84146341
2.17283951
2.45679012
2.29268293
2.65853659
3.1
2.40740741
2.44444444
2.24050633
2.72839506
1.87804878
2.25609756
2.2195122
2.26829268
2.3902439
2.41463415
2.50617284
2.13580247
