2.025
1.80246914
1.86585366
2.35365854
2.59756098
1.94871795
1.86419753
2.15853659
2.0
2.08641975
1.86419753
2.06097561
1.86585366
1.74390244
2.05063291
2.03703704
1.7195122
2.025
1.93902439
1.69512195
2.51851852
1.7625
2.35802469
2.43209877
2.34146341
2.24390244
1.74074074
1.90243902
1.80487805
1.69512195
2.04878049
2.06097561
1.93902439
2.84146341
1.94871795
2.12195122
2.2875
2.0617284
2.62195122
1.82926829
2.20987654
2.0875
1.9625
2.08536585
2.40740741
2.64197531
2.76829268
2.03703704
1.82716049
2.125
2.01234568
1.84146341
3.025
2.16049383
1.95121951
2.20253165
2.24691358
2.25925926
1.7037037
1.54878049
1.75308642
2.14814815
2.08536585
1.86585366
2.6
2.35802469
1.97530864
1.89873418
1.95061728
1.64634146
1.79268293
1.59756098
1.8902439
1.87804878
2.04878049
2.08641975
1.7654321
