0.5
0.32307692
0.31428571
0.53333333
0.37777778
0.19047619
0.27272727
0.41818182
0.11111111
0.28571429
0.33333333
0.30833333
0.31578947
0.23809524
0.13333333
0.0
0.45454545
0.5
0.4
0.41818182
0.37908497
0.43382353
0.46666667
0.46666667
0.27272727
0.2
0.31111111
0.5
0.2875817
0.39047619
0.39705882
0.25735294
0.32352941
0.57142857
0.21428571
0.22222222
0.32026144
0.36363636
1.0
0.36111111
0.23646724
0.29090909
0.25132275
0.13333333
0.32748538
0.3047619
0.33333333
0.32163743
0.52564103
0.46666667
0.42105263
0.20512821
0.29487179
0.42424242
0.46428571
0.53333333
0.33333333
0.6
0.48888889
0.34615385
0.31527094
0.2
0.29090909
0.27777778
0.35714286
0.38095238
0.27666667
0.46153846
0.27586207
0.22222222
0.64285714
0.40229885
0.27205882
0.31578947
0.38528139
0.26406926
0.20512821
