0.5
0.33666667
0.58974359
0.33333333
0.38888889
0.45454545
0.36842105
0.3956044
0.15555556
0.375
0.31034483
0.47435897
0.46428571
0.31623932
0.37179487
0.48717949
0.34761905
0.6
0.31818182
0.3
0.27472527
0.47619048
0.24444444
0.23809524
0.4
0.60606061
0.47222222
0.45714286
0.41666667
0.256917
0.41578947
0.25641026
0.32142857
0.38461538
0.36666667
0.41818182
0.4
0.44852941
0.0
0.32679739
0.47619048
0.25274725
1.0
0.22222222
0.31372549
0.45454545
0.57142857
0.30735931
0.27248677
0.37142857
0.35238095
0.47252747
1.0
0.39473684
0.61538462
0.46666667
0.58333333
0.76190476
0.26666667
0.36190476
0.26900585
0.38181818
0.59090909
0.19444444
0.33333333
0.24736842
0.30409357
0.27777778
0.36842105
0.38043478
0.4952381
0.33048433
0.24242424
0.58169935
0.25
0.38333333
0.26108374
