2.6
2.0617284
2.13414634
2.40243902
1.92682927
1.97435897
1.88888889
2.12195122
2.2962963
2.03703704
2.04938272
2.45121951
1.97560976
1.79268293
1.89873418
2.0617284
2.09756098
2.225
2.26829268
2.26829268
1.92592593
2.2625
2.01234568
1.98765432
2.15853659
2.25609756
2.38271605
2.30487805
2.59756098
2.04878049
1.93902439
1.95121951
2.79268293
1.74390244
2.01282051
2.06097561
2.475
1.86419753
2.24390244
2.29268293
2.04938272
2.0375
2.225
1.98780488
2.07407407
1.90123457
2.06097561
1.86419753
2.20987654
1.7875
1.92592593
1.97560976
3.0
1.83950617
2.23170732
2.37974684
1.80246914
1.97530864
2.40740741
1.7804878
2.18518519
2.20987654
2.14634146
2.40243902
3.0125
1.69135802
2.0617284
1.93670886
1.77777778
2.08536585
1.73170732
1.84146341
1.82926829
1.85365854
1.96341463
2.16049383
1.77777778
