0.33333333
0.29824561
0.5
0.25757576
0.4
0.0
0.29090909
0.33333333
0.0
0.5
0.66666667
0.28571429
0.26666667
0.52727273
0.0
0.16666667
0.41666667
0.40659341
0.33333333
1.0
0.0
0.0
0.0
0.60714286
0.53333333
0.26666667
0.66666667
0.46666667
0.38095238
0.27777778
0.46666667
0.4
0.0
0.8
0.0
0.38095238
0.0
0.48888889
0.16666667
0.4
0.66666667
0.66666667
0.27472527
0.4
0.33333333
0.21428571
0.57142857
0.47619048
0.47619048
0.425
0.3
0.37878788
0.0
1.0
0.49090909
0.0
0.28985507
0.66666667
0.61904762
0.4
0.53333333
0.4
0.23076923
0.6
0.4
0.36363636
0.0
0.0
0.0
0.4
0.55555556
0.83333333
0.5
0.46666667
0.2
1.0
0.22222222
