2.3
2.41975309
2.74390244
2.69512195
2.42682927
0.0
2.50617284
2.04878049
2.67901235
2.82716049
2.91358025
2.48780488
2.3902439
2.06097561
3.10126582
2.54320988
2.62195122
2.7625
2.47560976
2.69512195
2.33333333
2.325
2.65432099
3.27160494
2.03658537
2.46341463
2.25925926
2.5
2.5
2.2195122
2.46341463
2.97560976
2.64634146
2.3902439
0.0
2.42682927
0.0
2.32098765
2.91463415
2.6097561
2.59259259
2.8125
2.325
3.18292683
2.14814815
2.75308642
2.42682927
2.48148148
2.48148148
2.1125
2.55555556
1.70731707
2.2375
2.55555556
2.2195122
2.24050633
1.87654321
2.2962963
2.67901235
2.13414634
2.75308642
2.80246914
2.25609756
3.0
2.925
2.32098765
2.65432099
2.81012658
1.9382716
2.2195122
2.34146341
2.79268293
2.12195122
2.56097561
2.40243902
2.67901235
2.17283951
