1.5515411001412087
0.972384665840344
1.328767127750047
1.349315069724151
1.3630137033233252
1.2528977901449254
1.1558872322291527
1.1496598620482206
1.2996329641218698
1.0734940739893264
0.9641387392471016
1.1733333331875555
1.2364864872726442
1.045454544325069
1.1852548763613144
1.1580069268762638
1.0616438371551886
1.3108843514229256
1.4656488480333314
1.1258278164755933
1.1845133093335138
1.130308222274817
1.1559893201648723
1.2530432551031925
1.191780825456934
1.225352110886729
1.2344086019798821
1.1478873231303315
1.1301369883017451
1.035971223191346
1.087837834805515
1.1655172434463732
1.4507042217734576
1.3263888880979937
1.0512820514126453
1.269503542923394
1.5622413818961236
1.1200420270353417
1.510067115238953
1.136986302293113
1.3025986361943505
1.2543706286688836
1.6965517269460166
1.2534246626121224
1.1056825127498369
1.3248819308690798
1.2818791936705554
1.1023319609529847
0.998285323054603
1.0982142877538266
0.9991124009157288
1.172661872498318
1.5033333355382223
1.0612175412047737
1.2910447787680996
1.391327761443042
1.2312312291680871
1.324370034998274
1.4033205634261856
0.9703703750496571
1.1128622698925894
1.2636371582591854
1.2605633785736958
1.2039473677822021
1.720279719317326
1.0055055021584423
1.154929575512795
0.9597711144103319
1.0924593655341435
1.0422535200694307
1.0397351039410552
1.0140845047649276
1.2573529354573962
1.027210879951872
1.4347826102457466
0.897430765361051
0.970455513054547
