1.2145547978480955
1.1774800783617585
1.2397260290129481
1.0758620682634958
1.225352110886729
1.4172346624151084
1.279894185091232
0.9800000031706667
1.1081081073593866
1.1272217783624914
1.0693792355165421
1.2167832163822192
1.3034482787091557
1.1118881111262164
1.3748009090226776
1.2308375512452068
1.248226944827725
1.0180272090837614
1.1733333331875555
1.1205673737005182
1.5857722522597077
1.3642605610744891
1.1200420270353417
1.3543543509767877
1.1081081073593866
1.124087589143801
1.005551411008947
1.283783782510957
1.0342465755732784
1.1459854018093665
1.2877697855307695
1.0993377489917107
1.1006711413828205
1.2368421046952907
1.3944088334135605
1.3840579688185255
1.2426369897058547
1.1500797857209473
1.0986842107392658
1.1013513516882762
1.1415812926479962
1.3714788709214443
1.3530000019844002
1.2042253479646896
1.1771461384868254
1.3748748731250846
1.3112582834323057
1.3830638135779205
1.082647464073693
1.0250000016965517
1.3572930976299413
0.9932432443288898
1.24697451991024
1.261867501951773
1.1690140802777227
1.0450840999865318
1.1217884554582511
1.308818343859234
1.1371554244853572
1.1532846707027544
1.1670096050927832
1.1686138043632002
1.217687073084363
1.113333337232889
1.2899659841129854
1.0605526154031042
1.1217884554582511
1.3444906954407343
1.1310344846306777
1.1928571475010206
1.2040816331084272
1.0680272110361424
1.0136986335991742
1.098591544903789
1.2499999954779413
0.9524435662778175
1.1031077049982472
