1.3691683259425058
0.8421052649099724
1.0445468431812102
1.4220374261690174
1.423066523168635
0.739468874002213
0.6995029438943099
1.7751478803823404
1.0606060382154887
1.2073866280907264
1.3559428784005858
0.943267234503023
0.8842105220498615
0.9066910363044789
1.0124069288401507
0.9965487463402595
0.9230769081065091
1.8199999519520007
0.9666929067484153
0.8085106417383432
1.9002849291168098
0.8876811352709516
0.9701087221343341
0.5318181856859504
0.9607843113033449
1.3477832607502462
1.26471772719651
0.8925824176176511
1.0165348859736492
1.028315952505436
1.2727909865601568
1.3030302857575762
1.839080416012684
1.5805759753938802
1.2609889896491968
1.320312512854004
0.816568014360492
0.7438186972471671
1.0876586152730852
0.9375757781823691
1.4046822706971958
0.8216216196932067
2.2375214685990095
0.828505778757353
0.8070175536747275
1.3917077330017695
1.5185185248148148
0.6547619082040815
0.5484330649469772
1.0733333473173334
1.2179487659054495
1.2703296673513342
0.0
1.1703762068525014
1.4572883858829369
1.4161490749932488
0.8049261224886701
1.4652014666666666
1.1829043894060207
0.7287805018643664
1.1500655420047015
1.036190493879728
0.8241758332327014
0.6725146314502926
0.7518427298970719
1.2242359758522714
1.3171176521191854
1.097343043067795
0.845833318078125
0.8857442277624501
1.4632735549821925
0.8762321822140702
0.831564998709243
1.050295846153846
0.7494444637435187
1.9444444987654332
1.5999999842285717
