1.5445205521767686
1.536726174774623
1.3552631543455678
1.6027397323362733
1.3636363625937697
1.2176241489210924
1.614089610425684
1.414285719055102
1.5809233907696532
1.4389770729581002
1.3692157369562703
1.2980132469751329
1.581560282038127
1.1176470577595157
0.0
1.4630475255151987
1.1678832084895305
1.1784013584599702
1.316901403408054
1.1458333328587962
1.3222474149402426
1.5445205521767686
1.5221600487209783
1.5042601252040675
1.3310810777492696
1.1666666636956522
1.083637626478359
1.2377622397271262
1.3521126710950209
1.3777777788576133
1.3873239387819878
1.2066666667031112
1.2361111133256173
1.2054794534396698
1.5492577559618936
1.5693430634652885
1.420261436794566
1.4757433490550818
1.836734692397612
1.4335664327644384
1.2120601326861522
1.4757092156717468
1.5890939603714473
1.393333336576889
1.687242795933083
1.3025986361943505
1.3266666695457778
1.6151163819737262
1.529443111747801
1.4514598516837869
1.4968254022083902
1.2642857193479593
1.7686274495932333
1.251751751316384
1.5208333357060186
1.2572651075933547
1.3180876640207064
1.6803560906333839
1.189329186327648
1.4765625005505372
1.3704543502291284
1.6241229251972105
1.3684210552275426
1.6081081045891163
1.9633802783717516
1.2247258912029504
1.0880994331775111
1.5009561996409755
1.4187097852078145
1.237410075422597
1.3695652175204789
1.43065693054931
1.1172413833664685
1.1338028125907558
1.5000000029285714
1.082722652583364
1.3666666672523808
