1.3281690118397143
1.665235285362941
2.0335570471276068
1.5533333330782222
1.3453237390973551
1.5414067892287793
1.337995335335387
1.3448275881569558
1.5256477116467926
1.431746031801814
1.4806416380614502
1.5629139109530283
1.5251798550540863
1.2394366156516565
1.5017506011297854
1.3210752095856022
1.4583333342824074
1.274506576599593
1.8500000061500002
1.2038216543876021
1.2469953448599882
1.1773648640693481
1.2397566625044538
1.4056310520903819
1.8951048947439972
1.4285714310816326
1.2476091109899565
1.676258991277884
1.328767127750047
1.3453237390973551
1.7272727251875397
1.198675497983422
1.2992700725121211
1.1458333328587962
1.7680652682514453
1.1632653020241566
1.4765734257473715
1.3167573181444714
1.4647887323130333
1.3904109649052356
1.2995359381573448
1.3570422512275344
1.3784482781436385
1.2945205521767686
1.2585919253658164
1.4519168239043636
1.2810457493220557
1.5221083921358627
1.3138954524428497
1.2446428594543368
1.3015872974257638
1.2397260290129481
1.708333335838889
1.3272976737158766
1.4859154894604247
1.7225962805032728
1.377341056067288
1.3182343016677944
1.4857447394861474
1.4999999969852942
1.2828197143372895
1.6513440090742013
1.1379310352627823
1.474358978402367
1.6839285745558674
1.3738977084086672
1.1686138043632002
1.037974684555318
1.2533803621368784
1.2428571454510204
1.2380952386264983
1.2878787848668505
1.1267605602082922
1.1971830955822258
1.3941605800969683
0.9889388398971807
1.4664124895791417
