1.0961538252847636
0.0
1.3382353071064015
0.0
1.1864406701235277
1.300000032500001
0.0
1.8648648789773559
3.7173912760633274
2.426373582978868
2.328431348111304
1.155555573851852
3.833333263055557
1.9364070159661415
0.0
2.961290309207076
1.2380952257142857
2.1249999787500005
2.3491525001677687
1.3664790501593984
3.238095275588973
4.371428570179591
3.7974684024996
1.4259259346399178
1.394871774842867
1.2581168842560138
2.013559269078427
1.2272727221590911
3.0799999969200003
3.552500089700627
2.8711863760430925
0.8425925984907406
0.8119658054076266
2.205405349301681
0.0
2.8676470532569205
0.9749999768437506
1.4666666615333332
0.0
2.2399999680800002
2.250871071702218
1.844023331969715
1.640625025634766
2.2499999718750003
0.0
2.3829787490719787
2.914285728274286
1.8723404574015396
1.6129031836628518
2.3168316766307226
1.4838709605619145
1.3510489238300167
4.5882352509342565
2.921481399008397
4.318181769111571
2.0319444509680555
4.333333349999999
0.0
1.463636358290909
2.058823563927336
2.0000000300000003
1.0714285714285714
1.959770092457392
6.666666666666667
0.0
2.2272727173295452
2.1885058050194224
2.941176442041523
0.3447761194544442
1.5087040692415326
2.3461246187603066
2.7857142666122447
1.6655843859740265
2.383333366333334
2.0597015195901096
3.91999996864
0.23589744406311625
