2.0322580317377734
1.5321428583214287
0.0
0.6874999789453127
1.324675372243212
0.0
1.0178571330420918
1.144654103251454
1.1333333106666668
1.9999999400000013
1.3783783381446317
2.6950354859363213
1.2105262985872576
2.1338383981074953
0.0
1.1666666375000005
0.0
0.0
1.0
3.642857080408165
0.6168830975354193
2.9680366055076015
0.5555555666666666
0.0
1.13166144909199
0.7042253562785161
1.3161290427658687
1.923076923076923
0.7107692342684024
0.8915094353079388
2.7204301048942074
7.333333137777783
3.420000009576
1.5826087128544428
0.0
1.3660714155316558
0.0
1.6428571182142861
4.0
1.3737373533394552
2.833333319166667
1.6190476259863946
1.6333333249333333
0.0
1.516483505284869
1.560000011232
2.2749999622187507
1.8586956380316637
1.3448275611652796
1.3500000247500001
2.1874999863281253
1.6681097039695663
1.7053291694822184
1.204761893670446
1.71428572
1.5714285714285714
1.1604173765755637
1.6563146956521737
0.0
0.8280871789301103
0.0
1.3421052663365651
0.6734006666666666
0.0
3.962264188323247
2.067567527892623
0.0
0.0
1.7287581299727677
1.3990909161174545
2.435897410913873
0.0
1.9765624756018068
0.0
0.9610169558307958
2.1428570602040837
1.3528138571428572
