1.559782608017486
1.1631205640762536
1.5
1.241379311709869
1.0709677412528615
1.18716204320638
1.0816844294018753
1.0780141833247825
1.55857536385509
1.5731414899087348
1.1599794261999885
0.9864864831172389
1.1619718278952589
1.1666666636956522
1.3958969903104503
0.9844189028707623
1.2794117614251732
1.1075503360164634
1.3059701495277345
1.201388890945216
1.121053941927941
1.3051666685809113
0.9308144811801937
1.226882515140499
1.2877697855307695
1.2928571434010205
1.2469953448599882
1.1780821974741977
0.9710144914618778
1.1985815570253004
1.1751824773829185
1.328767127750047
1.5102040771928364
1.090277780466821
1.3899500976066914
1.2808219185775942
1.251298701623714
0.9792624840685523
1.20529801892724
1.1468531462115505
1.1559408069335013
1.262681158871298
1.3990875889941659
1.2244897930723309
1.4757433490550818
1.1926264195688396
1.1854304669567124
1.0414779302456676
1.1215916176414327
1.0540780111941048
1.1344015355052437
1.1773049589296312
1.2066455685510735
1.3331594509862095
0.9666666664844445
1.4473168075538307
1.270394576389233
1.1459190684143996
1.5778629248185319
1.3851851850951988
1.2347549544927956
1.3189010600243927
1.1126760554433646
1.4039735114801983
1.216333335117289
1.0938768745344472
1.1256151232863691
1.4237085159299268
1.2636371582591854
1.3970588191846887
1.3034482787091557
1.1956521722337743
1.2898550734971646
1.2992700725121211
1.32857142932449
0.9935985333459783
1.1056825127498369
