2.983091817170763
0.945945942878013
1.354789303402828
1.285714248979593
1.1352563903647437
1.5833332858333342
0.0
1.5661016667785126
1.9875776002160415
2.500000045
1.8378377841928424
0.9920635000000001
1.33333332
1.8803418769230766
1.0065789598182135
0.0
2.4444444811111112
1.2596899318550567
1.0399999912640001
0.8351648163736267
2.3999999568000003
3.3333333333333335
1.091476079844918
4.318181769111571
1.5909090713842975
2.0399999796
2.44444444
1.1195121792849496
1.4935065040968125
2.4444444811111112
2.0689654835315103
3.9531249512036135
1.190476217006803
1.9232323276449341
1.444444498370372
1.021505364481443
1.6285714327591836
2.6388888910879627
2.4
1.3207547162335351
1.91637631605337
0.8500000075555556
0.9651515083829201
0.6249999835937501
1.8191489439112722
2.0357142450000008
1.7862839233869805
1.2063492003174603
2.985074686344398
1.3500000021857144
1.4249999715000006
1.0461538624497042
0.565289249603306
1.2962962689300415
1.9493671097051757
1.0555555643518517
0.87179488
1.623931591036599
0.0
1.8612244625897545
0.874785602592317
0.6999999922000001
0.967588952648909
1.5217391086011343
0.7066115673572501
2.0256459472928734
0.0
1.6666666499999998
1.2999999688000003
1.8388059589311652
1.0389005945572554
1.0370370285871056
2.814935060193329
2.2536585047043434
1.3684210634349032
11.999999100000073
0.0
