2.2417582663108324
1.289135253714672
2.442857173567347
1.5002280209355354
1.3018372425618454
1.6704545416580576
1.825842722273072
2.380219823922763
2.4927113344487415
3.282758684080857
2.0803288869399723
2.1103896111131726
2.3750000489843757
2.3333333100000004
0.8716981110694199
1.414669562211007
1.2812500184570317
0.6476190463854875
3.0000000450000006
2.092391311989603
0.7317072845925052
2.704545445596591
1.2749999872500002
1.8610421312735141
1.7611336197954401
1.5304347855198488
1.5048543290460936
1.5578817984862836
1.6175824217881318
1.3246753303525045
1.5813953517793402
1.8143812747200814
2.5213903857266438
2.0618181699054547
2.6666666500000002
1.5059523898267433
1.7723785266418326
2.144067806058604
0.954545452376033
2.0999999832
2.21455941931563
2.3863636309400826
2.0
3.019607868892734
1.4734085527864185
1.2638888830208332
2.3863636309400826
1.773333377920001
2.20212767618153
1.2643677999009117
2.0195626513437546
1.4799999781600002
4.642857111020408
1.185937485361084
1.4222353682898226
2.0
2.85714285
0.8753315696350499
4.279279308424641
1.6731016764554132
2.2618135295791313
1.039062496616211
1.298076904421228
1.4671815050506107
0.9714285758693879
1.5079364978835976
2.6464285602830357
1.27500001275
0.0
1.1538461515384615
1.181727914442862
1.8518518666666666
1.7890772028599697
1.954545452376033
1.4418604902650085
1.9999999400000013
2.1111111462962966
