0.0
1.0368852431819404
1.4893617125848801
1.3517786850232003
1.4908425182417584
2.023140461229152
0.9433962040939838
0.9321052572767543
2.3076922721893496
1.2987012688480355
1.545388486870008
1.0
1.4295774544782782
1.1489898927890012
1.5322580743028096
1.0934473216820517
1.984698447883363
1.884615340236687
1.9652014499502877
1.9986850538596406
1.8762183573018196
1.8367347262390674
1.08374385
2.249999956250001
1.599870682354843
1.2105262985872576
1.3000000030333332
1.6268498869351982
1.0253867554376703
1.1303418678665356
2.1038960908719853
0.9000000090000001
1.2142857194897958
0.932565816133841
1.9624819686667543
1.0133333642400004
2.0952380952380953
1.3259999814360004
1.0
1.7499999890625002
0.8288288165084003
0.8762254710432886
1.3928571249489794
1.5519519639172148
2.2985074745221654
1.1103896376734697
1.5113636512784092
0.8351007540865947
1.4820772262824566
0.9427365876691768
1.624066300096768
2.0175438943508777
1.3090908938181822
0.9577114505907031
1.6068181940754132
1.5
1.5600000320320004
1.508771909824562
3.3529411823875432
0.4715446982721927
1.4581087564344941
0.8962962889629629
1.4862132343652343
2.426666737848891
1.1604395705670332
1.1200000050399999
2.2514070767949494
0.8095237994047619
1.7358490061658962
1.503978759528492
0.6333333574000004
1.5146909853332684
1.8724279911344817
1.9285714542857144
0.8137592266987185
2.2533333527466666
1.419308544069914
