1.4748201449459137
1.1280423325235072
1.6041666671412038
1.1474359004684418
1.6788321148223133
0.0
1.172189733498598
1.4344827633398336
1.6896191961583902
1.4431310693811883
1.4033205634261856
1.3194444447608025
1.2602739766034903
1.30147058739295
1.8683544351840868
1.4472265671314481
1.2573529354573962
1.110416667283565
1.2229729703898833
1.562500001423611
1.6553219869896474
1.3530000019844002
1.570624540758549
1.358853259607592
1.3985507260586012
1.4532374086713937
1.4087887393517264
1.361702121101554
1.2447552455973396
1.3262411281525073
1.32608695768431
1.5454545438906546
1.5342465811897166
1.5492957724518945
1.6820512841238096
1.2965517280770509
1.5975862095408324
1.37913758853081
1.440789472477493
1.2877697855307695
1.5474426844452507
1.4706521732736295
1.303214288134541
1.4041095928879714
1.4968254022083902
1.425547996934405
1.4200000044826666
1.3644659167980582
1.290384278100759
1.1513698661681366
1.3338338343690312
1.2262773716074378
0.0
1.4312473430586161
1.2133333377795557
0.0
0.9654157505089933
1.7332585104041538
1.254738306470865
1.562500001423611
1.3427640603293134
1.5848446197266393
1.1200000028426667
1.5068493196078063
1.5442434182079725
1.3641537466265141
0.0
0.0
1.8280486722503946
1.184397162171923
1.3356643333786493
1.3061224440844093
1.445205482452618
1.3185185228828533
1.4184397121462704
1.6267751376569075
1.3055768460230237
