1.2140070887545897
1.2601225903439874
1.2465753486207545
1.1543624189883337
1.111111110478395
1.0080786793372019
1.2764358566914047
1.2222222209567901
1.0595884762207297
1.1272217783624914
1.2533803621368784
1.151724142182164
1.1666666685648148
1.1407407428104253
1.1291481327505757
1.189329186327648
1.1489361692228761
1.0601027426304184
1.320895526406772
1.1118881111262164
1.5716135703095868
1.2679629655928122
1.3733920402106898
1.4186612910962453
1.2569444433371915
1.1527777761959876
1.1718247943063693
1.1538461520817642
1.1073825497076708
1.061224485469943
1.0277777790432099
1.1575342498836554
1.1678321695564575
1.0884353710000463
1.1227978335243032
1.098591544903789
1.3236755000198457
1.377087869975784
1.2116788278352602
1.076388888097994
1.1670096050927832
1.095689656985969
1.3239583340688659
1.2885906019954054
1.2048339381045061
1.1970303644614662
1.0621118016218511
1.1468531462115505
1.071895423995899
1.1616666690760495
1.2764358566914047
1.1164383603190093
1.510526313006925
1.3430452675697997
1.229629629809602
1.1591980019341346
1.4011451050429804
1.2809271854895166
1.0938768745344472
1.021897806680164
1.1774800783617585
1.3666666672523808
1.1958041930373124
1.1689189194804601
1.3712837828572408
1.0756172851808985
1.225084990771702
1.2455696234560578
1.3885552212239494
1.1134751762738293
1.304347824795211
1.1267605602082922
1.2158273391480772
1.0067567556711103
1.151724142182164
0.9908064086297359
1.2530432551031925
