1.5423728382217763
1.0294117885813152
2.181818190495868
5.121951094586558
1.1528822307554605
1.3543955964560441
1.534883712184965
0.9915469068970674
0.8399999932800001
1.4903846031850962
1.02831597150033
0.9273097698857848
1.2788461428846156
1.2232804281461325
1.7948717355029598
0.0
2.1176470522837367
2.2263313343621984
0.9722222333333335
1.644515324544488
0.6290322824141523
1.9124183135875816
1.8067053806633229
1.8538324301405058
1.03030300969697
0.9144384905709342
3.151260424249702
1.3658536422962526
1.0733695365828808
1.5441176431985295
0.9668698670119051
1.2500000409090917
2.192307648461539
1.8375940218171751
3.0
0.7326007307692307
1.298333291533334
1.71014492
1.0337837639463114
1.1842105272853187
1.0487013025304384
0.5440860046562609
1.2581699011274514
2.1064814925540123
1.0282352784451765
1.145454524836364
1.8214285854795917
1.2542594980953985
1.8269230804363907
3.088235330449827
1.5102040930029157
1.402918074074074
1.3939394278787887
1.4483043602334642
1.0967741629552554
1.2892562439669428
1.1818182
2.551892507160077
3.292763116576892
1.4869918858028952
1.4615384737179486
0.7316129023979188
1.2908163005466475
1.084990246627954
1.9259258997119342
1.299754315241384
1.2652608268004106
2.3161764978373705
0.7222222405555557
1.1234567664060358
1.172161199694079
1.4444444571150097
1.4652014642857143
1.0248033612525873
0.9915130255211213
4.044444531111114
1.8355029801132452
