1.5441176652249136
1.2310605745146783
0.980000010944
1.2205128068323472
0.7704918020370869
1.6289592322597828
1.4844567450899873
1.0493827037037036
1.4673913346739134
1.343925878716282
1.7456249757126563
1.0208333406380208
1.370571450473829
1.3494317857111158
0.9533333786311123
0.7178885359810808
0.8369230816307692
1.2075471796796013
1.431133456141303
1.1619623710444669
1.8720000016415999
0.9670329543533391
1.085081594593664
0.8953417945470098
1.1842105088642658
1.812500020625
1.907335920619848
1.270833300247396
1.6285714327591836
1.3096389433254283
1.7629629912263376
1.6813186920963652
1.3503335596014996
1.4950429925708286
1.3461538683653846
0.9359389610039957
1.0979999976744
1.2385133123864436
0.916938975737715
1.3729127743777563
1.234904250096109
1.0363636554421487
1.0336633898982455
1.3030302942883378
0.9134615475961539
1.241379282877527
2.428571465714287
1.2631578814404434
1.7386363596849175
1.2290969939509904
1.1200000050399999
0.9749999863500002
1.7983470560420747
0.9935064977643785
1.3315789433157892
1.017579425619594
2.1428571499999998
0.8269230804363905
1.95402304187079
1.22048818142359
0.836904758835034
0.71632654509621
1.0990338183440687
1.1610845111726686
0.5394230698983173
1.0131578814058173
1.5404040393135905
0.8827160362757202
0.9698996620015436
1.4611723003928787
1.5698412428862438
1.1142857176285714
2.2222222681159427
1.6894087037037038
1.316834523815041
1.5794871713641028
1.0419912070370045
