1.1052631637119115
1.6576576719746774
1.166666676388889
0.8260869672967867
1.6775599767131464
1.6410911928648209
0.9397406518455177
2.0
1.9310344699167659
1.5957447207786335
1.5661375555555557
1.866532522027659
2.9999999999999996
1.343146701844151
0.0
1.0383333294250001
2.003003028423018
1.4601063890391581
0.9502347572755406
1.3902438993872694
2.433155014375591
3.454545393131314
1.4121621762143899
1.7906977323418076
1.8014705999999998
1.8400000368000007
2.948936220407425
0.9807692301295986
1.4474226613123609
1.3571428749553571
1.1810810908758218
2.4671202504265217
1.7209457225651117
1.8386491161305094
1.6666666499999998
0.8688186714630195
0.0
1.5468749887207032
2.035714251785715
1.7053291694822184
2.0263157628116346
0.9935064944096812
0.8582169617422565
0.8109755975490779
1.3434343668135906
1.9444444412037036
1.4936563322783099
0.8548589271349671
1.642857139727891
1.4449300588631322
1.3574660806760717
1.3517241072175985
1.4857142814693878
1.6799999865600002
1.0345730477762283
1.7769230383091725
1.46405228
0.5113636488378099
1.266666657166667
1.1115384714970415
1.0405405312600438
2.062500020625
2.190476218354979
1.5240641424347283
0.46504558716419836
1.208888890097778
1.302325627961061
2.1857142850897957
1.1769230805443787
1.193181824893466
1.5081967022735825
0.8366402190305336
1.3863013670144495
1.8046874808251956
0.718750014355469
3.2547006828455047
1.0116394855165098
