1.0823426567371508
1.1799063433322587
1.374100718830288
1.4868421019979225
1.3402777804668211
1.0443199194492818
1.0991181678983624
1.3877551006747189
1.3055768460230237
1.2388845731530715
1.1786596147603678
1.1338028125907558
1.0139860117404274
1.1619718278952589
1.3286075986152912
1.075180931020989
1.0719424463826923
1.4075704201562191
1.1418439659805844
1.105960269935529
1.1314451691779515
1.269047616803045
1.1012679333099542
1.2742812722941084
1.23287671502158
1.1438848927653846
1.1128622698925894
1.1714285736040817
1.0952380909880142
1.1942446028735572
1.0972222238040124
1.2237762222524329
1.139860140341337
1.139999999672
1.1376888007881885
1.3455882332990916
1.3712837828572408
1.1763171619555204
1.285714287387755
1.157142861577551
1.110558317561694
1.1887152784381751
1.1607615923250956
1.1891891864937911
1.2617641790166243
1.2550312897398117
1.3219178137586791
1.3131150449363267
0.9987571441605733
1.2757194253782154
1.0896776429664876
1.1088435365421816
1.1199074051952447
1.2827667900897721
1.4705882310380625
1.2470112537483398
1.3138954524428497
1.1740397839855776
1.082647464073693
1.242647055498486
1.5000450551094167
1.3663126992356291
1.3525179884550487
1.4635761619613175
1.6043478253894141
1.0685871062881038
1.0458670639564867
1.1250774555943621
1.3849451336860807
1.2500000014642858
1.1928571475010206
1.153846154816568
1.1417910466941412
1.066176465844507
1.1702127615029425
1.0068438002144158
1.2330827063960654
