1.2777397295280541
1.2635847499416886
1.2721088385663382
1.229729731601534
1.156028366649565
1.4517704477723787
1.2333507200281395
1.1942446028735572
1.1914000151716733
1.1431930798827878
1.2672019313190477
1.139072852932766
1.0328947369130885
1.0069930058702137
1.1685807702255675
1.1737341189099706
1.1357142876806121
1.1800986820366604
1.1700680275903559
1.27272727175915
1.4103022583342932
1.5515411001412087
1.1406711845509783
1.1926264195688396
1.2553191480700168
1.1702127615029425
1.1680911691367322
1.1357142876806121
1.1780821974741977
1.038709676566077
1.3034482787091557
1.1466666707484445
1.1506849358922875
1.0136986335991742
1.2264957263321938
1.2071428595275508
1.1993197257699106
1.4033205634261856
1.139999999672
1.1267605602082922
1.3117718645434842
1.2670138895927856
1.2243055562357252
1.111111110478395
1.1537763239820957
1.2635847499416886
1.1234567903734187
1.1107681739504267
1.4606701964269588
1.174479167319155
1.1129098242576538
1.035211267686967
1.491506413698348
1.1589612642631084
1.1691176436451125
1.40090289110439
1.1608230469025407
1.2025851386050677
1.3064731381713022
1.1029411717711937
1.033733263886648
1.272272273464681
1.1379310352627823
1.0779220761241355
1.6117241405987157
1.179856115956731
1.0592756116723492
1.2545305545716046
1.3592333582605687
1.2198581551209697
1.2344827610777644
1.3115942004442345
1.1489361692228761
1.1333333340622225
1.1503267946533384
1.1517705295113654
1.2075837793855126
