2.297385571552289
1.2594236489260786
1.7156249833851565
2.918367380612245
2.7671874658425293
1.83333329948718
1.6514285806710203
3.6290321995317387
1.6190476517006807
1.8400000368000007
1.5599999784106668
3.9152541669462813
2.3755868753719502
2.27688170270248
2.2525879469115138
2.4137930822235436
1.4054053746384225
2.867647048280709
1.8218623660771363
2.635135053834918
4.615384544378699
2.2941176858131493
2.9279279128926223
2.6538461130177518
1.697324399142068
1.891774881068196
1.448275842092747
2.9279279128926223
1.7037037
1.2033787357574686
1.9338842836758074
4.27499997541875
2.143011886114782
2.674418618831801
2.0853333489365333
0.9028213116852233
2.1276596277048445
1.6374268928285627
1.3928571413095239
1.6799999865600002
1.6540540223140985
2.1520467530440137
2.161403466823639
0.9099616868278504
1.6285714633142863
1.1360139906937199
1.5599999781600005
2.412698414852608
2.2619047347619055
2.114583351790365
0.6034482796076098
2.366037728665717
0.0
1.5794871649072981
1.6916666673083334
1.4893617125848801
1.3999999748
2.590909061466942
2.197979729109766
2.1270955347642926
2.027867497825932
0.966894979047351
1.6863905260923988
1.9615384637179485
1.6999999949
2.7857143178571433
2.117216167388803
1.425101203183465
1.503703716234568
2.2988505862068966
2.081460712155347
2.2002294421645283
1.7999999580000008
1.5085389097875987
0.5947242229339404
10.181816858181977
1.1111111
