1.241830065115981
0.9974625209041591
2.3314285561910206
1.3434343242424247
0.0
3.6666666361111115
1.2391304129631382
3.3529412218339107
1.1619863060957496
3.238095300544219
1.3255813731530557
1.9480519564007424
1.3445378167325754
2.631578995152355
0.0
1.28571428
0.0
1.5240641690447254
2.5666666769333335
1.6484848395359308
4.772727261880165
2.103437020909566
3.342857150020408
2.3502304229344433
2.138888923348766
1.2666666462051286
2.1999999815200004
1.2179487081114397
2.631578995152355
1.6521739345935733
3.7499999531250006
1.8378378616800588
0.6571428364897961
2.757575791418733
0.0
1.357142892428572
1.8095237999999998
2.0
1.9431643664682126
2.801886773127448
1.3893637246064157
0.0
0.9272727287900827
2.166666673888889
1.511111063762964
0.0
4.042553208691715
2.271604956360311
1.7068965647711056
1.6666666772727274
2.1732026014129184
2.9615384119896464
0.0
1.3612188674284884
1.5800156047081557
1.4401676185099646
2.717647068415225
0.0
0.0
1.7052826466098687
0.0
1.2584745480680846
1.861042155467062
1.1458333304036459
0.0
0.0
2.699999929800002
1.826754344163927
1.0646431980863496
2.0093808403551003
1.0368852431819404
1.5959596068870525
1.753846127032545
2.188346910532752
1.582191760881967
3.4999998950000046
1.3951367940457868
