1.1809782603560965
1.1519795693550006
1.2077922065474784
1.1192053009622385
1.1448275858948869
1.088561552514719
1.0536659095649448
1.0684931511465567
1.062603969893322
1.0902184241453323
1.0328661983561715
1.4117646991435986
1.0145985377867761
1.0066666656097778
1.2686357243159088
1.04876099327249
0.9640287768086537
1.1200331154014078
0.979310348103686
1.1294964058485584
1.3133133122207343
1.2683453246534857
1.199019349790016
1.3429075324547213
0.9300699298293315
0.9645390070509531
1.0055967077415418
1.0410958951810847
1.229629629809602
1.0
0.9424460464334143
1.0
1.1134751762738293
1.2272727278374655
1.1073504313574474
1.0
1.2132653039765375
1.0467792037267851
1.2123287730474763
0.9571428580632654
1.3138954524428497
1.0043624165118237
1.366666662789598
1.1192053009622385
1.0622500400356338
1.0612175412047737
1.0709677412528615
1.027233110365084
0.9564921232383318
0.9450354583119561
0.9985722684378994
1.054054050909423
1.1904947940228545
1.2134280448313097
1.0
1.2410566833734538
1.1050252129210842
1.1645283639232458
1.096707821859282
1.1407407428104253
1.0123456774439228
1.2996329641218698
1.328244271464367
1.1379310352627823
1.3188333352676223
0.8952716864437371
1.0743260270794233
1.153305200314459
1.0325925947144692
0.9857142879734694
1.0289855085381223
1.075187970202951
1.1450381631128723
1.0492957724518945
1.2808219185775942
1.2439280205929977
1.0732386514065448
