1.2068965230083237
1.3473193673490147
4.094999995905
1.105263129157895
1.0370370384773664
2.3020832678255223
1.6611110958842592
0.7600000136800003
0.7881773270596231
1.4274509530156867
1.5692307740591718
1.1103896336068477
2.2499999718750003
1.8585858791429448
1.623188371770637
0.9134615402181954
3.407767030324253
0.7771428606955103
1.0899654128231226
3.3676190420236187
1.1423451310572652
3.4848485406060616
1.6293333700245338
1.8229167097330736
1.170000001872
1.6940223008256268
2.9404761361904774
0.9965034884548145
5.217391213610587
1.3791044778177768
1.64835165
0.6021505626083943
1.6729559773228908
1.708006288950886
2.1794871457051284
2.1526535554589454
2.4519231040828404
1.3737373533394552
1.0197167960164306
1.5496855501611486
1.1166315905866107
1.3737843639907565
1.968569040486673
2.1538460991715986
1.6897959133784255
1.1313131111111112
2.4937500567773445
1.9273504626068376
1.6799999865600002
1.429738550780683
1.1515151666666668
1.98165869549623
3.0867346052842586
2.2466422300063953
1.6070780391684398
2.2312499817714846
1.1610845375351602
0.91176472
1.6484847968323244
1.2871287160572493
1.4262295087812418
1.5622923369054702
1.3985422683511035
0.6076388899522569
1.4388714867506218
2.1857143169387756
0.0
1.0303030256198347
1.273554241404953
2.3133117194694512
1.3778280415802295
1.4537742120823762
1.7272727523966944
1.7939067938105564
0.0
1.3999998950000052
1.0
