1.3211111138511933
1.46389555040568
1.5416666657175928
1.4965517246839475
1.3266666695457778
1.9334767775197332
1.3450746763104477
1.340425528821488
1.749223143436748
1.4630475255151987
1.7038775813455591
1.851063824961521
1.503355706914103
1.137681161099559
1.3589273782861861
1.8760252093001257
1.067567567792184
1.093791946749178
1.568345327603126
1.1180555538155865
1.3543543509767877
1.4592013896995564
1.1901901904120338
1.5830640490938512
1.6408450649732196
1.3986486455414535
1.0580645174942769
1.2589928057978366
1.361702121101554
1.1830985908172982
1.3846153859386767
1.6027397323362733
1.2620689692613554
1.6180555538155863
1.8050314467679285
1.8095238068675088
1.3666666668385745
1.442046361325213
1.3172413799733649
1.4117646991435986
1.0551208445547253
1.3051666685809113
1.3012411310603087
1.400000004524138
1.0922677053563488
1.4227560859305703
1.5526315758240996
1.6872427947879638
1.8656084718932728
0.0
1.4543557626123567
1.2185430499539494
1.2401234543404969
1.3856930180547715
1.340425528821488
1.2097773938644591
1.4637971302271642
1.4661558119439821
1.3025514425770754
1.2071428595275508
1.2711408176628147
1.327446652877018
1.4609929025220059
1.4520547964439858
1.8092281886480115
1.226882515140499
1.7174968116703395
1.1659441699066964
1.587857265857143
1.4710144944328924
1.3103448293412603
1.969924810685737
1.100000001757143
1.2432432429437545
1.398601397679104
1.0343531913981074
1.4979979949337854
