1.3832153718341287
1.0
0.0
0.7272727499999999
1.4560862947663942
0.0
1.4369000616088567
1.042795222308379
1.0294117768166091
1.609299550101082
1.9480519544805195
1.4540229857481173
0.782161228350432
1.708006288950886
3.9999998500000076
1.1527891528327814
1.0668896318830885
1.4651163022390483
2.1212121039393943
2.51999997984
0.5828571565348571
1.2922360238634216
1.2239011247390112
1.5909090713842975
1.8966942587490616
1.37500001375
2.9142857274000002
0.8446455562362222
0.557971023226213
1.3813481222121788
1.5118577251185774
1.46999999153
2.5
1.725931647954868
2.5520834582031298
1.3460044387739514
0.4249999957500001
1.6382978838433682
0.9562499945015626
1.6617405676037598
1.7128027497618565
0.6950549399222317
0.8749999745967747
0.7291666682465278
1.6301774743195274
1.5569230767673847
3.142857057142859
0.9488372266792863
1.1111111
1.2028657427911207
0.8128342393415121
1.6209903898346498
1.5101010217003368
0.5515151417382919
0.7139329912315197
1.939939973274897
1.4142614655484966
1.8545454933223149
1.156831448936575
1.1920958893855074
1.4242831566082785
1.012658253324788
2.7586206896551726
1.5937499596582037
1.3571428164285722
1.191637657837172
1.6521739345935733
0.0
1.550877224960296
1.2048780427854848
1.2537313395411007
1.8602941346016382
2.0096153303679745
1.5101902285967221
0.0
1.5669642415345992
1.4606741778184575
