1.1427364857143674
0.9844189028707623
1.1666666685648148
1.342281879600919
1.2137931035262781
1.307363581093916
1.251371740417429
1.2137931035262781
1.312558535275959
1.203487868277769
1.3545470316542867
1.1319444461844137
1.1338028125907558
1.374100718830288
1.2109704640427568
1.50106428648452
1.2481751782876018
1.224496644788388
1.2907801410190634
1.1712328778663914
1.046317012099188
1.1038461532286175
1.1665440314124949
1.2464936562987188
1.25
1.3916083918088902
1.272663143934946
1.2361111133256173
1.1063829730315378
1.0344827588156955
1.1197183078258282
1.1543624189883337
1.1594202880466289
1.3382352933196366
1.2462217698911542
1.172413794078478
1.0578525665437624
1.0321955956610231
1.582781462923556
1.3142857172979592
1.0263090666642356
1.2258445937663212
1.0180272090837614
1.2715231794912503
1.0831390831702719
1.1608230469025407
1.5142857149551021
1.0743260270794233
1.1638531918190351
1.3448581522131684
1.0907668219592674
1.1942446028735572
1.1935855241170792
1.1845133093335138
1.3840579688185255
1.3266828744644998
1.4283781556941868
1.3299443215712854
1.127078193653048
1.1838235236040224
1.0198445406337517
1.5036310775633837
1.201388890945216
1.2738853477569072
1.3690559432900387
1.2827667900897721
0.9916855625997398
1.1987876623400773
0.9634738181464394
1.2198581551209697
1.3333333313947988
1.0072463756490233
1.1151079130324517
1.0704225353739338
1.0067567556711103
0.8570426487498406
1.154929575512795
