1.2507836982650524
1.4834754935322059
1.3975155217391304
1.6414141498699113
0.9332206121042983
2.43478258289225
1.7261538010910775
0.6370709188432995
1.1142857250306122
0.8674339209781355
1.306249979246094
0.8333333333333334
0.9935483935868886
1.5354442291868375
1.3074712694173602
0.5302144402685728
1.0225563873446775
2.341597818181818
1.1876780529528728
1.7999999723414637
0.4010416583951824
2.651162786073553
2.6923076798816568
1.115942012974165
1.090909087012987
1.6082473853757047
1.4488017627295364
1.1671642018739143
1.1447963716875165
1.5485893220786944
1.76555466862916
0.6181818171515151
1.0302197496222532
0.9543109761163083
2.2166666381666675
1.3562387260283384
1.8888888682828289
0.8290909309236367
1.2891352688420314
0.975401079667191
1.711111089333334
1.0389610545454544
1.2252252288677867
1.7142857387755106
0.9803278961483476
1.5514150647749205
1.2709029692016873
1.3435457652822236
2.119854270341366
1.5454545379614326
1.444444498370372
1.23976608
2.1666666991666674
1.2628571253714287
1.0531135217469716
2.7474747478910317
1.8256172580486971
0.9308338697745161
1.43589744
2.193362153049009
1.7911110911333337
2.2666666775466666
1.6153845857692313
0.6218182029600002
0.7299465310773828
1.4285714071428575
1.2692307606878699
0.6240000009984
1.5514150647749205
1.7224242584852896
1.13519089331378
1.7182910695429423
1.4206941030082734
1.85263156
0.582954543845348
6.999999685000016
1.221698111525454
