1.1348214306789541
1.0467792037267851
1.298611109054784
1.1888111871670988
1.3401360496024806
1.3821050734925286
1.138888889521605
1.1034482764470868
1.096707821859282
1.0400811788769349
1.123377141965648
1.4625850316988294
1.2602739766034903
1.076923076040882
1.132952757934939
1.2480974146523216
1.3661971816345964
1.068617018245058
1.2567567542859752
0.9797297274461286
1.181069957747361
1.2743243234632944
1.144997874446893
1.4037860077922195
1.121621618701607
1.027210879951872
1.0260260243067392
1.492857146915306
1.048611109054784
1.5869565226433524
1.3286713275084356
1.172413794078478
1.3475177262481766
1.26530611857837
1.1494017096857891
1.2907801410190634
1.1946551743911533
1.0846560855857899
1.3379310375248512
1.3868613112035804
1.0193758597329867
1.0668367328069555
1.3248299296295525
1.1000000005466666
1.0051146387237844
1.0384707285657686
1.5103448316033294
1.2943562615466615
1.5651869291767746
1.161188810539195
1.0989278748177644
1.0758620682634958
1.2827844285260674
0.9318943676431779
1.248226944827725
0.99700199908447
1.0539489290519148
1.1397269251198425
1.120811291367221
1.2127659518786782
1.062603969893322
1.227738372545423
1.020979017610641
1.25
1.3977272719453273
1.1856925444813495
1.2342296644773416
1.1745502977047757
1.3670361353230076
1.2152777776195989
1.2394366156516565
1.435714287094898
1.138888889521605
1.190140843199762
1.3931034482368607
1.1009259281135415
1.1884057965847512
