1.2343309838293
1.1871391789835535
1.112582785448884
1.6083916081911096
1.080536910904914
1.18716204320638
1.4187097852078145
1.1095890463276412
1.3545470316542867
1.1740397839855776
1.2492776439736804
1.0942028953213612
1.1310344846306777
1.26530611857837
1.5242984865598328
1.3963388685180782
1.2205882295307093
1.0986928095957964
1.1666666685648148
1.186567165092448
1.330089209834893
1.13327464597193
1.1128622698925894
1.0257542342369974
1.2040816331084272
1.1793103447105826
1.0602268945539008
1.300699298293315
0.9860139882595725
1.1007194261156255
1.0551724163671818
1.1437500027867187
1.1172413833664685
1.0986842107392658
1.2096076643799667
1.4316546782961543
1.0815517259280856
1.0602268945539008
1.3219178137586791
1.3076923041635287
1.0054118090559228
1.2902097894879945
1.1006711413828205
1.2516556329511863
1.1425044089789367
1.185510067026692
1.3221476491230124
1.2918739639927228
1.4103022583342932
1.576923076040882
1.0602268945539008
1.2949640289891826
0.998202613596181
1.0331473037894447
1.1188811169964301
1.0750452111393696
1.298595151114916
1.3195402301840664
1.0622500400356338
1.1893939398645546
1.2008514280565816
1.0563607093957852
1.2907801410190634
1.31205673329913
1.2996732015950274
1.2003527382292265
1.0891443208372042
1.0656540107629593
1.1096866116633792
1.2781457004350687
1.2661870492562495
1.0507246354851922
1.1942446028735572
0.9577464799305694
1.1971830955822258
1.0491582496234262
1.1620587709937036
