0.50909091
0.16666667
0.47619048
0.57142857
0.6
1.0
0.46666667
0.46666667
0.0
0.33333333
0.33333333
0.0
0.16666667
0.36029412
0.52380952
0.0
0.34065934
0.36263736
1.0
0.63736264
0.5
0.5
0.43636364
0.0
0.0
0.0
0.49166667
0.31111111
0.4
0.47272727
0.46666667
0.66666667
0.53571429
1.0
0.0
0.0
0.33333333
0.14285714
0.2
0.47222222
0.3715415
0.4
0.38888889
0.66666667
0.19230769
0.33333333
0.0
0.0
1.0
0.0
0.39285714
0.38095238
0.42857143
0.5
0.35714286
0.4
0.46666667
0.66666667
0.4
0.25
0.41666667
0.33333333
0.33333333
0.16666667
0.0
0.4
0.0
0.58181818
0.0
0.33333333
0.21428571
0.0
0.4379085
0.5
0.6
0.64285714
0.5
