2.3625
2.71604938
2.64634146
2.95121951
2.15853659
2.17948718
1.98765432
2.17073171
2.55555556
2.61728395
2.13580247
1.85365854
1.92682927
1.82926829
2.2278481
2.16049383
1.85365854
2.4375
2.42682927
2.56097561
1.97530864
2.2375
2.08641975
2.03703704
1.87804878
2.2195122
2.27160494
1.74390244
2.46341463
1.86585366
2.0
2.13414634
1.82926829
2.13414634
2.78205128
1.98780488
2.075
2.02469136
2.57317073
1.8902439
2.59259259
2.575
2.4375
2.31707317
2.27160494
2.69135802
2.63414634
2.22222222
1.88888889
1.8625
2.19753086
2.03658537
2.4
2.09876543
1.76829268
3.17721519
2.40740741
2.19753086
2.75308642
2.17073171
2.14814815
2.58024691
1.84146341
2.19512195
2.5
1.98765432
1.7037037
1.84810127
1.87654321
2.18292683
2.34146341
2.06097561
2.13414634
2.13414634
2.17073171
2.03703704
1.90123457
