2.575
1.86419753
3.76829268
3.15853659
2.69512195
0.0
2.72839506
2.35365854
2.64197531
3.45679012
3.01234568
2.25609756
2.37804878
2.1097561
0.0
2.54320988
2.52439024
2.7125
2.75609756
2.64634146
2.54320988
0.0
2.59259259
2.28395062
2.51219512
2.87804878
2.32098765
2.32926829
2.24390244
2.73170732
2.45121951
2.58536585
2.87804878
2.75609756
0.0
2.48780488
2.9
2.98765432
2.3902439
2.8902439
0.0
2.775
2.8875
3.03658537
2.81481481
2.66666667
2.52439024
2.50617284
2.5308642
2.65
2.77777778
2.01219512
3.275
0.0
2.46341463
2.67088608
2.34567901
3.43209877
2.49382716
2.46341463
2.69135802
3.79012346
2.57317073
2.58536585
3.0375
2.48148148
2.72839506
0.0
2.75308642
2.37804878
2.29268293
2.65853659
1.97560976
2.8902439
2.93902439
3.41975309
2.2962963
