1.9875
2.03703704
2.26829268
2.06097561
2.02439024
1.87179487
1.88888889
1.90243902
1.82716049
1.90123457
1.86419753
2.34146341
1.69512195
1.84146341
2.2278481
1.77777778
1.63414634
2.0625
1.73170732
1.91463415
2.37037037
2.15
2.0617284
2.40740741
1.62195122
1.65853659
1.83950617
1.85365854
2.02439024
1.70731707
1.59756098
1.74390244
1.91463415
1.97560976
2.02564103
1.75609756
2.175
1.87654321
2.15853659
1.63414634
2.25925926
1.825
2.35
2.06097561
1.83950617
1.87654321
2.02439024
1.7037037
1.69135802
1.625
1.79012346
1.90243902
2.7875
2.16049383
1.69512195
2.08860759
1.91358025
2.17283951
1.92592593
1.87804878
1.75308642
2.34567901
2.12195122
2.01219512
2.4125
1.60493827
1.92592593
2.27848101
1.88888889
1.68292683
1.73170732
1.74390244
1.82926829
1.81707317
2.2804878
2.32098765
1.74074074
