0.3
0.51578947
0.46969697
0.83333333
0.27076923
0.44166667
0.29166667
0.23809524
0.22222222
0.66666667
0.48484848
0.27272727
0.45454545
0.8
0.0
0.25263158
0.26666667
0.53571429
0.44871795
0.3030303
0.27472527
0.32142857
0.37426901
0.17582418
0.38970588
0.42307692
0.5
0.32142857
0.4
0.57777778
0.44588745
0.25757576
0.16666667
0.25806452
0.49090909
0.39393939
0.5
0.51111111
0.4
0.28571429
0.4
0.30909091
0.64285714
0.47619048
0.31904762
0.23666667
0.22463768
0.36363636
0.27777778
0.4
0.28571429
0.38095238
0.22058824
0.25263158
0.35333333
0.66666667
0.52747253
0.2055336
0.30555556
0.61904762
0.5
0.66666667
0.35294118
0.4
0.12318841
0.32727273
0.0
0.4
0.19047619
0.43939394
0.28235294
0.34615385
0.47272727
0.42857143
0.5
0.34545455
1.0
