0.34199134
0.46666667
0.33333333
0.25
0.16666667
0.19047619
0.0
0.4
1.0
0.43636364
0.4
0.33333333
0.35714286
0.37426901
0.0
0.2
0.61904762
0.1
0.3
0.56363636
0.54166667
0.66666667
0.3
0.5
0.2
0.17777778
0.47272727
0.28571429
0.14545455
0.66666667
0.22222222
0.4
0.31111111
0.5
0.2
0.10714286
0.19047619
0.34545455
0.28571429
0.53333333
0.3952381
0.0
0.33333333
0.28888889
0.0
0.39215686
0.0
0.52380952
0.38095238
0.38181818
0.32380952
0.36363636
0.25
0.28571429
0.47619048
0.35833333
0.33333333
0.42222222
0.66666667
0.2952381
0.46323529
0.29090909
0.23076923
0.0
0.0
0.36796537
0.41758242
0.61904762
0.0
0.6
0.44444444
0.19444444
0.43382353
0.46666667
0.42307692
0.39285714
0.4
