0.0
0.26666667
0.0
0.66666667
0.52380952
0.26666667
0.33333333
0.25641026
0.0
0.33333333
0.67857143
0.0
0.0
0.83333333
0.26666667
0.54545455
0.43939394
0.6
0.3
0.66666667
0.16666667
1.0
0.5
0.33333333
0.6
0.66666667
0.5
0.0
0.53571429
1.0
0.44444444
0.46666667
0.0
0.61904762
1.0
0.0
1.0
0.0
0.53333333
0.43939394
0.5
0.14285714
0.52380952
0.66666667
1.0
0.4
0.0
0.0
0.6
0.7
0.3
0.76363636
0.0
0.53333333
1.0
0.33333333
0.66666667
0.53333333
1.0
0.66666667
0.0
0.66666667
0.61904762
0.0
0.4
0.0
1.0
0.0
1.0
0.56410256
1.0
0.5
1.0
0.5
0.3
1.0
0.8
