2.525
1.91358025
2.30487805
2.06097561
2.46341463
2.38461538
2.03703704
1.95121951
2.32098765
2.37037037
1.85185185
2.25609756
2.2804878
1.98780488
2.49367089
2.5308642
2.06097561
1.875
1.84146341
2.0
2.62962963
2.375
2.25925926
2.54320988
2.15853659
1.82926829
2.09876543
2.58536585
2.03658537
2.02439024
1.96341463
1.91463415
2.20731707
2.57317073
2.16666667
2.04878049
2.4375
2.14814815
2.24390244
2.24390244
2.09876543
2.1
2.1875
2.1097561
2.20987654
2.86419753
2.65853659
2.34567901
2.44444444
1.8
2.64197531
1.82926829
3.0
2.14814815
2.2804878
2.08860759
2.09876543
2.48148148
2.0
1.91463415
1.85185185
2.17283951
2.17073171
2.17073171
2.825
2.41975309
2.0
2.78481013
2.22222222
2.13414634
2.36585366
1.86585366
2.07317073
2.03658537
1.92682927
2.2345679
2.51851852
