0.53333333
0.28205128
0.23809524
0.36111111
0.19117647
0.5
0.34615385
0.22857143
0.27272727
0.3030303
0.42857143
0.32727273
0.30833333
0.37142857
0.22222222
0.26470588
0.47252747
0.42222222
0.36190476
0.53333333
0.14285714
1.0
0.27272727
0.35238095
0.29487179
0.35
0.30769231
0.18421053
0.46969697
0.31666667
0.26666667
0.22222222
0.31868132
0.30072464
0.57142857
0.35555556
0.24761905
0.2
0.1969697
0.22875817
0.5
0.25454545
0.27272727
0.18954248
0.3047619
0.36363636
0.29090909
0.18300654
0.28571429
0.4
0.38461538
0.30434783
0.3
0.27472527
0.18681319
0.66666667
0.24242424
0.15555556
0.2
0.52287582
0.38961039
0.42857143
0.39047619
0.20879121
0.3
0.30555556
0.39166667
0.32727273
0.4
0.51282051
0.42424242
0.4
0.33823529
0.42424242
0.29090909
0.38095238
0.38461538
