1.9125
2.16049383
1.91463415
2.17073171
2.06097561
2.0
2.14814815
1.87804878
2.0617284
2.16049383
2.07407407
1.96341463
2.53658537
1.85365854
2.49367089
2.24691358
1.92682927
1.7125
2.46341463
1.90243902
2.17283951
2.1125
2.85185185
2.41975309
2.24390244
2.19512195
2.02469136
1.93902439
2.13414634
1.90243902
1.81707317
2.19512195
1.98780488
2.3902439
1.82051282
2.2804878
2.075
2.09876543
2.37804878
1.90243902
2.34567901
2.925
2.0125
1.86585366
2.20987654
2.7037037
2.34146341
1.90123457
2.20987654
2.0625
2.64197531
1.67073171
3.1
2.28395062
2.2804878
2.27848101
2.03703704
2.44444444
1.69135802
1.95121951
2.2345679
2.28395062
2.04878049
2.31707317
2.5375
2.28395062
1.95061728
2.43037975
2.11111111
2.04878049
2.07317073
1.79268293
1.74390244
1.93902439
2.70731707
3.27160494
1.92592593
