0.46666667
1.0
0.0
0.2
0.53571429
0.33333333
0.0
0.83333333
0.32142857
0.0
0.0
1.0
0.33333333
0.38181818
0.26666667
0.0
0.8
0.3
0.28571429
0.52380952
0.52380952
0.0
0.57142857
0.33333333
0.42857143
0.46428571
0.17777778
0.42857143
0.0
0.42222222
0.61904762
0.0
0.30833333
0.5
0.33333333
0.33333333
0.0
0.5
0.33333333
0.30555556
0.53333333
0.30909091
0.5
0.3
0.40909091
0.0
0.42307692
1.0
0.5
0.33333333
0.33333333
0.33333333
0.0
0.55555556
0.4
0.3
0.2
0.5
0.13333333
0.48888889
0.26666667
1.0
0.46153846
0.0
0.0
0.51111111
0.33333333
1.0
0.5
0.8
0.4
0.5
1.0
0.42857143
0.5
0.26666667
1.0
