2.7625
1.80246914
2.36585366
2.40243902
2.42682927
2.23076923
1.88888889
2.06097561
2.34567901
1.95061728
1.72839506
2.14634146
2.23170732
1.68292683
2.13924051
1.96296296
1.8902439
2.35
2.34146341
2.07317073
2.12345679
2.0125
2.08641975
2.18518519
2.12195122
2.12195122
2.33333333
1.98780488
2.01219512
1.75609756
1.96341463
2.06097561
2.51219512
2.32926829
2.06410256
2.18292683
2.7625
1.92592593
2.74390244
2.02439024
2.27160494
2.1875
3.0
2.23170732
1.90123457
2.40740741
2.32926829
1.81481481
1.75308642
1.875
1.86419753
1.98780488
2.75
1.87654321
2.1097561
2.39240506
2.22222222
2.35802469
2.48148148
1.59756098
1.91358025
2.17283951
2.18292683
2.23170732
3.0
1.81481481
2.0
1.70886076
1.85185185
1.80487805
1.91463415
1.75609756
2.08536585
1.84146341
2.41463415
2.02469136
1.71604938
