0.3
0.66666667
0.0
0.0
0.0
0.33333333
0.46666667
0.52380952
0.33333333
0.16666667
0.28571429
0.42857143
1.0
0.60714286
0.66666667
0.33333333
0.83333333
0.41818182
0.39285714
0.0
0.0
0.0
0.0
0.0
0.38461538
0.33333333
0.6
0.2
0.8
0.0
0.46666667
0.1978022
1.0
0.5
0.33333333
0.42857143
0.0
0.43274854
0.61904762
0.3
0.66666667
0.3
0.0
0.0
0.0
0.46666667
0.0
0.47619048
0.28888889
0.33333333
0.0
0.35164835
0.43956044
0.37777778
0.5
0.53571429
0.25
0.0
0.53333333
0.46153846
0.39285714
0.0
0.44444444
0.16666667
0.5
0.4
0.5
0.0
0.44444444
0.27777778
0.0
0.46666667
0.34545455
0.66666667
0.0
0.0
0.35555556
