0.30769231
0.26666667
0.42857143
0.22727273
0.29411765
0.25238095
0.3030303
0.24242424
0.25833333
0.3
0.37777778
0.35897436
0.22727273
0.41666667
0.15555556
0.21818182
0.32380952
0.39766082
0.3974359
0.47619048
0.3
0.34615385
0.33333333
0.4
0.31111111
0.2952381
0.40909091
0.24358974
0.38461538
0.36029412
0.23715415
0.25641026
0.38095238
0.33333333
0.33333333
0.27619048
0.46428571
0.11111111
0.18095238
0.13235294
0.52380952
0.2
0.32142857
0.19444444
0.23636364
0.14102564
0.25757576
0.18333333
0.29487179
0.42857143
0.29090909
0.31666667
0.3
0.38095238
0.24358974
0.33333333
0.32727273
0.33333333
0.31666667
0.39316239
0.42307692
0.42857143
0.47252747
0.18181818
0.14545455
0.18681319
0.31111111
0.44444444
0.26666667
0.31617647
0.30769231
0.34285714
0.33333333
0.32105263
0.33333333
0.30555556
0.44444444
