0.50909091
0.16666667
0.4
0.66666667
0.33333333
0.34545455
0.66666667
0.19230769
0.33333333
0.42857143
0.17857143
0.52777778
0.17857143
0.28571429
0.39285714
0.3030303
0.41758242
0.64285714
0.6
0.44444444
0.3
0.38095238
0.43589744
0.3
0.31111111
0.57142857
0.33333333
0.39285714
0.42307692
0.40522876
0.4
0.33333333
0.39492754
0.42222222
0.37777778
0.5
0.46428571
0.23809524
0.28571429
0.32727273
0.5
0.42857143
0.2967033
0.23809524
0.31111111
0.44444444
0.5
0.0
0.44444444
0.33333333
0.33333333
0.33333333
0.26666667
0.36111111
0.41818182
0.34848485
0.0
0.42857143
0.66666667
0.50909091
0.55555556
0.39285714
0.39285714
0.24358974
0.3
0.4
0.4
0.39393939
0.30555556
0.25454545
0.46666667
0.42857143
0.42857143
0.2987013
0.35555556
0.36263736
0.66666667
