1.5099714922054208
0.8261617852269664
1.7025973759480524
1.4795321665979275
1.3716577758325232
1.10671933839921
1.1333333565555557
1.480943749976845
1.0929032068649325
1.017579425619594
1.0323574763808727
1.4666666666666668
1.2551724181379311
1.0736841872631582
0.7535885408083608
0.9871794781972387
1.15670996414496
2.2684124696751056
1.2874999923828128
1.0728421160528843
0.5328185261943024
2.179951728434153
1.1229166507252608
1.5079695265898752
0.8757945875074961
0.8821793700434649
1.4141413975665749
1.5199999798400001
1.0226835786537607
0.7932588617935952
1.3277310999999998
0.6269592363636364
1.5422276800518067
1.369565211436673
1.826923076081731
0.9879245404069775
0.8741964975796533
2.0901960402260675
0.6386404348758165
0.9531997554737865
2.224390247361095
0.7540106742886559
2.2790698367225546
1.3445377743450326
1.2121212
1.1929824444444443
1.1513227435673132
1.3608207573798665
1.160720033021062
0.9309677534895485
1.011396
1.6947368204421054
0.9807692534023669
2.291666633854167
0.9629629655555556
1.233270781073537
1.0
1.8545454229090916
1.0339181276608187
1.1480090854161806
0.9325931848720947
1.645161266441207
1.2749999799187501
0.9241526187810405
1.312500020507813
0.8534759148425135
1.046588696519385
2.0454545454545454
1.1288961087162044
0.9035714296803572
0.9249493060434318
0.9241379206068967
1.1968873724513651
1.0175438790397047
0.869318173668324
1.36354166019987
1.0431654568190052
