1.529411735017301
2.6415094720897123
0.6333333574000004
0.0
1.4479934522982936
1.238095260544218
0.9588719454123928
1.5954545569418184
0.93567252
1.399230786613018
2.060370039843221
2.085365869934563
1.850968730602233
1.3194934762810102
0.558823524480969
2.9677419656399584
1.4249999715000004
2.8138614190134303
1.3154762052210887
1.5147541217027687
1.510989
1.3275861993430438
1.2214285470000004
1.9172268902010876
0.9166666758333334
1.5407190453739412
1.9611285730424828
1.4095409539791108
3.6142857390693877
1.4788732311049395
1.3749999916776316
1.4459036949508077
0.0
2.08000000336
0.8260869672967867
1.8057285452839527
0.0
2.4715447421971053
2.7017543639242847
1.2730972645128809
2.1111110891203704
1.5399999593440006
2.138888923348766
1.3258928645089287
1.3500000135
1.982142833265306
2.1428571514285717
1.2586156983727075
2.1388888863425928
1.8749999868750005
1.730769224112426
1.1685483753931454
0.0
2.0923076622643
1.23376625
3.4390805105477615
2.2750000322291672
1.9841270000000002
1.4104477645388727
1.0198142520677473
1.4957098067905454
0.8793103793935796
1.6783216997617767
1.5454545623140499
0.0
3.080000052800001
2.7861111021388885
1.5277405797419124
2.1126760265820277
2.051282038319089
2.662036971195989
1.2888888742814815
1.3873015545661382
1.3386243700529104
2.058823563927336
0.7600000136800003
1.2345678888888887
