3.206250050097657
1.846345485454879
0.0
0.45112780577760203
1.490683226248987
0.0
1.1666666375000005
1.1429951859021217
1.3461538197485208
1.769230724319527
1.2962962689300415
2.833333319166667
1.2499999718750003
1.8036036124903823
0.0
1.1666666375000005
0.0
0.0
1.4249999715000006
3.5686274079469444
0.42857142428571426
2.4999999812500002
0.557971023226213
0.0
1.0909090937799044
0.6538461689349113
1.302325627961061
1.7473118044716156
0.8457831198943245
0.8463541534423831
2.6772486659872348
3.870967791883455
4.136363666446281
1.7333333391111112
0.0
1.5277777496913585
0.0
1.904761911111111
4.749999905000002
1.117647062768166
3.777777758888889
0.949999998575
1.7694444477305555
0.0
1.7989418293239274
1.5909090713842975
2.3333333499999998
2.11111106888889
1.203124975185547
1.118918922799854
2.51851854090535
1.57278911612206
2.90909088
1.4882352769008076
1.3800786439652746
2.3636363571900825
0.883690721188362
1.8503401578620022
0.0
0.967741934391259
0.0
1.2380952221768706
0.9068100213625853
0.0
5.0
1.8627451163014228
0.0
0.0
2.1260504312605044
1.195804209499731
1.6851851664609054
0.0
1.449152541390405
0.0
1.149999978916667
1.318840580856963
1.3016529012238918
