1.4161184184439923
1.1310344846306777
1.5428571448653061
1.2244897930723309
1.1773049589296312
1.2554879193204949
1.096707821859282
1.0629370643004548
1.5474426844452507
1.477477478326029
1.1763171619555204
0.9864864831172389
1.1702127615029425
1.1338028125907558
1.2729878194054074
0.9329460167846174
1.200000002262069
1.064677420728616
1.2867647014046282
1.2097902105120053
1.2282135059799917
1.3690559432900387
0.9434786217326229
1.3622004323703223
1.2094594590476626
1.2397260290129481
1.307613171559785
1.1241830080071766
0.9640287768086537
1.2071428595275508
1.1751824773829185
1.3197278896385765
1.5524475497608685
1.0397351039410552
1.4482696807282407
1.298611109054784
1.302027026147279
0.9988477359983101
1.1973684214785318
1.1232876743103772
1.2163257789996949
1.2812499964200368
1.3310763896283757
1.241379311709869
1.4552469169195819
1.1926264195688396
1.217687073084363
1.0267051899951625
1.0978960174401757
1.0321180561289545
1.0880994331775111
1.2575757532460972
1.1915625013405078
1.1831790160810765
0.9931506860086321
1.4473168075538307
1.3222474149402426
1.1225329623683091
1.6459721142776778
1.3649634985380148
1.10875955069199
1.2402910682868253
1.1532846707027544
1.5035460928977415
1.1057575768298256
1.1163537992228871
1.0949861390156708
1.4237085159299268
1.2459639141281322
1.3475177262481766
1.2600000025146667
1.2043795589418722
1.2361111133256173
1.2714285753612247
1.3191489307258186
1.0802883408377
1.082647464073693
