0.0
1.021383675597722
0.0
2.5904762152707486
1.8430334724051216
1.204761938968538
1.2962962689300415
0.8892025479696736
0.0
1.3571428164285722
2.7886497505294487
0.0
0.0
2.2330096746573664
1.2571428854285716
2.2027971999731037
1.6348039454606405
2.6322580237585855
1.1659090977985536
2.7017543639242847
0.6015625056396484
4.12500004125
1.8749999765625003
1.3076922986390533
2.4157895035637122
2.520547992336274
2.1792452776735494
0.0
1.984127
3.6206896052318673
1.7865786608728993
1.9384615582721894
0.0
2.5490196417531723
6.176470660899654
0.0
4.246153780828403
0.0
2.1538461196745566
1.7744755098608123
2.2500000225
0.6258503264269517
2.7499999868750002
2.920634929674981
5.66666661
1.9124999707148445
0.0
0.0
2.3657142708440815
2.2705127855818548
1.3153845890769236
2.71384615428355
0.0
2.4444444087962967
3.442622956463316
1.5059523898267433
2.4782608631001892
2.2857143040816332
3.499999947500001
2.0000000300000003
0.0
3.5625000734765635
3.8268397353168067
0.0
2.10000000525
0.0
4.178571416632653
0.0
4.080645136938085
2.037036999588478
3.7297297579547117
1.6927083068847661
2.9482758320778837
1.5530973544788158
1.25999998992
3.89690716507174
2.3489361712123134
