1.2343309838293
0.9844189028707623
1.1575342498836554
1.1643835638750235
1.157894732867036
1.140752860026233
1.184659835504511
1.035211267686967
1.0264060386257812
1.0884618959132446
1.1031077049982472
1.2361111133256173
1.0069444433371915
1.1268656698151036
1.065470706257476
1.2089883680640203
0.9444444476080247
1.1150337830303827
1.160839157951978
0.9861111133256173
1.3220932404376955
1.090425528821488
1.0615569273953094
1.310951238640972
1.1449275367485823
1.0638297826558019
1.0055055021584423
0.9794520580258961
0.9791666699884259
1.1478873231303315
1.1167883202504127
1.2112676061218013
1.1619718278952589
1.1773049589296312
1.160035368126955
1.013245036457173
1.0384868401922611
1.0972977651203928
0.987341768998558
1.160839157951978
1.0485008856615017
1.144708027358863
1.1348214306789541
1.1597222252276236
0.9583539110055858
1.080747411161657
1.1045751626630782
1.1431930798827878
1.1192835981082532
1.0815517259280856
1.10378335303714
1.1294964058485584
1.5118750017008595
1.0602268945539008
1.2434210509989612
1.051367905485636
1.293552813774196
1.2021604938623114
1.1425044089789367
1.0510948882391176
1.293552813774196
1.4227560859305703
1.0684931511465567
1.3785714331316328
1.1981418910823367
1.1799063433322587
1.0053639875950853
0.9756962058310212
0.945302920789504
1.1760563384348344
0.9933333343902223
1.0362318841871456
1.0875912386914592
1.0212765922800664
1.1205673737005182
1.1143085546146105
1.2505446563587723
