1.4666667114666674
1.2698412666666667
4.312499962265625
0.7142856999999999
0.0
1.235224609511594
1.36000002652
3.585365766210591
0.0
1.5782312908260445
1.7162004577704493
0.0
2.300000046000001
1.2056737787837635
4.8571429508163275
1.0439560314285716
1.8560605758996216
0.0
1.2512195219607378
0.0
1.2121212000000001
2.380952380952381
0.0
1.7804348096469758
2.212184911426595
1.917293280712308
3.6428571272448975
1.5172413820570747
2.3297490842775663
1.4728681921759512
1.3565891353884982
0.7228260649350191
0.9927272800581818
0.0
0.0
1.5189873609998403
1.9732142359502562
1.1189189273864135
1.1265306220618074
1.8740740639228397
1.5817307674833578
1.9714285590367349
0.0
1.6190476259863946
4.2424241865013785
1.4736842247368422
2.2666666440000003
1.840449477197324
2.5415524946406456
2.3491525001677687
2.0871211732575765
2.1801242499324878
0.0
3.8333333946666674
0.9749999926874999
1.2047619009755102
1.7581967321754908
1.8658536321415826
1.6714285799756492
1.4905568872945376
2.270270309846604
0.0
0.0
0.97777776
1.140000025992
0.6375000090843749
2.138888923348766
3.181818190495868
2.700000027
2.462121211534993
2.6371308181915296
1.0833333532894738
0.0
2.2666666553333332
1.5059524033265308
0.4812499948867188
1.4702380988194446
