0.0
1.4195804193544916
0.0
0.5923076646286989
0.0
0.0
2.6923076798816568
1.9591836461807584
0.0
0.0
1.1396396226990504
4.442307595772931
2.1840000375648003
2.007936480134311
1.5065217325803402
1.2252252288677867
1.4551440514531324
1.6618075653656215
1.9047618999999998
0.5935672577100646
0.0
0.0
1.923076923076923
1.584905675329299
2.5499999980875003
1.9393939272727272
0.0
1.241830065115981
2.6772486659872348
3.982758637856718
1.9249999675156255
1.9124999890031251
4.565217371455577
2.747584553343311
0.0
2.2619047780612247
0.0
0.0
1.5252144017361724
2.516129091914673
1.3276859410734412
0.0
0.0
2.383333313616667
2.320000056304001
0.0
2.1840000375648003
1.3571428164285722
0.0
1.8827586179072533
5.0555554993827165
1.994999994186
0.0
0.4885714201679999
2.190476186303855
0.0
2.5341614550580616
3.7254901818339103
0.0
0.0
0.8324324437377647
1.8421052544321328
1.662499995190625
0.8095237994047619
2.9805194836806375
1.3902438993872694
2.962962977777778
3.3999999660000007
0.0
1.1892045561993962
0.5416666446614586
1.9488795634410534
1.924999998075
1.7588652701815808
1.2061855390317784
0.0
0.0
