1.0952381144047623
1.7296918777420773
1.1550000210787503
1.382513643750784
0.0
0.0
0.7799999890800002
1.860294142268599
1.2954545401549584
1.2324510988818806
0.0
1.1822660112790895
2.6464285602830357
1.5016906058429518
0.7996515406390757
0.6209677506490634
1.4524605950320948
0.0
0.8270270111570492
1.0600303780209213
0.7237113306561804
0.0
1.1818181785950412
2.371874970722168
1.9130434651606807
1.4237288183855215
1.7391303871455583
1.899999962000001
1.1876075734931464
0.0
0.0
0.6714875984985442
0.0
4.1176471072664365
1.4999999999999998
1.7674418563547865
0.7307692307692307
4.874999884218752
1.6483516361792057
1.6283875504623158
2.0
0.7499999906250002
1.2000000270000002
0.823529431747405
5.66666661
0.9523809666666666
3.187499967128907
1.8463768448519224
4.0714284900000015
1.9763593509632313
0.0
2.3741935267991674
0.8250000082500001
0.0
0.8
0.0
0.0
4.026315839272854
1.1728394792409695
0.8852203044874033
1.2537313395411007
0.0
1.813333303866667
0.8535489687534965
0.7446808786328659
0.0
1.8560793622284488
0.0
0.0
1.727142868834286
1.9649654075234073
1.215615624897005
1.3725490220299885
1.4735772511550664
1.0350000087975
0.5844156106257384
2.188478197962845
