3.0622710378228613
1.418928010780398
1.6136842130905262
1.1522633703703704
1.5906976636906436
2.380952434013606
1.9351851815200616
1.6249999606250007
1.1607143240178581
1.3258928645089287
1.4972253152788304
1.147540974012362
1.2115384498890533
0.9195402413793103
0.0
0.6578947586565099
1.5812500209283091
1.1844155700410863
2.787990138785234
1.661129562079889
0.46341464205829874
2.4621211896543564
3.869047596017574
1.7769230856710059
1.3041903440020917
1.4208223910471822
2.1198346827291514
1.8529411753806226
1.923076923076923
1.3855263191439058
2.1222810471618008
0.8341463479738253
1.91666665
3.537931102801428
1.9897959284256561
1.1585366036763831
0.7966456898303075
3.015873075352735
1.3441558650649355
1.13230768904142
1.5853658681588345
0.8461538664615388
1.3194263520856078
0.9591567860777913
2.4480000421056007
0.7900078023540779
2.2028985656899818
2.4444444333333335
0.6562500233789066
1.6874999789062501
0.0
2.4632353
5.624999929687501
2.370023407062234
2.0800000249600004
1.2214285827267857
1.3865546340936377
1.6153845998520713
1.5388434118840941
1.2687116722207086
1.6053555864584017
1.1882716090192045
1.59477124
1.05494504
4.044444583303708
2.651162786073553
1.7283142602691788
1.4935065213358074
1.840000002944
1.1249999906707318
3.0017360524587686
1.4110671888339923
1.63298967288426
2.549019635582469
1.51450383529165
0.6740740665843623
1.051288919703024
