1.2577639893966284
1.4434947400189941
1.2696078443483276
1.314285760285715
1.1452631771351578
1.1115942112129806
1.0826968335673255
1.460793447454344
1.5076922999384614
0.8681992453486591
1.2019565002025048
1.3968254
0.6758893301660079
0.8157894813815788
0.8499999915
0.8886329063034543
1.101790791840851
1.7455242837151117
1.5624999893750002
1.0952380873120302
0.9758064386927681
1.3453763145462367
1.0140350928679593
0.8749999915364585
1.2496356021594524
0.991374431231808
1.5330687393386253
0.7531840082979555
1.2479372556527957
1.266829870389115
1.3610320823474236
1.1495798578804324
1.6435986326236516
1.0942760799559381
1.0885167657079164
1.0476190794217692
1.0505050545454544
0.7988215417187021
0.6561403632280702
0.9617768688129226
1.1930232477679825
0.832535863867204
1.03333332
0.7892307534461541
1.0336134703361346
1.224089612906496
0.9850149838000462
1.3061224513536025
0.6295057637847575
0.974052807540141
1.5454545237603308
1.1030785074594278
1.1228069775438605
1.4882352769008076
0.8028656341234731
0.9090909129870131
0.7777926416910571
0.7109880011712105
1.0208927083333332
1.462895007564859
0.7712301570017362
1.7662337477685954
1.0123210250236943
0.6719367499999999
1.665584374870131
1.275303668291072
1.3235294382352945
0.788571423614694
0.912131339813364
1.2854794696641023
0.8670408999246565
1.1829302905365577
1.349206347845805
1.1309523608630956
0.61749999536875
1.2355890026512715
0.9165510760529022
