1.4213333354179556
1.1659429591712158
1.1589403994728302
1.3133333328595558
1.0604026859303635
1.1242877474301598
1.0756172851808985
1.1600000019680001
1.298595151114916
1.1931216970729404
1.2003527382292265
1.435714287094898
1.1489361692228761
1.0425531903757357
0.9379289340972125
1.0978034340513774
1.16216216380935
1.2758741251603503
1.26530611857837
1.32857142932449
1.1612200427848263
1.2973776216518167
1.1539324871866112
1.1318587106288105
1.3111111166452676
1.3214285733112245
1.375934618097012
1.3309859139476297
1.4895104911946793
1.208633095689664
1.1438848927653846
1.1851851863100138
1.590277780466821
0.9862068987357907
1.1003418804138347
1.173611111902006
1.429225349697084
1.0689804012201507
1.2777777790432099
1.424242424054178
1.1354688035571159
1.1443493182036968
1.2327702694373175
1.1013513516882762
1.1043771024946434
1.1215916176414327
1.1818181812968849
1.0765084309974506
1.2943562615466615
1.0108620706386682
1.0743260270794233
1.157142861577551
1.5092024525063044
1.0261190862123064
1.2364864872726442
1.3365701466755349
1.0335837020791139
1.109419924135397
1.3429075324547213
1.0503597101081723
1.279894185091232
1.2497232867581625
1.2307692281226466
1.2875816959835962
1.5834935933978058
0.9564921232383318
1.1740397839855776
1.1851501989717763
1.0640713702620752
1.1958041930373124
0.9726027440345281
1.078571427860204
1.0416666657175926
1.0629370643004548
1.087837834805515
1.274535929406141
1.0563607093957852
