1.1564102590788956
1.1729246484241511
1.0629370643004548
1.0608108121210738
1.2173913051228733
1.3506537661804532
1.0743260270794233
0.9857142879734694
1.1031077049982472
1.1280423325235072
1.0846560855857899
1.2847222223804013
1.2867132865528876
1.0287769797329331
0.9961770444279907
1.1691879664746119
1.2230215826064903
0.9571691149726157
1.1034482764470868
0.966887417002763
1.1425044089789367
1.2100694451167053
1.1272217783624914
1.2342296644773416
1.1748251754266712
1.1489361692228761
1.1737341189099706
1.100000001757143
1.0070921974266887
1.0928571457438776
1.1342281885104273
1.027210879951872
1.0632911394375901
1.2302158260649034
1.1468531462115505
1.0
1.2758741251603503
1.39380926620559
1.1118881111262164
1.1126760554433646
1.0123456778573203
0.9538194449743442
1.010664335098929
1.2335766405008257
0.960430516190737
1.0997424285609656
1.1276595711272068
1.0674393212412638
1.2923561810145923
1.0477777799509467
1.4132073888912244
1.187050359415144
1.1993197257699106
1.0263090666642356
1.0
1.0448945189991787
1.0907668219592674
1.1680911691367322
1.332425557159399
1.057142859820408
1.0961260100901395
1.0266040684057396
0.9932885916751497
1.3310810777492696
1.1593103467464445
1.1740397839855776
1.1740397839855776
1.0854637228087867
1.2459639141281322
1.0620689669992867
1.0437956193457296
1.2191780870388442
1.184397162171923
1.1824817522617082
1.0135135113422207
1.0536659095649448
1.1977047426235976
