1.2047077925207033
1.668624947313586
1.6433566432764437
1.2147650994153418
1.2642857193479593
1.3596581231941653
1.518518520598681
1.1958041930373124
1.4056310520903819
1.1559893201648723
1.2454036772988515
1.5289855055671078
1.407142857184694
1.26896551989346
1.253929146947891
1.705733136728036
1.2123287730474763
1.3448581522131684
1.3546099236748654
1.4160583927625339
1.2742812722941084
1.1663793122753865
1.1363063740446282
1.4838491507776688
1.4428571431081632
1.1958041930373124
1.2162208516479003
1.4758620727876337
1.4397163102419397
1.1164383603190093
1.2681159406080655
2.045112780888688
1.2553191480700168
1.087837834805515
1.3526985832991896
1.0694444447608025
2.3843971563563198
1.3497942385345654
1.6249999947242646
1.1773049589296312
1.1751705101117929
1.5052447544026601
1.2272108821831644
1.335616441741415
1.1328630184290756
1.1680911696186718
1.078947366433518
0.0
1.4033205634261856
1.0394366179615155
1.474355790526586
1.2260274010302121
1.2349397614167514
1.2148148178727969
1.321678321638222
1.488005665041675
1.2356572247827224
1.4712757197578712
1.4725028023930054
1.4841269769475938
1.2075837793855126
1.570881229910424
1.154929575512795
1.3191489307258186
1.284760277492494
1.326030255505301
1.2654320994152488
1.4531645575776515
1.201705305037198
1.357142859234694
1.3219178137586791
1.2205882295307093
1.3829787191972234
1.027210879951872
1.7074829903132953
1.4725028023930054
1.3037785227215475
