1.7489510479726147
1.2342296644773416
1.5503355706914104
1.5244755262800138
1.2450331174378315
1.3085888451420482
1.082647464073693
1.7284768259392131
1.2388845731530715
1.0765084309974506
1.0734940739893264
1.3489932879257691
1.1328671344711232
1.2000000048592594
1.2613363248317273
1.3864734273682
1.3125000014236112
0.5774647877563975
1.3561643893319573
1.4532374086713937
1.2943562615466615
1.5375000008541668
2.0036008250020005
1.2051734268479926
1.047619045494007
1.7185185204532236
1.4075765304317165
1.1088435365421816
1.0208333357060186
1.408450701704027
1.408450701704027
1.173611111902006
1.4647887323130333
1.4233576616559218
1.5176959175757252
1.3687943243438458
2.133108106666819
1.3792360601527125
1.606896551763139
1.5248226909934108
1.3753937894489277
1.4859060408668079
2.092413796566754
1.2808219185775942
1.1043771060954533
1.797280372551907
1.4013605406506549
1.1763171619555204
1.3544487047246048
1.2284926436262706
1.3451716602607444
1.1830985908172982
1.925160260852934
1.3638545970076972
1.4545454561093452
1.3610528975973515
1.378513260912019
1.3025986361943505
1.5040564375075334
1.2027972046417916
1.2443415672190785
1.6348439555021548
1.2714285753612247
1.3061224440844093
1.3878882016887082
1.3475594825965072
1.1648909192188792
1.299335218920385
1.1128622698925894
1.160839157951978
1.2129032290489072
1.5034013572048683
1.4452554743214874
0.9657534300431602
1.5400000018586668
1.808258834165394
1.0539489290519148
