1.8918918320672033
1.4351395486914673
3.507692237538463
4.205882279005192
3.2765958168356732
1.936919470891519
1.6262626152637487
1.4669452660686397
3.5544303019093113
1.9487179628904432
1.666666653703704
1.8957871355280949
1.42222224
1.0178571502083333
2.3673740577837745
2.14285716
2.211402102427621
2.0151515066460055
1.9943181874838583
1.1568627715686277
1.5641086162503566
2.1319120902773685
1.0273972743479078
0.9025316467194361
1.287878810089532
1.7499999890625002
1.8269230632211537
1.9210977690669602
2.3070987583114233
1.532544362257624
2.0520694190078985
1.2000000083999998
2.0
1.7788065720873343
1.764057612272968
1.0658722459044552
2.0187499584628914
1.8958333322395835
1.2121212
1.4666666813333336
2.5803571291964285
0.930147042231717
2.8235293453287214
2.28571428
2.0
3.4716980493414042
3.1492248485329912
1.4945054810549452
1.9085106185153915
1.5030005446936192
2.5147058620730554
2.4807692498076923
0.0
1.28153847855858
1.4504854676063723
2.0089285623883932
2.266666715200001
2.1250000318750004
3.076923076923077
1.5384615332692309
1.3965812311384622
4.105263218393353
1.9546153383443086
0.8719232228592478
3.6400000626080007
0.0
1.961770616466404
2.417777745863111
1.3609467021392816
1.3499999965799998
1.8065268076923076
2.0843672276714966
1.546218512308453
1.3787878443181825
1.813333303866667
1.2954545401549584
0.8333333333333334
