1.554545490545455
1.213235299567474
1.5428571606857147
1.3902438993872694
0.9670329563956045
2.763636291090911
1.569230741446154
0.8648648607012417
0.9813333471701333
0.9553990574360246
1.1535714232209822
0.8444444275555559
1.2800000364800004
1.3933333286106668
2.361111106388889
0.546934349896124
1.5714285832142856
1.8888889255555557
1.2005494067032976
1.4571428347526134
0.3990929678337729
2.920634929674981
2.5833333075000002
0.8634920588045352
0.8781818099645454
1.5145631094429257
1.3700072931834508
1.1191222449086586
0.7582417575824175
1.4948402684397373
1.3983193117190877
0.37012987585807056
0.9615384305769237
0.9543109761163083
2.153846136094675
1.3392857082589287
1.2327586279934601
1.2035190696717435
1.3471698119786402
0.9021450378751076
1.95555556
1.0656370896859022
1.2974358645009867
1.5545454637314051
1.074836605408753
1.3124999873798078
1.1367521427350429
1.9603174150793659
1.9422222529600004
1.186046513834505
1.0898725697896299
1.2734553933698143
2.2666666984000003
1.5369457856972997
1.1961722378745907
4.705882265743947
1.6934866175293968
1.2221924452569441
1.550116536930494
2.077922066666667
1.944715449890938
1.8529412314048457
2.092307640697437
0.46280992727272724
0.5795454642045454
1.5149501521084754
1.5267857610435274
0.9333333520000004
1.0833333333333335
1.8490566344250627
1.6282199022172466
1.5591036275497117
1.5150327052705888
1.5679824156044415
0.7263157880720221
2.9247311521331953
1.1144047574987754
