1.9242598448214496
1.2798716816008653
1.2723214586300227
0.0
1.3574660630290125
1.075772485084175
1.181818173939394
1.3768115983931948
1.26666668
0.7867177467446164
1.2037036782921813
1.4519999563872008
0.977142874536
0.9371817661458672
1.5833332858333342
0.9283819630568004
1.47562580582638
1.0555555573148148
0.8415678523850162
0.9591346331114786
1.5194804999443414
1.7113095365978424
1.3999999844000002
0.8169807194577207
1.1111111303703705
0.9871794596423755
1.308203982726732
0.8809716885216284
1.0313718365869744
0.8582949428571429
1.0453216149168498
2.1003861223833877
1.2466666655333332
1.6774193635796046
1.5369457703729779
0.8006689139101352
0.6375000090843749
1.306652087280462
1.1538461665991904
1.0038849968672925
2.3425925544680473
0.9245282974012105
1.2857142342857153
1.0372806955226608
1.6937728790577629
1.5441176652249136
1.6799999865600002
1.372549027019608
1.4971531857752889
1.753846179569231
1.4801271888750913
1.2554347963836052
5.133333353866667
1.4129870204533648
0.9295199147404483
1.4876373412455848
1.7934065839797126
2.828571456857143
0.7995401349601234
1.0241417531034822
1.3410074692135345
1.7539682736281184
1.5617283807458848
0.8224995382847545
2.2826086857277885
0.6296296478189302
1.430541842833498
4.28571438214286
1.2151472542325752
1.1778846371544474
2.2222221919753093
1.0986352110242739
1.3096774321896774
1.68103448171522
0.937500028710938
2.1885058050194224
1.1000826790309246
