1.212676054288435
1.1397738052364903
1.1197183078258282
1.1986301394483019
1.1025641074161734
1.2056661265982287
1.320450883773717
1.1118881111262164
1.1000823066801209
1.1761074743608761
1.2148148178727969
1.1470588176773358
1.138888889521605
1.2014925358520827
1.0515429811360446
1.397322204539737
1.1034482764470868
1.17658450505366
1.2799999993439999
1.0579710111342155
1.1286286295076835
1.2604729721213022
1.062603969893322
1.3521540172855082
1.251700678602434
1.1142857137836735
1.0193273774113003
1.1849315114655656
1.269503542923394
1.3805970155647138
1.285714287387755
1.2916666657175926
1.2857142879962893
1.1417910466941412
1.2303893689222891
1.1151079130324517
1.3012411310603087
1.2262215245472314
0.9870967762414152
1.2269503525476584
1.0053639875950853
1.1567857164340307
1.0860927179650015
1.3777777788576133
1.1344015355052437
1.0706101764536762
1.1854304669567124
1.2312312291680871
1.1177983528432214
1.167361111759645
0.9660292115299117
1.2123287730474763
1.125490195195694
1.2119631335854144
1.2411347474010361
1.2764283271105215
1.3015872974257638
1.0123456778573203
1.3189010600243927
1.1134751762738293
1.0629629621169312
1.0441804499426641
1.172661872498318
1.5069444433371915
1.14375
1.0052164819630143
1.2189468385243116
1.2381555172994316
1.4462081141143865
1.1347517685538957
1.2377622397271262
1.1126760554433646
1.3703703726200276
1.1629629675972566
1.242647055498486
1.4462081141143865
1.227738372545423
