1.6666666499999998
1.6866929634083354
1.486928117493272
3.0894309625024796
0.0
1.759259236454047
1.5056603934766821
2.271844698242059
1.3680000038304
3.0000000450000006
1.7711230352493244
0.0
1.6219512368054732
1.7080745031731035
0.0
1.60117303447356
4.3749999726562505
1.7586206809155767
1.5454545347552449
1.222222222222222
0.0
0.0
0.8701472312623995
2.7857142916836732
1.3611110945833336
1.3999999790000004
1.9428571706122455
1.1805555531944443
0.920052440044128
1.4778947404201663
1.7393162407264955
0.0
2.7272727768595053
1.9565217371455577
1.9354838959417275
1.896551684185494
0.7236842067936289
1.389473692894737
1.141258734381926
1.7006802857142858
2.4564860722631794
0.7450980465205691
3.799999924000002
1.181818173939394
1.3737373533394552
1.8666666226666677
2.888888936419754
1.9172932721349432
0.0
1.089244856738633
0.0
2.0105819794924558
1.369565211436673
2.22222224
1.5086206809155769
2.080000013728
2.6666666952380957
0.977142869426939
1.599303118595224
1.281318682043956
1.6959202890333296
2.124999912343753
1.6927083068847661
2.4266667131200004
1.2214285470000004
1.4615384176923085
1.9376456711631171
2.3333333680000004
2.067567527892623
1.9193548453199791
2.0051282069388563
1.6153846128994083
2.5999999766000004
1.909090904752066
1.3493333230784001
0.0
0.7794871964260356
