1.2005137019192158
1.204469675146107
1.1914893595986118
1.54362416236656
1.1103448270791914
1.195293295466557
1.3520589927592184
1.1489361692228761
1.2097212505924178
1.182249851086853
1.231805232178011
1.0709219800824907
1.1884057965847512
1.3098591510255901
1.453164560131308
1.435951312238436
1.1448275858948869
1.2451851877677915
1.112582785448884
1.0816326510120782
1.2742812722941084
1.1494642878490051
1.1128622698925894
1.0756172851808985
1.2642857193479593
1.2481751782876018
1.0747505543143852
1.300699298293315
1.021739132889099
1.0479452091724526
1.0551724163671818
1.2978723384457522
1.1250000028472222
1.105960269935529
1.3847922222920697
1.401408449321563
1.0890625006050347
1.0972977651203928
1.2138364799011117
1.3453237390973551
1.0793391419841996
1.2636986335991744
1.1156462565301495
1.268456377020855
1.080747411161657
1.242741591850055
1.3133333328595558
1.227738372545423
1.4006426553442264
1.5236486476191564
1.0255789567119642
1.276595740350083
0.998202613596181
1.0331473037894447
1.151079136223798
1.0308652718653843
1.2637335347370737
1.2927927900724374
1.0055967077415418
1.1804511297201652
1.2526867403256738
0.9984779339684328
1.1973684214785318
1.31205673329913
1.3168874205325642
1.1918395926472636
1.1043771060954533
1.1840600126780505
1.254428340179234
1.3310344868927468
1.2394366156516565
1.0283687897067553
1.2028985478827976
0.9251700689758896
1.1486486469265889
1.1776266034953542
1.1957416354221415
