1.937500033398438
1.1974789885354142
1.7560578488863279
1.9431817875767048
0.8108974396400392
2.1830508216098825
1.8064515724765877
2.2941176632525955
3.15789472
1.8260869485822309
1.1548672645861073
2.8499999978625
0.9499999902285713
2.635135093257853
5.0000001500000035
2.4181818533553723
2.081632649875052
2.443396217780349
1.7612524761815407
1.210758239562429
0.0
2.1799999556480008
1.7899774470421694
1.7339449442656343
1.4583333096354167
1.411830351010219
1.539473668455679
2.4999999812500002
1.9290465839732842
1.4647887382265423
1.5400000264000004
1.3421052663365651
2.728047709077431
3.392857061428573
0.9308642000274349
1.3896503398515332
1.96363636
2.9247311521331953
1.9151785120145102
2.1090909066573422
2.0940171418803426
3.494623608943231
3.373333383558519
2.1249999787500005
0.0
0.0
0.0
3.017241325624257
2.615384636508876
1.7460317774603178
2.0800000249600004
2.035714312433036
0.0
3.2571428302714285
1.105990814270849
1.0273972743479078
2.1195652573865793
3.392857187388394
1.3867924573531507
1.9146105337773003
1.9778138764687698
4.749999905000002
2.8571428175824183
0.9479166800954864
6.562500102539064
1.2777777415740748
2.857142814285715
4.517857214658802
0.0
1.7437366027991368
1.6764705660467127
1.983606573517872
2.2144521695953623
1.457142877959184
1.9696048565255773
1.7379250761889637
1.5697674602596
