1.5339655197803566
1.0051146387237844
1.4482758646040428
1.419580421024011
1.5734265731057753
1.0652063187071417
1.1743209903890042
1.3357664229644626
1.3670361353230076
1.138888889521605
0.9840283152536905
1.2465753486207545
1.1689189194804601
1.1931034516299641
1.1572015017856747
1.216173666798459
1.2500000014642858
1.2512068986226872
1.1751824773829185
1.082191784745731
1.3449735496406652
1.19460431740619
1.3619326798287286
1.1128622698925894
1.2949640289891826
1.2933333360302224
1.2021604938623114
1.2307692281226466
1.11594202821046
1.2237762222524329
1.2537313457496102
1.3333333314351852
1.1854304669567124
1.2384105964940133
1.2004000669492196
1.076923076040882
1.326883565279133
1.2955192952192898
1.4662162133336378
1.2676056309561594
1.2464936562987188
1.1195035429233942
1.403355705263096
1.2789115641325373
1.1618195375148266
1.7209876546246914
1.652173909426591
1.0743260270794233
1.4187618250209661
1.1317708339620949
1.144997874446893
1.1172413833664685
1.8003205169750984
0.9707424336184725
1.1470588176773358
1.1976630928964123
1.0512820537080867
1.261965164827302
1.514876985694156
1.0145985377867761
0.970455513054547
1.5879932191466721
1.154929575512795
1.1793103447105826
1.7458064538655567
0.0
1.115047414152878
1.1791957264857762
1.1286286295076835
1.0551724163671818
1.2071428595275508
1.1538461520817642
1.0791366898411054
1.0069930058702137
1.080536910904914
1.3893571736099704
1.2891020554597854
