0.9407534272349409
1.0557319268177878
1.0942028953213612
1.107594934967954
1.753521126191232
1.2542882437312357
1.1901901904120338
1.2814814856208505
1.0542358462966661
1.0985027556070843
1.3598673298745079
1.1812080522877348
1.1654676290399046
0.9662162161039081
1.2386497882166865
1.4462081141143865
1.0857142897306122
1.2176691725661146
1.0
0.9436619693909939
1.335434723871107
0.9755172429939596
1.0398924978886255
1.254738306470865
1.3401360496024806
1.1102941117506488
0.8866751798124278
1.161073827313184
0.9510489531742383
0.9852941140116782
1.088888893073251
1.1319444461844137
1.0482758657350773
1.326923077933925
1.284900287658278
1.2428571454510204
1.2718978081765144
1.1729246484241511
1.1812080522877348
1.2123287730474763
1.0053639875950853
1.1607615923250956
1.0249999991960785
1.1041666671412036
1.2025851386050677
1.256457401116433
1.1644736845654433
0.991107656228751
1.0670670686033332
0.9969178109504597
1.155025270666453
1.189781021155096
1.1742088597190554
0.9986653336495505
1.4178082208707075
0.9182083744266346
1.216173666798459
1.3055768460230237
1.12405278972257
0.8333333303623189
0.9769489742786299
1.0989278748177644
1.1605839395961424
1.1180555538155865
1.225147928849095
1.0189193541607582
1.1077115753154878
1.0244063888697466
1.108407674862411
1.2229729703898833
1.2068965528941735
0.9652777776195989
1.1063829730315378
1.034965035085334
1.0496453878024243
0.9594125725808529
1.0760597421952112
