1.8334507011265622
1.1037379950576323
1.251700678602434
1.3823529392257785
1.6137931080504162
1.389194140722789
1.1634420513403958
1.0875912386914592
1.4130658435628143
1.1280423325235072
1.3523125107632648
1.139860140341337
1.0469798637773073
1.1267605602082922
1.4218831322517345
1.268899039914792
1.1986301394483019
1.1477112656658401
1.1006711413828205
1.1079136695740386
1.4011451050429804
0.9906040272445386
0.9568746834434922
1.4371061032519685
1.2551724186292508
1.2781457004350687
1.0891443208372042
1.1292516965060853
1.0
1.1857142856306122
1.2230215826064903
1.1347517685538957
1.4324324294375457
1.729166669988426
1.3516483475413024
1.1891891864937911
1.2229310365069204
0.9855285747980188
1.275167785345705
1.1555555552855967
1.0195254328524102
1.2687062929965278
1.2436666684907112
1.2094594590476626
0.9873494854570873
1.1763171619555204
1.314685315768008
1.0482444614234199
1.0913229984643318
0.9758561670571403
1.0325925947144692
1.3071428612846938
1.1849710968959872
1.0841432413215795
0.9931034493678953
1.4060508090608488
1.181069962132236
1.2402910682868253
1.5772052252562876
1.210937498248291
1.1077115753154878
1.1012679333099542
0.9931506860086321
1.4722222209567901
1.339333335297689
1.1305758301552797
1.144997874446893
1.1178188901438775
1.0856075358949335
1.4135338361162304
1.4265734268942247
1.0694444447608025
1.3714285712612244
1.1259259303352538
1.2847222223804013
1.251371740417429
1.2693257395445978
