1.53846155
1.112195144534206
1.4571428474285715
1.2209302219388862
1.143790848402324
1.0095238
1.5993266188739246
0.8518518440432099
1.0046296055041157
1.3161290118792928
1.2939632754500179
1.6317016363636363
0.8373205886174768
1.434426243335125
0.7212121568980724
0.744385028562441
1.335714283357143
1.4170167301773877
1.8017093748968669
1.3749999963906252
1.185937485361084
1.345279743176653
1.069444439542824
1.3333333333333335
0.9607843215974626
0.9700680303848397
1.6209262624615686
1.223244123811982
1.373626357142857
1.14446369279768
0.7267627165697376
1.2820513
1.7582417267962809
1.4639639344868518
1.6851851496090537
1.1210084260771134
1.8945852246613462
0.46913578839506204
0.7285714337481204
0.527129815030732
1.8300180958179781
0.6507042197615553
1.3258928645089287
0.8109755975490779
1.2858181974853817
0.7793522251544854
1.4049587164537949
0.5881944369360531
1.0320512495192313
1.5882352984775083
1.5867768833959432
1.1350649358097487
1.4142857284285715
1.4603174298941803
0.8713017700153618
1.3768115983931948
1.6690909346836367
1.2127659504798551
1.3027426462372487
1.131831126157064
1.573846167581539
1.8367347262390674
1.9465310960141398
0.8797653729070101
0.8727272825454543
0.6796820345943917
1.10734463256727
2.165242121382132
1.124444459437037
1.1046165437616522
1.5692307919846158
1.182089542564491
1.2596899318550567
1.0631082440959978
1.2037036782921813
1.034946234920222
1.478260878241966
