5.250000013125001
1.9575757882038571
0.0
4.7297296085463865
1.749999986875
1.50000002625
1.350877212373038
0.0
1.0476190435374149
1.231070900368349
1.6044142337997704
2.210526327423823
1.9512194597263546
1.4373638245945295
0.547368415434903
0.8333333333333334
1.532258062044745
0.0
0.8270270111570492
3.5294118062283744
1.386160695996094
4.042553208691715
0.0
0.890343693408086
1.1333333106666668
0.0
0.0
1.6150696382495522
1.1213114809244826
1.4807692205177516
2.6508197129798448
1.241830065115981
0.0
1.5369457957159844
1.3553571643976405
1.6322580547752341
0.0
2.1874999863281253
3.3529411823875432
2.7671874658425293
1.7874564659020993
1.290322584391259
0.0
1.7722007441010126
2.0562500226406253
0.0
2.798353956726109
2.4369230486344624
2.093877533500208
1.5375000221484378
4.722222156111111
1.4505494811721615
0.0
3.66666665
3.499999947500001
1.6666666499999998
2.7204301048942074
1.7111110922888888
3.1506849620641777
1.9945725970311268
1.7592592343364197
0.0
1.84193891893067
0.6044444164385191
0.0
1.9999999400000013
2.4545454995454548
1.2362637307692308
1.4816160043667088
2.6373626948194673
3.75
2.211382111933373
1.8870968095005207
1.3076922982769232
0.0
4.500000045
1.5031578689684213
