1.6810000024654668
1.0891443208372042
1.2727272748124603
1.4482758646040428
1.9000000049200003
1.4427939892846247
1.276125887138942
1.43065693054931
1.3798410300817563
1.525452395686171
1.2943562615466615
1.5782312882289786
1.3034482787091557
1.2230215826064903
0.0
1.24141659464882
1.7412587426622328
1.120666668310311
1.1768707475783238
1.2323943632691927
0.0
1.6701048941705707
1.37913758853081
1.5665495150026212
1.234899329893248
1.622377619931537
1.3291341207784022
1.3265306096265443
1.3649634985380148
1.3503649607512387
1.2323943632691927
1.4693877516867972
1.460000003608
1.2894736805193907
1.385135134199233
1.3496503508533424
1.422007039850129
1.084656086515495
1.2635135099570856
1.2877697855307695
1.3635676443909688
1.4307291674615163
1.4041095928879714
1.1721854359300032
1.2602670679750378
1.2605336538845595
1.2658227835619293
1.317436159910784
1.7698351004084838
1.0180272090837614
1.7095903903949956
1.3194444447608025
1.5172697340471346
1.2243910551186545
1.279720280682674
1.449120501545226
1.2859526160230053
1.4452107328748316
1.287813891327676
1.084415586905043
1.1517266023978001
1.3201534862701667
1.32608695768431
1.4675324673941643
1.5936643879278476
1.3451716602607444
1.3146433504525796
1.105816165668641
1.347514182467896
1.1971830955822258
1.1575342498836554
1.2027972046417916
1.4671532810016517
1.0872483247331202
1.5744680787958354
1.4821270066806846
1.293552813774196
