1.3596938751461196
1.2584019193102232
1.5422535200694307
1.3537414951566475
1.092715233478356
1.1081081073593866
1.0263090666642356
1.2937062924231015
1.2927927900724374
1.5112874786638197
1.1977047426235976
1.2945205521767686
1.2847682159484233
1.3188405820352866
1.5746146531333345
1.0492926000668295
1.2394366156516565
1.0966783210647955
1.356643356723556
1.2928571434010205
1.3449735496406652
1.2598958340332755
1.1522092251143512
1.1170710948144624
1.066225165994474
1.7272727216253443
1.375934618097012
1.1700680275903559
1.2307692281226466
1.1521739123976056
1.2805755420723566
1.3246753260583572
1.1041666671412036
1.1830985908172982
1.4355437698243483
1.2746478833386234
1.8066546775587442
1.4937408253181867
1.378378378528123
1.1310344846306777
1.4159159174216787
1.4084532384233477
1.171428569356657
1.2483221465429486
1.251751751316384
1.6017250160321235
1.124137933998573
1.0269118041920227
1.1425044089789367
1.199183005595412
1.0819444450921873
1.0791366898411054
1.400163397594643
1.4462081141143865
1.1176470577595157
1.310351016991912
1.0985027556070843
1.4060356646700198
1.4472265671314481
1.296296298096022
1.3569739894837616
1.3656475264559653
1.435714287094898
1.1788079514433578
1.397133755292101
1.3331594509862095
1.4574905836666934
1.4798152595406653
1.3883597907212395
1.2708333357060184
1.2827586211576694
1.2518518545964334
1.2000000035142857
1.3211678791922852
1.1851851863100138
1.279894185091232
0.9764468958114981
