1.1616666683704444
1.0902184241453323
1.1449275367485823
1.0392156853287198
1.041958040955548
1.1304882347410636
1.0955521739604168
1.082191784745731
0.998285323054603
1.1786596147603678
1.185890655916654
1.1056338030609005
1.1066666661564444
1.0890410987370989
1.0591578400314214
1.1438191451022905
1.0
0.9903716209524517
1.1884057965847512
0.9927536243509767
1.181069957747361
1.1505102020467166
0.9631344285906303
1.0123456778573203
1.302158272447596
1.1527777761959876
1.0619010602450902
1.1014492769124133
1.0437956193457296
1.1785714296173468
1.1940298504722655
1.43065693054931
1.0649350652116714
1.1408450707478675
1.1680911680100508
1.0729927009046831
1.1477112656658401
1.0645957804704462
1.0872483247331202
1.157142861577551
0.9631344285906303
1.2527777784737655
1.0961805561645448
1.0551724163671818
1.2349181296881755
1.0896776429664876
1.2448979586144662
1.3427640603293134
1.2133260683745302
1.0715909074672865
1.0602268945539008
1.2727272748124603
1.3070469803920994
1.155025270666453
1.0204081599639039
1.0735217674617035
1.2107107125603307
1.0756172851808985
1.1380618081270104
1.0709219800824907
1.1128622698925894
0.9855285747980188
1.0422535200694307
1.2152777776195989
1.2954861118308256
1.2134739619941728
1.067816679226895
0.9803094254057275
1.0479916490738168
1.124087589143801
1.064102564506903
1.0277777790432099
1.0
1.0567375852291132
1.0212765922800664
0.9983822926869775
1.1063492090546485
