1.1733333339199998
1.304945050812729
1.6600790708098565
1.3605442285714286
1.5074847238205027
2.4999999812500002
1.3666666455111116
0.7789046915165259
1.4635853878711493
1.5020408031300292
0.9941391754747819
1.8424242209292934
1.0370370474074075
1.461038944237013
1.0049260826906747
0.6941105612188253
1.744186026230395
1.1555812509840535
0.9080882466888787
1.4300000047666668
1.2817337535505948
1.2864583279730901
1.3097222109884261
1.6176470561764704
0.8932462000000001
0.5846638844376952
1.431547587007069
1.50476192
0.8671470400152492
1.4716202274879149
0.8484848706611573
1.5906432941250563
1.2820513
1.8934910939462908
1.3466518768552065
0.9947368540421051
0.9230769199704142
1.6529733792044128
1.0789474004155126
0.9672181406608074
1.2081632433352771
0.7720330775673758
1.0669052201605866
1.1571428815714286
1.1801619318436625
1.0179009997580946
1.271995965623139
1.3821428541765306
1.6217948306262333
1.1296418717660086
2.55000001785
0.950226258237956
2.3181817897314048
0.8550000133593751
1.3733381172606407
1.5526316
0.9123781725936485
1.20915035
1.7163461154031072
1.1621052582648201
0.7671983974459672
0.8402778190850703
1.5681818214359504
1.9318182376652904
1.2979127243582054
1.090909087012987
1.6000000152727274
1.5021008185654263
1.299806594464793
0.7755101898375678
1.3803370980384422
1.2844444391555556
1.2974359100395605
0.809323313748888
1.2615955398674794
1.193979952135323
1.397993313052203
