3.0222222546031756
1.1873614090568385
1.4508960668252975
2.1770334694693343
1.4188311466233772
2.8499999978625
1.55555556
0.8139130533954781
1.1916190355065905
1.6460905185185184
1.2937062798682089
1.3579188074080069
1.8593749768408205
1.690014902770516
1.5826087128544428
1.2052341800713753
2.1249999787500005
1.4079387697367347
1.8720000321984007
1.7771043964633544
1.095238070204082
1.4232558222282317
1.3682055363063994
0.7391304437807183
2.118262680339804
1.9929411483157653
2.362299402754012
1.039513697827718
1.5375517603588729
1.123595481757354
1.7060931684217833
0.8214285762691327
1.8220588114235294
1.90476192
0.8837209281773932
1.330922257856113
0.5736961283691467
2.878787906797707
1.1399999917919998
1.1220779153654916
1.2644627943989482
0.9559748493058028
3.677419367294485
1.6655843859740265
1.761140779322639
1.8958333601909727
2.2285714222040816
1.33333335
1.2546517818181817
0.8718766545454545
1.85714284
1.4603174666666667
2.199999982
0.88888888
0.7865871976019644
1.359300484295106
1.0863350315867828
1.7076446405451726
1.1515151567493114
1.4681774370424616
1.2818233584544672
2.0213904149575344
1.9806949781968066
0.8272859141851742
1.2857142342857153
1.2952380882068029
1.8801652661814425
1.0810810819576333
2.2662798266650204
2.115384647820513
1.4123456665294927
1.6520763071172633
1.665179914119254
1.50707375199902
1.424050666760135
1.3371950905957768
1.317824514870406
