1.2654320962658132
1.169821678426297
1.5098039199923108
1.2260274010302121
1.533333336248889
0.0
1.2459639141281322
1.3866666709671112
1.6778036792012287
1.4229474213018474
1.4431310693811883
1.283783782510957
1.2602739766034903
1.2464788738087682
1.6660485346508627
1.417283953242401
1.139999999672
1.0804054046754017
1.2482758623419739
1.5957446768915042
1.7252651677882842
1.3996551747304637
1.4630475255151987
1.3233276826222267
1.3687943243438458
1.4027777761959876
1.3520589927592184
1.3913043444675488
1.2714285753612247
1.3262411281525073
1.3165467652637026
1.4350649347883284
1.5238095227470034
1.5492957724518945
1.5492577559618936
1.3239436615651656
1.5546979872032343
1.1748209069386255
1.469798659786496
1.2094594590476626
1.4737549322232906
1.4922794075951018
1.3125899290018632
1.4041095928879714
1.435312030781677
1.5638474336392665
1.4391891906491965
1.3744255204206304
1.308818343859234
1.167361111759645
1.3338338343690312
1.1914893595986118
0.0
1.4117745852580856
1.3000000052714287
0.0
1.04876099327249
1.599930934209829
1.381184806305162
1.6187050377112984
1.3910649260367374
1.6070102751848891
1.1666666685648148
1.4285714293320964
1.5648333356284223
1.3084740032639235
0.0
0.0
1.752405280555705
1.2189781027140498
1.1937499999679686
1.3812949622887012
1.5071428589418367
1.2805755420723566
1.4598540121082637
2.148336628752663
1.41275106365321
