4.561403590766392
1.1666666375000005
1.479674766349396
0.8052631678545709
1.5557029221101255
1.1666666375000005
0.0
1.3880341875596465
1.7254901978546713
2.6190476661904762
1.460317426938776
0.9468438550096577
1.5
1.764583311376302
1.0337837639463114
0.0
2.905660384759701
1.4166666383333335
1.3571428164285722
0.7774086201108711
1.1666666375000005
4.0
1.0030166039511432
4.8837210438074665
1.4795321665979275
2.386046495535965
2.76797386094579
1.2666666413333338
1.7543859881809791
2.121212160743802
2.171428605085715
4.318181769111571
1.3991769783630545
1.86666668
1.140350879713758
1.3050847092645799
1.360215032043878
2.4836601674868644
2.739130422873346
1.2580645270863684
1.920634925873016
0.776250006598125
1.1735293912032871
0.6521738971644613
3.5000000700000014
1.9576270834731406
1.4470284198906316
1.7368421788504174
2.5909091191735536
1.3235294331932776
1.2749999872500002
1.0985074908460686
0.8181818454545461
1.449275347826087
2.2108843760759407
1.5199999886000002
0.8133208216652177
1.4166666383333335
0.0
1.6842104980609425
1.0278203674963249
1.1367521172649575
1.205741643188114
1.222222222222222
1.0699300625228618
2.4872727629828573
0.0
1.4055555426712962
1.4728681989003065
2.015503898526231
1.0755441397810686
1.1196172301838327
2.7476537695580863
1.272727290082645
1.8352941003737027
2.5499999980875003
0.0
