1.3431034504989299
1.3073338285879923
1.2826086978481412
1.7054794590561082
1.2808219185775942
1.2865339760634775
1.4242656481505087
1.496453895471053
1.326993660319599
1.5393201458611512
1.6605382344320418
1.2482758623419739
1.26896551989346
1.2411347474010361
1.8146410529708301
1.4060356646700198
1.3235294073313149
1.4600719434964546
1.4893616980443638
1.151724142182164
1.7323943632691927
1.1468531462115505
1.402235569322814
1.3520589927592184
1.3333333333333333
1.3356643333786493
1.3153607091020831
1.342281879600919
1.3472222238040124
1.3972602788966035
1.3862068976047561
1.5845070401388612
1.462068965868252
1.432624106999648
1.2685470101272023
1.321678321638222
1.4130357169099235
1.287813891327676
1.4736842093905815
1.3028168986431266
1.3830638135779205
1.3855172436725802
1.5090277786161266
1.4967320266692297
1.28230452734738
2.109643444274325
1.238709676566077
1.312558535275959
1.3764987999830924
1.2503546063819726
1.2213460813178658
1.3873239387819878
1.6425465873196636
1.2324208236670635
1.3475177262481766
1.410213884954837
1.715363513175202
1.4442798382516104
1.3953953952733817
1.21014492947385
1.1725730529299085
1.1993394664980774
1.4305555552391975
1.4726027440345282
0.0
1.491157820884353
1.1754080712115735
1.283052041823918
1.1256151232863691
1.4963503625606052
1.67123288348283
1.285714287387755
1.4360902234778676
1.2071428595275508
1.3020134241484618
1.2755555556041482
1.3708847759004914
