1.0886206914570273
1.1507238638494415
1.2262773716074378
1.1986301394483019
1.6170212691715709
1.6445054989112247
1.2939252754416661
1.60583941391763
1.0605526154031042
1.309677977169411
1.3797896701210453
1.6344827599467302
1.26530611857837
1.3649634985380148
1.4710369727085697
1.4903978056891098
1.2808219185775942
1.1621478853597502
1.4460431652129806
1.0869565196723376
1.6596959731189052
1.0755281671962904
1.3783475845654174
1.533405952774307
1.5874125848462028
1.276595740350083
1.2054905754109384
1.559440561365348
1.2388059688705724
1.1468531462115505
1.3239436615651656
1.2465753486207545
1.0399999991253335
1.5931034504989299
1.2103576206651308
1.1714285736040817
1.1993197257699106
1.5495086908648146
1.2352941173317955
1.2222222235720164
1.1043771060954533
1.5672101442461406
1.3375886486876916
1.5170068027590355
1.6895700320379088
1.7132003783422654
1.5641025697633137
1.3875507221608108
1.4006426553442264
1.2848591527579847
1.3804713794494732
1.3310344868927468
1.7305194809689661
1.242741591850055
1.2162162147187727
1.3068026580624479
1.2536996214331513
1.3427640603293134
1.2048339381045061
1.0962962993108367
1.247774906160376
1.4521924221277667
1.234899329893248
1.2980132469751329
1.497564935453913
1.558007177849625
1.1970303644614662
1.523835166740893
1.6631393312315443
1.4370370409064472
1.4275862070525562
1.1056338030609005
1.2777777790432099
1.2260274010302121
1.2043795589418722
1.0670670686033332
1.369644151173053
