2.8203125559423836
1.9456214614547425
1.7563636299490908
2.580645207492196
1.4999999999999998
1.6851851664609054
2.205405349301681
1.7391304347826086
1.517857176683674
2.434456975203047
1.6129032126951095
2.4999999781250004
0.0
1.7326732765660229
2.7499999999999996
3.370370349773663
3.0769230396449707
1.5947467511554483
1.2489795919953355
1.924999998075
1.06060606446281
1.4636363480454548
2.66666668
1.2161514387577461
1.3634085408574068
1.0
2.9399999764799998
1.8140844975155725
1.06060606446281
1.2745098195405615
1.6257028024042195
0.6740740665843623
2.0
2.586206845362664
1.4772726940340914
1.33333332
0.0
5.217391213610587
0.0
2.833333319166667
2.9032258439125913
1.1712962855594136
1.0106383021729288
2.1857142850897957
1.6851852057098768
0.0
2.6000000086666666
2.1531915008148483
1.1328358396633997
1.4326530571311953
3.684210564127424
1.3788098450256048
2.71428573367347
1.7272726754545464
4.130434836483933
2.4114832863762277
0.9444444528395062
0.5601063783906179
1.5866666621333334
1.0611598545913878
2.056910591681539
0.539682561269841
1.813333303866667
0.0
0.0
2.2666666183111124
3.2955224313441756
1.7669082123177904
0.0
1.3207547162335351
1.5662650319349694
1.996927806451613
1.856653631390438
1.0317460312547242
2.0526316194598344
1.149999978916667
1.0211416643827131
