1.3453125007473958
1.5574548883594657
1.437086094477435
1.646258499265121
1.2464788738087682
1.1757759765183076
1.0722871969721026
1.2275862104456599
1.425547996934405
1.5113893206849758
1.297302243727738
1.0857142897306122
1.0193548409281998
1.0869565196723376
1.2018654201544585
1.2217965127809045
1.0201342304779064
1.388020834104456
1.2756410294822484
1.372549018662053
1.1018728448538304
1.2653448296805707
1.2220458558409424
1.2104133130969217
1.076923076040882
1.3000000052714287
1.275832915002282
1.0437956193457296
1.4744525498950396
1.0479452091724526
1.1156462565301495
1.2237762222524329
1.0273972615819102
1.1824324308226808
1.562521956061704
1.1088435365421816
1.104870130157109
1.2207697871772607
1.4652777776195989
1.1151079130324517
1.4172839512786832
1.3983443743799395
1.4483695645876655
1.2925170041084733
1.2846317612987008
1.4330607642683275
1.440000001312
1.2742812722941084
1.060882804139405
1.0605902783669947
1.185510067026692
1.113333337232889
1.3120000019242666
1.1628294942143043
0.9731543611972434
1.8477421619922207
1.4304884603925412
1.242741591850055
1.5253586911315145
1.2992700725121211
1.2764358566914047
1.4693072690107263
1.0709219800824907
1.2162162147187727
1.3486842080418975
1.1559408069335013
0.9503653275707824
0.9652503429963369
1.0467792037267851
1.2344827610777644
1.3333333314351852
1.1266666684524445
1.2589928057978366
1.296296298096022
1.1633986933358966
1.1931216970729404
1.2179783962159407
