0.0
2.853658595050566
3.64285719489796
0.0
0.0
4.136363666446281
1.1333333434074075
1.4495298128185068
0.0
0.0
0.7270115146844036
3.1818182252066123
1.165714299952653
1.1905882333331488
0.0
0.0
3.7356321517043205
1.282051269230769
2.235294139561707
2.070512835601578
0.0
1.0555555573148148
1.90476192
2.47619048
1.924999998075
0.0
3.081081114390066
3.6988304386878017
1.5555555555555554
2.524590215460899
1.1666666375000005
3.090909107768595
1.68245546644889
3.829457370164053
1.1400000205200003
2.100000029944445
1.8648648789773559
1.5217391086011343
1.2499999718750003
0.0
0.0
1.1249999859375002
1.1304347899810965
3.238095300544219
3.7500000937500024
2.46206903064685
4.0
0.0
0.977142874536
2.210526327423823
0.0
2.044444394185186
2.444444354814817
0.9401709393874644
1.2298564694202974
1.692307717692308
1.1921568937762403
2.6530611610058323
1.903448253545779
1.353719036505567
1.8197802469769355
2.7368421592797794
1.969696999636364
1.3749999999999998
0.0
1.2707641371556055
1.7238805972722209
1.5
1.5833332858333342
1.3553571125156252
2.2916666475694445
1.8367346751353604
2.3550725011420925
1.7922077841001856
3.104575181417404
0.8076922999260356
1.4329806210623655
