1.2845779224115788
1.4103022583342932
1.4097222252276236
1.5531914865157688
1.289655171789774
1.4977169009526492
1.37913758853081
1.0616438371551886
1.427480241170849
1.272272273464681
1.1901901904120338
1.6689655187624257
1.4374999985763888
1.1830985908172982
1.356286922789221
1.7466527542310093
1.3496503508533424
1.253547296450306
1.3087248324733118
1.1342281885104273
1.335434723871107
1.4491379334330559
1.2963851125873274
1.4400973716505396
1.4895104911946793
1.1310344846306777
1.2533803621368784
1.3219178137586791
1.3695652175204789
1.2605633785736958
1.4044117591641436
1.1854304669567124
1.598639453771114
1.2702702711687364
1.3123386660318141
1.652173909426591
1.7036206924749584
1.4630475255151987
1.4055944035493178
1.2318840564209201
1.6992945370129757
1.5868518551431001
1.339333335297689
1.3561643893319573
1.3729071549942662
1.420096022455609
1.418918918095325
1.3688054226161035
1.2813606132691688
1.3317518226789387
1.3055768460230237
1.1232876743103772
1.206571429398792
1.4130658435628143
1.356643356723556
1.290260194883478
0.0
1.2787524340917718
1.4472793815202831
1.1690140802777227
1.4832041338577409
1.4875283438996099
1.2733333337342223
1.7891156413253737
1.601143789593874
1.3180876640207064
1.684832454700403
1.1986933432241205
1.4347633041976715
1.1307692353786982
1.4460431652129806
1.9172932340098365
1.1438356219009196
1.503649631453993
1.4000000011714286
1.7884773698231002
1.6872428032031703
