2.8213507818445898
1.1301981924696096
2.1410931805187903
2.1311475477559796
4.7880000134064
1.9058642340192051
1.8449612940688673
2.740384620654586
2.3925925588148154
1.3800000117300002
1.8017555220551231
4.038461499630178
2.4782608631001892
2.2723004986365143
1.7606177481268912
2.7529412148498276
2.0512819992110463
2.093023231476474
2.6307691693846165
1.6544265503759883
3.2608695297731574
2.2982143204821432
2.811111127509259
1.9719101400549175
1.5420344567749915
1.9308943406206627
1.791044802851415
2.4999999812500002
2.1707864701825534
1.0509702983397093
2.197979729109766
3.7317072642831652
2.2864648899043543
3.524096318796633
1.4691357947873802
0.8983957399811263
2.8157349632046094
1.90476191292517
2.0300752216857942
1.4117647224913499
1.6049382666514254
1.7272727202066114
2.16470588283045
1.2152777799045138
2.1857143083
1.3425620090696846
1.6540540223140985
2.3466666238400005
1.4342403754809145
2.470370308043211
0.6250000046874999
2.369230754816568
0.0
1.5353535370982552
1.75757576
1.4293785230786171
1.2499999718750003
2.7199999419733345
1.93939392
2.0109375166245123
2.052741125892219
1.432291709879558
1.3732037148960434
1.3778280536682637
1.410256374457594
2.4064386056666764
1.7980769579807696
1.8461538634615386
1.5299999912025002
2.4999999812500002
1.8044294282487214
1.8730158666666668
2.1157323780472455
1.2800935028992022
0.5675675859751645
1.209486173107063
0.945945942878013
