2.6086956068052936
1.2237761997713825
1.2253770694963335
1.0616666504383334
0.8216782997915548
0.9624765521461585
1.6562500233789066
1.1407894743729223
1.1689909820623152
1.2001799307664627
1.408750000474375
1.3958564614818616
1.7826086857277883
1.3636363636363638
0.8957142840857143
0.6204545404564393
0.9803713723291869
0.9778457056217141
1.2704765635503363
1.0944700357142856
0.8984582787645193
0.7818815238172857
1.105175687061768
0.7868155272727272
0.8348793787678003
1.8973829011661032
1.8139535235803146
0.9362455649908766
1.0086206810471166
1.3939394006303032
1.8454545821239674
2.0328185475610456
1.3547368190336846
1.459477133040523
1.2820513
1.0032608679543478
1.3733918282379796
1.0943790864233203
1.020220562247243
1.3142857153513514
1.3508597777047509
0.8587570612371923
1.0621118268971108
1.3059463061645171
1.3901098892588026
1.2773109262481463
1.5879120566208793
2.0540540762600443
2.0999999832
1.1350114617023108
1.5999999880000002
1.0294117768166091
2.4727272402727274
1.324675330352505
2.057894689421053
1.5925925674074075
2.057142896914286
1.4851973950812094
1.9642857496428576
1.1728986106916917
0.9398594307609717
0.7222222308641976
1.255434811304348
0.9212121285818183
0.7241857267479539
1.0340909166115702
1.4420803997535336
1.1058200635978843
0.8668478449184784
1.9537095286433759
1.4519480641959859
1.292517012803693
1.9479733696831258
1.672514633391813
1.1390476153551021
0.750256414500718
1.1367176983112015
