1.5692307740591716
1.6210526107368421
1.8678646820539357
3.166666711000001
1.3121893221689582
1.554012337262803
1.3416667088333343
0.735294132179931
0.7083333266927083
2.705882383979239
1.5613764398457433
1.2115384230954152
1.981132050800997
2.724324358194303
0.0
1.0238227054760172
1.204761938968538
2.1093750498339854
1.7051282406923083
1.3308763040789562
0.7653061070991255
1.4508928607700895
1.4756892301528106
0.6097388959813017
1.3754325338286182
1.9526626776513434
1.8378378616800588
1.0760869470604917
1.4999999812500004
2.128654990150816
1.3205128235502959
0.9423503529554921
0.8333333499999999
1.1870968157419364
2.2159091021938133
1.4513556550071351
2.4574468503395206
2.18499998268625
1.297297311322133
1.1320754993592028
1.4560000250432004
1.2291754710125373
2.655279525938429
1.734693916209913
1.4463491798112174
1.0345714428472652
1.0782608812521741
1.314285710155102
1.106321852699663
1.578947389196676
1.2925170354227407
1.5639097935734074
2.3161764041911796
1.0171745320545271
1.547936490384883
2.94573644198666
2.1323357686482374
0.7313172321588212
1.2896825416924345
1.9663865877212068
1.5441176652249136
3.0158730524943316
1.405679533300343
1.8857143045714289
0.7615283333429151
1.301479917501647
0.0
1.8000000180000002
0.6318234558137164
1.6948051923005565
0.8727272738512396
1.4265734355075226
1.4765432141182746
2.035714251785715
1.8432203241435654
1.477777821030865
3.080000044352001
