1.331802718732866
1.2601225903439874
1.636363635879575
1.5833333314351852
1.2708333357060184
1.2785862790009555
1.2776500663905932
1.395683455104808
1.518518521260288
1.335434723871107
1.2287782076890124
1.5310344834996434
1.6071428606989795
1.229629629809602
1.1062624888832007
1.0922677053563488
1.4468085076686283
1.1958333339976852
1.2582781484645411
1.3680555538155865
1.4979979949337854
1.3199640297265927
1.435312030781677
1.492272520428417
1.6478873231303315
1.2260274010302121
1.372441793304339
1.1292516965060853
1.5217391299180845
1.1904761875542598
1.316901403408054
1.42176870619279
1.6291390769475023
1.3630137033233252
1.3252076511404942
1.3028168986431266
1.5834482784829487
1.5448132129986527
1.6482758668661117
1.5379310397869204
1.4661558119439821
1.5375000028553572
1.5008928599302296
1.5277777790432099
1.4490438119353906
1.504458163474699
1.4746835405920524
1.9676577968152262
1.1957416354221415
1.19102112474757
1.112403096857761
1.1224489765181174
1.3356060619011938
1.2555715885079406
1.5112781936808186
1.5706195867120165
1.1482310038180796
1.5048381689832175
1.3146433504525796
1.2700729909531674
1.2818189924329633
1.6046023319918599
1.4172661854800477
1.6095890463276412
1.591447365489439
1.3474670098164971
1.3429075324547213
1.6867088637148382
1.298595151114916
1.2965517280770509
1.324503314459015
1.1830985908172982
1.082191784745731
1.1597222252276236
1.3380281663300932
1.365334631695436
1.421750176762757
