1.4254966923290644
1.4172839515321445
1.5743243206930242
1.510067115238953
1.4689655221555291
1.334606285433741
1.4937408253181867
1.2700729909531674
1.508045981392628
1.3893571736099704
1.3400834907482615
1.6527777761959876
1.8181818187031151
1.3785714331316328
1.2508925726302649
1.203487868277769
1.1773049589296312
1.269047616803045
1.4068965551562427
1.471830984695497
1.4400973716505396
1.813980259816352
1.3748748731250846
1.4462081088706524
1.4589041160517922
1.4000000011714286
1.6397148277920313
1.6319444461844137
1.3525179884550487
1.6754966909714486
1.3185185228828533
1.4338235251113753
1.6095890463276412
1.3706293684639836
1.7614195983399963
1.6056337972862527
1.7644642889911482
0.0
1.3866666709671112
1.2307692281226466
1.5222132104022852
1.3544642882297193
1.4335664327644384
1.5785714307887755
1.3316761977174534
1.3382377851732543
1.6979865758515382
1.912208505090116
1.3522045907969513
1.3884751733660279
1.3893571736099704
1.2816901414957351
1.6413398679937203
1.2997212264512532
1.5244755262800138
1.4428584222897634
1.4452107328748316
1.430026762276908
1.3877851420354859
1.357142859234694
1.5405260310693367
1.6476798682444356
1.3333333296145127
1.7517730435410692
1.3011976021412743
1.6414462136198287
1.7512841304723903
1.582016586756441
1.794939140298045
1.2826086978481412
1.492857146915306
1.4130434773566476
1.4344827633398336
1.372262773416804
1.2933333360302224
1.9130355815665183
1.3232804261718065
