1.2176174501547452
1.5443813597097524
1.2137931035262781
1.6571428586489796
1.2567567542859752
1.2615384616285714
1.7404025065490478
1.153333336358222
1.4795821433680658
1.274535929406141
1.2851764238718397
1.3191489307258186
1.2746478833386234
1.3582089594252618
1.304676512391487
1.1675720186457723
1.156028366649565
1.364154407953098
1.4206896564204516
1.1760563384348344
1.4324346971943331
1.0250000016965517
1.1703003212190062
1.3295473295500029
1.2714285753612247
1.3380281663300932
1.1491491461154397
1.3071428612846938
1.1773049589296312
1.090277780466821
1.4178082208707075
1.3071428612846938
1.0774647877563976
1.3749999932169117
1.1500602312013664
1.5611510782454323
1.373784722985436
1.3406740084184636
1.1895424853415353
1.2123287730474763
1.3255173646946168
1.2812500007118055
1.093791946749178
1.3263888880979937
1.251371740417429
1.1945679056186995
1.2614379093374344
1.532776907127701
1.2312312291680871
1.3837500025698213
1.1853414599623557
1.2818791936705554
1.3208053696593847
1.3474178361733782
1.2335766405008257
1.1564013242240543
1.783337427269326
1.2671081691490138
1.3451716602607444
1.2803030285146924
1.209190672755106
1.3635676443909688
1.3916083918088902
1.1958041930373124
1.400833335387889
1.2302812094334896
1.0816844294018753
1.1501881636823055
1.3619326798287286
1.2027972046417916
1.3243243220781595
1.1773049589296312
1.2428571454510204
1.0791366898411054
1.269503542923394
1.1559893201648723
1.687242795933083
