1.0536713280818621
1.2672019313190477
1.4895104911946793
1.2482758623419739
1.2465753486207545
1.33019361098061
0.9786008262352812
1.160839157951978
1.3644659167980582
1.0697837270360744
1.0689804012201507
1.5281690095298552
0.9510489531742383
1.107142857770408
1.3216877662051423
0.9920987642550781
1.138888889521605
1.095689656985969
1.090277780466821
1.2370370421212622
1.3733920402106898
1.07625000199875
1.1665440314124949
1.614089610425684
1.2642857193479593
1.0604026859303635
1.2287782076890124
1.099290775604849
1.2066666667031112
1.0791366898411054
1.0514705858855968
1.1586206928142686
1.1733333331875555
1.2567567542859752
1.037170880686109
1.0482758657350773
1.5702127615029426
1.5291375301934895
1.285714287387755
1.2907801410190634
0.999283155999075
1.3998134340893853
1.120666668310311
1.1586206928142686
1.1310344846306777
1.1579570497478275
1.4100719420216346
1.283771695528795
1.310951238640972
1.0835714305837756
1.219092329066323
0.9586206905521998
1.2095000017739332
1.3382377851732543
1.1118881111262164
1.2619979996129482
1.0689804012201507
1.4442798382516104
1.1264127935891615
0.9647887323130332
1.2616546936671533
1.4186159819920232
1.3241379306054695
1.1883116901787822
1.261538464449704
1.223251030540695
1.2095558774570274
1.4787584559692013
1.1787586693938592
1.1959459477054422
0.947019870462699
1.1259259303352538
1.0656934260258937
0.9862068987357907
1.7794117584104672
1.3497942323410093
1.1569664912915092
