1.6701048941705707
1.1380618081270104
1.5428571448653061
1.268456377020855
1.1793103447105826
1.2775997137653332
1.1610118281616715
1.3257575728397613
1.338470464565827
1.1288746806682552
1.319798816218842
1.5174825146755342
1.547445250799723
1.098591544903789
1.1024007009970769
0.9564921232383318
1.3055555580864198
1.4491379334330559
1.361702121101554
1.4353741461687262
1.067816679226895
1.6766071459708418
1.1559408069335013
1.2884399542442295
1.0791366898411054
1.3129251696506086
1.3210752095856022
1.0136986335991742
1.289655171789774
1.4477611962218757
1.445205482452618
1.138888889521605
1.4041095928879714
1.1034482764470868
1.7545534939385712
1.496453895471053
1.4573129225925077
1.50106428648452
1.1602564112672584
1.2361111133256173
1.2916134562068085
1.2551020385964182
1.3070469803920994
1.3706293684639836
0.9794773115531109
1.0989278748177644
1.298611109054784
1.2963851125873274
1.3744255204206304
1.183802814900615
1.261867501951773
1.1103448270791914
1.3051666685809113
1.481150051871604
1.0416666657175926
1.6341087920039805
1.2029822036890863
1.226882515140499
1.2585919253658164
1.2847222223804013
1.5958504833865836
1.3133133122207343
1.1470588176773358
1.2430555566628088
1.1261513137149843
1.1175244500305257
1.3830638135779205
1.184168298139434
1.2636371582591854
1.1575342498836554
1.154929575512795
1.3428571472081632
1.2152777776195989
1.1678321695564575
1.4347826102457466
1.2402910682868253
0.985168615967182
