1.9894180000000001
1.8295454510653408
1.5746419483379135
0.8081632666530613
1.3260869485822309
0.584486177739779
1.703730307136859
0.5743394578010287
1.3403377375179615
0.8832644819383925
0.8620150057958085
2.0370369990123463
0.9281250004511719
1.0753370523230625
1.1737451937702184
1.1225944663153904
1.5973626289636518
1.0129870301298705
1.604938313374486
1.850965225292289
1.5094076693417184
1.9818741326002929
1.060714289844898
1.202749138130159
1.501289989313635
0.9861933076923076
1.5405405180569758
0.6859983413566403
1.024258769674007
1.1600000288800003
1.1705165630893788
0.5928853800889328
1.3985890579952969
1.114551083700601
1.1857707499999999
1.7948718
1.191666696916667
1.847545256061836
1.0432692072762577
1.0376303015755206
1.4764520962174417
1.2974359100395605
1.0582010703653313
1.3588235342076125
2.389705949742649
0.8078408191287458
1.261363646373967
1.1567045487406378
1.189225396835348
1.5076224894170476
0.8634920726409674
1.239826830810637
1.3749999999999998
1.402913575153448
1.0952586239878772
2.0238094994897966
0.9416873361544464
1.1764705936332178
1.2068965230083237
1.1483253770964494
1.120689628322558
1.846022780406606
1.3978779849245404
0.6086580189558444
0.7777778
1.055718510103973
1.4729907882433027
1.4374999678808595
1.0151234615403808
1.2493827268465174
0.8924018631358667
0.8974359000000001
1.3608247385375705
1.4065933928571428
0.9845376041761043
0.8571428405247815
1.069767426809086
