2.481481475185185
1.643660684288187
2.316849821097375
1.1103896336068477
1.7948717355029598
1.4285714071428575
1.5948345376971587
1.5603799440766322
1.2997198889995998
1.33910728277351
2.400000007333333
2.3333333499999998
1.6499999928923077
1.6475095782930376
1.560891937366905
1.4456521670439508
2.1421568856257207
1.3421052663365651
2.4927113286606777
1.6231884305958137
0.9512093981641756
2.4545454991735545
1.5919165427553978
1.8749999765625003
1.5553173354596428
1.6470588314705883
1.422084607792145
2.3111111043703705
1.350877195233918
2.176363615391405
1.9704433448275864
1.6059379452944105
1.904040413013468
1.6666666291666672
1.9444444128472225
1.0618618797214516
1.4035567761155472
1.9499525120484098
1.7631103356089914
1.5714285923809523
1.4181818166776858
0.9091533866786721
2.3963133986621084
1.27999996976
1.9644444436888888
1.0144927390674228
3.6266665892977796
1.365296818154751
2.3333333100000004
2.069716812448204
1.2495726200061368
1.6358974376324786
3.5999999280000017
1.4469854399056021
2.0247934276108195
1.144736848904086
1.4611154994196343
1.524064150951557
1.5052631322991694
2.4268219351233613
1.041152261960575
1.4102564090811966
1.6144480384037645
1.5909090789772726
2.497297299997078
1.172905218334451
2.6217532292982586
0.6258503264269517
1.4571428195809533
1.8071428695346938
2.720987581135804
0.0
2.0497159331369854
2.0353534996071834
1.9253539363289163
1.4833161062721565
1.3846153792307694
