1.0530821946659787
1.201705305037198
1.1476510051601279
1.2434210509989612
1.2978723384457522
1.1905247088238369
1.1163537992228871
1.0482758657350773
1.1326944642614296
1.1503928141660715
1.0891443208372042
1.1346153896696254
1.090277780466821
1.028571429910204
1.4475157132220808
1.274535929406141
1.1448275858948869
0.9293333346963556
1.158273379682211
1.0138888866743827
1.2365079381535147
1.0320689672254935
1.0437849900303535
1.2898033862307035
1.1232876743103772
1.0277777790432099
0.9165832505969033
1.2027027033765523
1.078571427860204
0.9791666699884259
1.082191784745731
1.385135134199233
1.201438852231251
1.0657894738261773
1.2312961032364276
1.0774647877563976
1.8045774617387424
1.1225329623683091
1.1381578939560248
1.073825502580064
1.2388845731530715
1.1994680817036367
1.2687062929965278
1.0489510468257615
1.1889966049083207
1.0955521739604168
1.1619718278952589
1.1037379950576323
1.138888889521605
0.9134353725340598
1.141436736969706
0.971830984695497
1.2527777767952069
1.144997874446893
1.0890410987370989
1.1178188901438775
1.066699807140953
1.1799525845588212
1.0985027556070843
1.148148149048011
1.1478003800318868
1.2176465502278901
1.1094890513570248
1.4571428609918369
1.3460843399442592
1.0391627873833236
1.0261190862123064
1.2484730453155395
1.1100893999063548
0.9931972744338007
1.1360544220722848
1.2878787848668505
0.9574468038086614
1.0729927009046831
1.2000000010933334
1.185890655916654
1.2207697871772607
