2.378409044762785
0.0
1.3131313181818183
1.2962962689300415
3.487179515345168
1.6764705734429066
0.0
0.0
2.071428574387755
1.7992424181904272
1.886524844197978
1.4525691719453515
0.9462759659778972
1.3278855693496003
1.359999995648
0.0
1.2398860375811236
0.0
1.1632184147709077
1.123595481757354
0.0
1.2833333192166667
0.0
0.0
1.3315789337022164
1.5624999929687502
2.2589285352343755
0.0
1.3493333230784001
1.2777777627450981
0.7397660668813483
3.609374961650391
1.2638888941550925
0.0
0.0
1.1901639365369525
0.0
0.0
1.8072288938888086
0.7446958774424778
2.785714277755102
0.6818181774793388
0.0
1.4745011422475804
0.0
0.0
3.3260870093052937
4.689655262972654
0.0
3.534883712709573
1.4444444348148147
1.7642856999591836
0.0
0.0
0.7555555459393939
2.1857142850897957
1.1846153786011833
0.0
1.2986111170138888
0.9933962329752581
1.2424778835830528
2.857142912244899
1.486956510425331
0.9272727466611574
0.0
0.0
0.0
1.679012343813443
0.0
2.418103470078032
2.787878857575759
1.8000000180000002
1.6091953640110983
1.3647058743252598
0.0
0.0
0.0
