1.9599999983199998
4.015872978901487
0.0
0.9730769081065092
2.4825784594586566
1.388888875
0.0
3.5138888777615738
1.2609890092645817
0.0
0.0
3.962264188323247
1.8888888511111113
1.295454548538961
1.2952381299319733
0.0
3.6000000360000004
0.9562500005976562
0.9836065737436172
1.8333332925000008
1.7460317333333335
0.0
2.0408163214285713
1.0294117665224913
2.241758256128487
1.9603174030158743
0.99950620021487
1.3063683392263028
0.0
1.438683124262765
2.731884004566794
0.0
1.4388889021111115
2.380952380952381
1.6249999451562511
1.2666666768000001
0.0
2.0999999832
1.8888888511111113
1.2635135076460922
1.5407407139917701
1.324675347495362
2.0212766043458577
1.3500000135
1.9285714521428572
0.0
1.7692307917482522
4.12500004125
2.0079364894507434
1.228070169621422
1.7073170144556824
1.305220846893599
0.0
2.1794872036291912
1.5189873609998403
1.204761893670446
0.9230769088757399
1.378787888815427
0.4691357846593509
1.4992592466745682
1.06666668
5.0555554993827165
1.8070403787209697
0.0
0.0
2.1026723145907886
1.2727272692561982
4.1176471072664365
2.435897410913873
2.478688545719968
1.5299999912025002
1.8333333516666668
3.4074074175034297
1.4950165988951556
1.9615384675739647
1.111111125
3.370786478979927
