1.018300652796104
0.9564921232383318
1.3698630173146933
1.5578231282650745
1.1324503319889478
1.0068616791433325
1.2266378304389758
1.229166669988426
1.1833500163626014
0.9313580240326584
1.1003757364780975
1.2042253479646896
0.979310348103686
1.0
1.1453513792750643
1.1397738052364903
1.0489510468257615
1.3784482781436385
1.0264900674838822
1.191780825456934
1.2635847499416886
0.9795886067269468
1.0388122292506048
1.0701940032732176
1.1258278164755933
1.1971830955822258
1.0406630373199086
0.9863945544458328
1.1985815570253004
0.9391891878789264
1.11594202821046
1.2483221465429486
1.0608108121210738
1.1140939580325209
0.9454926608736469
0.9731543611972434
1.5164383603190092
1.39380926620559
1.1333333340622225
1.1486486469265889
1.335434723871107
1.1396853140477285
1.383391607617683
1.0064516118792926
1.0944277592605218
1.62650205891887
1.3706293684639836
1.111456441336248
1.1003757364780975
1.1098275880438524
1.0681992361128816
1.0211267571473914
1.5056896576645897
1.10875955069199
1.2753623162570888
1.2312527301758667
1.0328661983561715
1.2719214989608445
1.0400811788769349
0.8299319724096442
1.0803390472361245
1.3133133122207343
1.3475177262481766
1.1928571475010206
1.6372483228069457
0.9986653336495505
0.9020259582354445
1.2553882961787919
0.970455513054547
1.0147058799589102
1.3266666695457778
1.1971830955822258
1.0
1.0510948882391176
1.253333336904889
1.1765098423131692
1.005266338178872
