1.3024193436424731
1.037948690185405
0.9977790864266077
2.7692308176923084
0.0
1.9487179287310983
1.090909090909091
0.7439041696483275
0.9186813023956047
1.2777777415740748
1.5447443214402634
1.5384614994082846
1.3929732057327717
1.0210526103047093
1.942857152182857
1.4374999730468752
1.900560223046552
1.2609127197208052
1.0719798270243153
0.9402984982000446
1.4259259442592593
1.305665034573452
0.8292682878286735
1.0987370885221994
1.1056910393813209
1.1597528936909487
0.855342105036015
1.2499999718750003
1.034482747574518
0.9450000162540003
1.0684210425096954
0.940876343581106
1.1823593075735028
1.4887217985041552
1.478937753420984
1.2925620131239675
1.1467181428722737
1.2573529583500718
0.7394958086999507
1.5449955003527889
1.2045454598450414
1.890909094690909
1.1283471955756428
0.8574540823151483
2.5446428306919646
1.5226851817689042
1.3461538331730771
1.1630769266953844
1.0256410153846154
1.157837815619869
1.643956039515228
1.8741418908354892
2.2435897848717956
1.1502783164325474
0.606382993431417
1.410256373992675
1.0363636603636368
1.8750000337500003
0.822115394720553
0.8742559375
1.1466955583284757
1.34333333212
1.5669643110142302
0.7757885705400497
3.0
1.269230791442308
1.323621533787967
0.9312865370687134
1.0221959957855749
1.7004048452588965
1.3571428164285722
1.4219401258114233
0.978630309205018
1.8353344814654198
0.7464699828497193
0.7433307419545102
0.7467994226135096
