1.3228040531602676
1.1751705101117929
1.380281686399524
1.4335664327644384
1.4366197170085302
1.196286476738681
1.1225329623683091
1.1785714296173468
1.2089883680640203
1.1740397839855776
1.0194748729248313
1.3586206894211652
1.234899329893248
1.0833333314351852
1.440007131228157
1.4552469169195819
1.2352941155190311
1.1480000016837335
1.0567375852291132
1.173611111902006
1.4679012375832452
1.1175347228430748
1.279894185091232
1.3569739894837616
1.1134751762738293
1.3106060601354452
1.2871252203903754
1.642857146622449
1.2589928057978366
1.2714285753612247
1.1126760554433646
1.1086956525614367
1.3111111166452676
1.4897959172289323
1.1983145054834603
1.1458333328587962
1.3762237754538607
1.1751705101117929
1.2028985478827976
1.4714285730183674
1.1326944642614296
1.3113970551593317
1.3260489503071053
1.183006533320518
1.1310344846306777
1.4287715550956834
1.486301372017264
1.2272957950062897
1.5296025954999082
1.1809782603560965
1.4682364500525156
1.1276595711272068
1.4828333355081555
1.261867501951773
1.3263888880979937
1.1893459894107479
1.514876985694156
1.504650776040139
1.3883597907212395
1.0281690095298552
1.1091140111657107
1.3830638135779205
1.2500000014642858
1.380281686399524
1.6283687897067551
1.335733881436519
1.2349181296881755
1.7299578080884241
1.274535929406141
1.3724137963405467
1.2657342632079809
1.3435114445521823
1.242647055498486
1.080291969798071
1.184397162171923
1.3400834907482615
1.392872775197524
