1.7586207060285375
0.0
1.8191489439112722
0.0
1.3737373533394552
0.9230769088757399
0.0
2.1935483531321545
3.1818182252066123
2.095238110952381
1.6996233362762936
1.0857142775714286
4.714285761428572
2.0552799149966274
0.0
2.331428582086531
1.5510203732653067
1.9000000342000005
2.2800000410400005
1.1568047181747838
2.741702727272727
3.7868853042569213
4.147540972727762
1.0541666681161457
1.6551723909631395
1.2774725090315935
1.9428571439365079
1.5545454364090914
2.6999999662500005
2.4473683814899094
2.6348082774562354
1.075268839680888
0.8983451485035964
2.400000009
0.0
2.8787879091460056
0.7368421091412743
1.880184318605619
0.0
2.102857116496327
3.315306171106706
1.3984509325581156
2.5
2.9230768930966473
0.0
3.1384615285029587
2.500000070000002
1.8333333516666668
1.1949685347454613
2.6376812012791437
1.33333332
1.3339470781521612
5.9999998800000025
3.2866666670066667
3.8181818459504133
2.0055556001000006
3.584848524707989
0.0
1.4031100713016247
2.0279720515844297
2.112994370158958
1.1930232477679825
2.5108695955860116
4.772727261880165
0.0
2.5454545499999996
1.8199999875200001
2.757575791418733
0.41250000412500004
1.8855371845611848
2.6378269346297505
2.9999999640000006
1.6655843859740265
1.8984126813061228
1.4882352916664359
2.343478250680529
0.22656251407165542
