1.0593959735809648
1.9005973726459322
1.276595740350083
1.0980392160015378
1.710691823737194
1.460559790337393
1.5185185198201059
1.4097222252276236
1.4056310520903819
1.22583353878424
1.4411865591339925
1.4934210483015928
1.3093525218052895
1.3407407415956105
1.5104321305000254
1.3497942392221078
1.356643356723556
1.5033333355382223
1.3846153859386767
1.4413793139719382
1.2832550826198506
1.1663793122753865
0.0
1.6010857148905369
1.7465753486207543
1.095890412728467
1.1889966049083207
1.3517241387890606
1.2645161293735694
1.3055555580864198
1.1851851863100138
1.5693430634652885
1.4827586234197385
1.401315789260734
1.4309116801005066
1.0833333314351852
1.54810345083824
1.3883597907212395
1.1486486469265889
1.31205673329913
1.4766546000070213
0.0
1.3989864855412253
1.4680850999486945
1.3842277619054473
1.4264870958250615
1.6115107942528852
1.430026762276908
1.6111980516430457
1.3058219213858135
1.399618860697833
1.5289855055671078
0.0
1.9959723286639082
1.6917293234009836
1.6920409283343587
1.2227032249929097
1.8149911837992692
1.1464312016930056
1.201388890945216
1.4937408253181867
1.4875283438996099
1.5314685321502275
1.316901403408054
1.4853293382933415
1.377341056067288
1.5331901922319464
1.4571567713113873
1.7083333342824074
1.3623188418714554
1.2993197240964411
1.242647055498486
1.6014492739413988
1.5347222223804011
1.5533333330782222
1.5119448441589467
1.243738979309801
