1.038758389680037
1.3856930180547715
1.5
1.159509201929316
1.606896551763139
1.491683989397511
1.335434723871107
1.276595740350083
1.4751322787395316
1.326030255505301
1.4745034874748535
1.7638888923688272
1.383561645297429
1.1151079130324517
1.3513255292265818
1.6992945370129757
1.1830985908172982
1.2370689675648037
1.4097222252276236
1.2553191480700168
1.3744255204206304
1.1061151087094352
1.2476091109899565
1.6703703723878307
1.6423357643699716
1.3941605800969683
1.4304884603925412
1.42176870619279
1.3000000052714287
1.157142861577551
1.4785714290316325
1.7517241433131985
1.4275862070525562
1.3877551006747189
1.1223146239714092
1.200000002262069
1.349460432625511
1.3656475264559653
1.540145981906335
1.5531914865157688
1.1346424756246882
1.5337037068847188
1.3230496416367385
1.4662162133336378
1.155112377793849
1.4482167380267872
1.1836734675662919
1.3474670098164971
1.3450746763104477
1.1853741475632837
1.459831809800073
1.4275362286546944
1.4565789446852493
1.2205586154026704
1.2553191480700168
1.0737669173634763
1.330089209834893
1.2025851386050677
1.3893571736099704
1.0638297826558019
1.1077115753154878
1.230694748054357
1.3496503508533424
1.1411042918860326
1.2777397295280541
1.071895423995899
1.1680911691367322
1.4574302109792607
1.3811287495649536
1.3714285712612244
1.2012987010912464
1.1127819553044265
1.4379561994426981
1.095890412728467
1.3611111104783953
1.2654320982030178
1.427480241170849
