2.3241106659821273
0.6140351032317637
1.90476192
2.7368420825761777
3.02222224908642
3.7317072642831652
1.9599999983199998
2.3800000336600005
0.0
1.2666666768000001
1.1632652847563516
0.0
0.7916666666666666
1.312500027321429
2.9931972571428576
0.0
1.7032966999999999
2.004048578968677
4.026315839272854
2.242572222781471
1.7386363596849175
1.9166666315277785
1.871186464517093
0.0
0.0
0.0
1.910476212162177
1.1489898981505395
1.6153845998520713
1.5946666453472
1.660465137793402
2.833333319166667
2.6403061530010934
4.371428570179591
0.0
0.0
1.0256410153846154
0.6122448944606413
0.85499999508375
1.6090534951379365
1.543326235517927
1.2689655224922713
1.7888889297777784
3.4482759387633783
0.9722221997530867
1.6279069983234185
0.0
0.0
3.9230769351479293
0.0
1.484126986525573
1.5888501826446844
2.3684210729916897
1.8627451163014228
1.318181831603306
2.10000000525
1.3270833490332032
3.1428571900000004
1.312500020507813
0.9788135417365703
1.4440639355258962
1.6249999451562511
1.9444444412037036
0.7800000290160004
0.0
1.8095238224489798
0.0
1.950802159334382
0.0
1.4153845794556217
1.3114285677565711
0.0
1.8598810090000524
1.6500000165000004
2.0399999796
2.3741883078812167
1.9499999727000004
