1.4363945552825677
1.1407775940066665
2.1760563326601865
1.7500000013851353
1.4733333348275555
0.0
1.586726200605032
1.4511278212177061
1.5149788482433684
2.01033183713381
1.789944533714517
1.2671232905948584
1.3636363625937697
1.24460431888101
0.0
1.4283781556941868
1.4577464741559214
1.577482265028419
1.614285716712245
1.5281690095298552
1.399618860697833
0.0
1.5185185198201059
1.2827667900897721
1.4820143884043266
1.6737588602162867
1.2859526160230053
1.3263888880979937
1.3529411732785466
1.6350364954765837
1.3767123313060612
1.4825174795902
1.6503496491466574
1.5694444447608027
0.0
1.4166666685648148
1.6513888898063271
1.6779976363780758
1.342465755732783
1.6232876743103772
0.0
1.613829782655802
1.632931037185541
1.729166669988426
1.5185185131237817
1.5508274207068726
1.4275862070525562
1.4574905836666934
1.4312473430586161
1.5633093536426685
1.4416315047985544
1.1148648630304967
1.7903333359591556
0.0
1.3931034482368607
1.5423426633087165
1.3641537466265141
1.8762139970184473
1.4926556700117937
1.4852941109969724
1.5115846455111908
2.2199294592655834
1.4755244737199864
1.4324324294375457
1.4914670628317437
1.4329681761696311
1.5536694100298163
0.0
1.5898104652003202
1.3636363625937697
1.4029850778235686
1.6148148209788753
1.2000000048592594
1.6808510576429758
1.7591240846203846
2.002998242148425
1.3449735496406652
