3.5686274079469444
1.3902778101122688
1.8269230550000004
1.407407365185186
4.646938759388172
0.6666666550000002
1.7111111404444446
1.7458193914992
1.9870130351829995
0.4956521577504727
1.631442240160334
2.0706845104755702
0.8080808
2.094017076733144
3.6266666731946664
0.0
1.6348039454606405
1.742643792004425
1.238866386119589
1.6863905301661357
2.625000041015626
2.2790698367225546
2.345678993667124
1.9791666584201388
2.581409619963618
1.6955017670059032
1.9305413121288646
2.1666666425925927
1.2952381110687832
1.5307971063130121
1.8186274861014997
1.5333333052222229
1.4362373986800299
1.6866666680722222
1.4444444348148147
1.4
1.5465116218956192
1.3942307450721156
1.4259259346399178
2.3170732102914937
1.5545454300613637
0.6393162296594346
1.9696969565656566
1.80499998012125
2.2610837950416176
3.870967791883455
3.126436857613953
1.9636438251070507
1.3984509325581156
1.1828254851727658
4.285714346938776
1.3778947302210527
5.833333381944445
2.020202
2.7368420825761777
1.3596059157839304
1.9461538412884614
0.9501966100250102
2.0606060506152435
1.2794117827941178
1.2172294875563041
1.683501688888889
1.1702984216219656
0.9615384305769237
1.050000002625
1.2
1.5999999999999999
2.9247311521331953
1.666666653703704
1.8552188407656816
1.4374999730468752
1.4769590740682106
1.3675675609145361
1.5427350634714003
1.9237499889384375
1.63636364
0.8509091107507439
