1.9999999400000013
1.4023870243374477
1.895384612869586
1.2148760488354622
0.0
2.092307698745562
1.1244444246542222
3.442622956463316
0.8609375253271487
2.469135814814815
1.2431077629743532
1.6953316912079155
1.194570147889939
2.0945946043599344
0.0
1.2321428290773815
0.0
1.2652608268004106
2.487804855294468
1.9090909090909092
3.565573771953104
1.8106508846153846
2.4358974527613415
1.7417417861169286
1.923076923076923
1.259119498609707
1.9548872624930755
1.0624999900390624
2.4230768923224857
1.3405405260482106
3.398437541152955
2.144067806058604
0.5664335516675633
2.6388888910879627
0.0
1.6964285510714292
1.416949119627694
2.067567527892623
1.5363881547719067
2.663265298090379
1.505827515121848
0.0
1.6666666499999998
2.2941176254671283
2.88888874444445
0.0
3.962264188323247
2.580645207492196
1.4540816478862975
1.6897081290322582
2.03418804625904
2.7903779759485605
0.0
1.5071770454545454
1.3449275401204788
1.4634503050365497
2.5499999745000004
0.0
0.0
1.5057283065981821
0.0
1.821428545119048
1.8711018962353207
1.2222222
0.0
0.0
2.0652174182419665
1.6333333143333337
1.4481792744817927
2.253766821898183
1.1413043428638943
1.4267285956669928
1.8172839446438045
1.827050245077082
2.1937499799820315
0.8333333499999999
1.0975609806067816
