2.074074117283951
1.4142857210742856
2.636671735710638
0.0
3.4000000408000006
2.3318181351818192
5.833333381944445
0.0
0.6476190635319728
1.4691357947873802
1.1168384710472243
0.9801587409297053
2.760683780802104
2.5826971788578756
6.8000001632000036
2.655172438513674
1.721739141867675
0.0
2.3265305837567682
1.1516358569650145
1.0855669959842706
1.5736165714148964
1.2727272692561982
1.2957746188692723
2.44623655408949
2.857142912244899
3.021037250432272
1.3815789546398893
1.3136363708016527
1.5321756569418465
2.0322580317377734
0.9625668466184336
1.9444444499999998
0.0
1.198616180758679
3.992592642658437
1.2072434618698102
1.8480836153197928
1.616915376550086
1.2921686741892873
3.8863636593285125
3.990825730178437
3.157894745567867
1.3636363809917353
3.187499967128907
2.64444437291852
2.4836601674868644
1.1309523673809527
1.211538441934172
2.4838709653381894
6.176470660899654
1.665445657034324
1.0
2.7500000412500003
1.406896578891796
1.54440157345299
4.0023530278156425
0.0
1.5012345566419756
1.7251520969337977
1.3685370258038239
4.090909165289258
2.3099999754562504
0.0
2.428571463265307
1.462365554131114
1.879756497529243
1.0266233908485833
1.57500000825
2.5768518422862656
2.4960000039936
1.1942307413221158
1.6265023247457104
1.4557291303792324
2.448979620699709
1.3030302909090907
0.0
