3.625000065625002
0.0
1.2181481351420742
0.6999999922000001
0.0
1.0837438495396639
1.3142856928816327
2.1923076965236685
1.6274864636390691
1.8378378616800588
2.389937105339979
0.0
1.7857142727272728
2.055118112753426
5.896551838002381
1.3768115983931948
2.51999997984
1.06060606446281
2.115384586338758
4.27499997541875
1.5615384713798817
1.6153846361538464
0.0
1.2777777415740748
0.0
1.6884454223690282
2.948717908481263
1.4805194855667059
0.9353741615970198
1.721311478231658
1.2558117053892237
0.7222222390740741
0.0
1.2962962689300415
0.23809525
1.1066509397331046
1.8000000180000002
3.1186440241884523
1.2869352958838691
1.7328767087680617
3.7259615898368166
0.0
1.2952380882068029
0.7808641955064015
2.9565216877126663
2.7130435230850667
3.8028168478476503
2.3863636309400826
0.0
2.0399999796
1.7499999890625002
3.1862745158016152
0.0
0.0
3.4191176269463672
0.0
2.457983189807217
4.758620633864448
1.6421052873573412
1.5045248779012512
2.058823563927336
1.7548386825057238
1.9178082156314507
2.06249999015625
1.6666666499999998
4.080000090576001
2.9279279128926223
0.0
0.0
2.5209643240452317
2.42857144
1.4399999884800003
0.0
0.0
3.281250051269532
0.0
0.8087912309885283
