1.0744827603991438
1.5443813597097524
1.3750000028472222
1.5547945231638207
1.4509803893194926
1.251855597957108
1.2555715885079406
1.4492753615437934
1.2809271854895166
1.4812999211551914
1.330089209834893
1.5510204026988754
1.2214285715540816
1.3812949622887012
1.499296761569179
1.5949906730899213
1.1884057965847512
1.390559439781505
1.5422535200694307
1.2377622397271262
2.0246913548878456
1.1784013584599702
1.4530948147088119
1.8137860119798812
1.7266666717324446
1.6044776136756516
1.1363063740446282
1.4647887323130333
1.2714285753612247
1.1928571475010206
1.3884892116463952
1.46153846234714
1.1148648630304967
1.380281686399524
1.189992878299996
1.3795620423101924
1.4260869559017013
1.69955843478903
1.793333333296889
1.1666666685648148
1.435312030781677
1.5003623181882482
1.3875850315593734
1.568493156762995
1.430026762276908
1.5490927148519837
1.4344827633398336
1.5003108655397919
1.1608230469025407
1.5447183072483635
1.2444758963481353
1.4615384619795588
1.9210264949005964
1.1163537992228871
1.4397163102419397
1.2072897011140717
1.7282186957809775
1.874978261338065
1.2134280448313097
1.0780141833247825
1.1631205640762536
1.6170353778323634
1.3636363625937697
1.7181208063294446
1.4754777041869855
1.2459639141281322
1.152949247307194
1.4698836150885437
1.256457401116433
1.2777777790432099
1.3448275881569558
1.0714285718469387
1.1056338030609005
1.2620689692613554
1.492857146915306
1.2235544882183844
1.6241229251972105
