1.3642086340749702
1.5048381689832175
1.6619718278952589
1.3503184668465253
1.27272727175915
2.192034909667986
1.3663126992356291
1.1597222252276236
1.3875507221608108
1.2943562615466615
1.3688054226161035
1.136986302293113
1.5874125848462028
1.2569444433371915
1.388548920448004
1.309677977169411
1.568345327603126
1.6006849358922877
1.489932884761047
1.3356643333786493
1.310951238640972
1.4743150725323702
1.1354688035571159
1.2947005915876044
1.3034482787091557
1.5000000056164384
1.2776500663905932
1.2344827610777644
1.3943661969390995
1.3197278896385765
1.2949640289891826
1.3093525218052895
1.112582785448884
1.120805371860727
1.3798076913221156
1.3785714331316328
1.8101063778436697
1.190575552917337
1.3309859139476297
1.46575343004316
1.3100944067806186
1.4140510926197718
1.3426056315336243
1.4532374086713937
1.3990054857772254
1.2854126035531872
1.2465753486207545
1.4630475255151987
1.2567049816662703
1.2620748276997318
1.28230452734738
1.3379310375248512
1.257075471856236
1.584541064093678
1.356643356723556
1.4969430762639102
1.433590189436345
1.4654234671522106
1.3053931119374336
1.2244897930723309
1.2943562615466615
1.4159159174216787
1.2857142841205054
1.598639453771114
1.5015923538186133
1.0856075358949335
1.3255173646946168
1.1997369738181134
1.5362168711685498
1.2466666658284444
1.1592356691224797
1.355555560144856
1.4347826102457466
1.2794117614251732
1.401408449321563
1.4187097852078145
1.1964085273027085
