1.2711111009037037
1.24294004281526
1.9811320941616235
2.166666673888889
1.4747898955313892
0.8974358965384616
1.1558307665391856
1.1886792564969741
1.4285714499999997
1.3744680889850611
0.6471861488218924
1.08000000336
1.2244897714285714
1.2957746398571712
0.3626666836394666
1.3852813818181817
1.3210108777803515
2.0408163720116623
1.565934094518577
2.2334310544500995
0.4536489145592475
2.0117646993737024
1.068181819948347
0.9419913372533497
0.9675889451378245
1.517857176683674
1.4545454991735547
0.9945946145536889
1.7494214967707284
1.7526205391361105
1.26300906243587
1.0784313585928489
1.98808340738772
2.2207791837662345
0.9428571444285715
2.1739130514177694
2.51999997984
0.519480509090909
2.280701759427516
1.15384615
1.7010785331320684
1.1456790177558298
1.0733333340613334
1.4705881989619383
2.333333318115942
1.5724138431224743
1.5166666762916667
1.2318840828229367
0.9589728636212033
1.8577778154400006
0.91228072
1.2046154057095386
1.086913085060394
1.7992423940151523
0.2169014174322554
1.5306122790087469
1.2063492300453516
1.3768707607333055
1.0798547799330374
1.1229946720352315
1.5808383172949907
1.1623931543458252
2.566666708018519
0.0
0.5769230862426035
1.283333322764706
1.401351526005956
1.26098901239011
1.5098039117993078
1.3471698212787468
1.6666666499999998
0.7910685670701271
1.8189542540157952
1.8799999896
0.7142856946938778
1.6666666499999998
0.8602150645161291
