0.0
1.2443415672190785
1.664335660887085
1.4265734268942247
1.9863013776337024
1.489896418848746
1.5219156529618452
1.3664122104434475
1.4944150497377693
1.640698173336328
1.392872775197524
1.7605633785736958
1.4934210483015928
1.31205673329913
1.5496523396343904
1.2909105966272123
1.16216216380935
1.3310763896283757
1.3642384129696066
1.6370370396916323
2.460665039990173
0.0
1.4056310520903819
1.4441854442270292
1.5547945231638207
1.3266666695457778
0.0
1.4305555552391975
1.3475177262481766
1.5524475497608685
1.2887323938781987
1.42176870619279
1.5906040261438674
1.3311258299723696
1.580548187305735
1.3888888895216052
0.0
1.7314602014865546
1.3310344868927468
1.715328465274655
1.1995602946563295
0.0
1.5758503373488362
1.2715231794912503
1.0400811788769349
1.5085935571174431
1.3708609284829611
1.5499361451861011
0.0
1.3691605817429537
1.5352792103536828
1.3379310375248512
1.601143789593874
1.2776500663905932
1.5142857149551021
0.0
1.2553086458411193
1.560699588922611
0.0
1.5234899318886537
1.375934618097012
1.4213065194708376
1.2602739766034903
1.349315069724151
1.5721283773161294
1.4242656481505087
1.3748748731250846
1.2455696206268356
1.7561098492749077
1.1655629149861848
1.4782608700819155
1.361702121101554
1.345070418712557
1.5530303006772268
1.6788321148223133
1.942050890170522
1.5691358079141093
