1.1044014065841103
1.2654321027786597
1.0753424707543628
1.2027027033765523
1.1985815570253004
1.179856115956731
1.231805232178011
1.0405405395672025
1.142308977606548
1.283771695528795
1.1810699571839278
1.1338028125907558
1.4545454561093452
1.1094890513570248
1.3452698197587136
1.261965164827302
1.0896551751828776
0.94244966480904
1.3648648616453616
1.0833333314351852
1.3100944067806186
1.1784013584599702
1.7451630739508923
1.397322204539737
1.2957746462606625
1.2676056309561594
1.152949247307194
1.0890410987370989
1.2589928057978366
1.1304347795085068
1.0492957724518945
1.2676056309561594
1.1478873231303315
1.4100719420216346
1.0224798058150133
1.2635135099570856
1.1419463091846764
1.1707398976571946
1.2828947342157202
1.1470588176773358
1.3641537466265141
1.7132142888959694
1.092880797452283
1.0625000014236112
1.1325617280241318
1.583597884369539
1.2885906019954054
1.0978960174401757
1.3036681756141495
1.2080357165292093
1.3887306148714296
0.9580419590444521
1.5221556855237548
1.2916134562068085
1.3550724602804032
1.288520297443068
1.1135802501665844
1.3187134454655278
0.9698696333035695
1.1428571436938775
1.3777035168788863
1.2916134562068085
1.1748251754266712
1.2925170041084733
1.368914471162526
1.2485596740978877
1.1264127935891615
1.3744216539990428
1.2021604938623114
1.2000000035142857
1.172413794078478
1.0808823518328288
1.0362318841871456
1.19548872129459
1.5744680787958354
1.930011548726627
1.1200420270353417
