1.3812056698405513
1.3474670098164971
1.6126760554433643
1.5319148884200995
2.01219512
1.623408334679686
1.4704875147189251
1.4822695006176752
1.733468631461558
1.3249818383566685
0.0
1.3489932879257691
1.2602739766034903
1.307692309633136
1.3044816961456207
1.3830638135779205
1.1805555552391978
1.6612068993013078
1.6164383603190091
1.4210526319034429
1.4187618250209661
1.6155629179729398
1.3034777711345273
1.4718500979521982
1.4335664327644384
1.5034965029351068
1.484317652375461
1.3698630173146933
1.3071428612846938
1.7310344857617121
1.5774647877563976
1.3840579688185255
1.6040268482969235
1.6293706258017506
1.3899500976066914
1.4027777761959876
1.6258620716565992
1.6330539748958257
1.3333333351555556
1.31205673329913
1.4442798382516104
1.504316547844832
1.498620692135648
1.2000000010933334
1.36119452502622
1.401709398376666
1.6258503393012171
1.184378275410945
1.668624947313586
1.2456597229142554
1.518518521960494
1.2198581551209697
1.5310126568712548
1.4852176712114409
1.378378378528123
0.0
1.6183757436681792
1.6849315114655659
1.476337447903521
1.2803030285146924
1.3238366591195319
1.8489369007494096
1.3061224440844093
1.3958333328587964
1.6965517269460166
1.5795464434622795
1.1628294942143043
1.6074191288096773
1.707902913986022
1.4962406021063939
1.098591544903789
1.2269503525476584
1.3916083918088902
1.2388059688705724
1.5214285768255102
1.2859526160230053
1.2347549544927956
