1.480645154603538
2.0661938577284844
0.8433333340361111
0.9272727466611574
1.491901121774343
1.43790848
1.2791023934208026
1.448275842092747
1.696969709090909
1.3502935713738846
1.2920634962539683
1.8637873726964385
2.4818181998677686
1.3878105639979408
0.0
1.1196774528842879
2.361333289474134
1.777192018652755
1.0566037967604132
1.2266666563626667
1.5681818158295455
3.238636357339015
1.208937228792796
1.3630434802811908
1.5612745252042484
1.469629626146063
2.6653845574637587
0.9548229372289088
1.3548386878251826
1.423097958996282
1.501976304347826
2.095238110952381
2.3700623325391925
1.7643208206692904
1.5833332858333342
0.9579100131221076
0.0
1.8367347262390674
1.6589862020514345
1.4132231347145001
2.4000000384000004
0.8241758076923076
1.0782726033177619
0.7291666408854169
1.7629629303901242
1.2749999799187501
1.2162629951826784
0.8884588214285714
1.5220588333780278
1.5578512531480089
1.5109889999084252
1.2307692333051565
2.8000000560000013
2.0830188191897485
1.0712440544998147
1.6590163890911047
1.653594788958917
0.6566820642262535
0.9935483935868886
1.1277777825874182
1.1712962855594136
2.5
1.624398052531607
0.8863636208522728
0.5571428382000002
1.2833333415833335
1.4055555742962962
2.3906249633935555
1.1040000017664
1.2794612500810578
1.5019762891562125
0.7859078524590744
1.4720000023552
1.7376237487849233
0.8634304288250857
1.7173333299477336
0.8420378836778886
