1.4000000280000007
3.1186440241884523
0.0
0.0
0.0
1.3194444257523148
1.5999999931428572
1.9298245575253927
1.382513643750784
0.6710526532998617
1.0153846356142011
2.2128279880371275
3.8857143034775516
2.2261905089285716
4.210526425484767
1.4583333096354167
3.4848485406060616
1.9562403411696747
1.8149999570340007
0.0
0.0
0.0
0.0
0.0
1.4352720075010301
1.1949685347454613
2.863636357128099
1.1793103676004761
2.7153284294954454
0.0
1.8055555577050266
0.768921218638723
4.387499959964063
1.9124999890031251
1.5405405180569758
1.8571428695238095
0.0
1.7378631684450694
2.50253294256397
1.0828124884951174
2.905660384759701
1.174698773951227
0.0
0.0
0.0
2.02898552173913
0.0
2.0
0.9686274678108423
1.3194444257523148
0.0
1.3714285458000004
5.802197483076941
2.2666666346666675
2.190476186303855
2.525510249540817
1.0065789598182135
0.0
1.8484018111334213
1.3737128802516254
1.3878105639979408
0.0
1.7079889883386836
0.7364341215431764
2.5
1.5775281120439342
1.8888889056790124
0.0
1.9259259130864197
0.9812802117530457
0.0
1.6186480392651639
2.4181818983636383
2.108333367857292
0.0
0.0
1.1672278661701192
