1.181125830786939
1.4229474213018474
1.5971223014367786
1.437086094477435
1.3445945946320306
1.8556186540358195
1.3545470316542867
1.2945205521767686
1.7981524643087257
1.4731375068520896
1.668624947313586
1.7284768259392131
1.544827590419025
1.0753424707543628
1.3862883353233375
1.8374767521574706
1.0972222238040124
1.0865000015935333
1.4729729745452886
1.1180555538155865
1.3729071549942662
1.5008928599302296
1.2492776439736804
1.593760426085297
1.676258991277884
1.4374999985763888
1.1081081073593866
1.2681159406080655
1.2885906019954054
1.1914893595986118
1.3561643893319573
1.5704698011693168
1.3071428612846938
1.5958904127284668
2.125925930335254
1.8472222238040124
1.468243242251187
1.401709398376666
1.3082191801595047
1.3714285712612244
1.1016702923629802
1.3983928597398725
1.3012411310603087
1.4604316580290875
1.0922677053563488
1.4622770901179316
1.638888889521605
1.640698173336328
1.7767699667893864
0.0
1.3953953952733817
1.26896551989346
1.3130718943949764
1.3382377851732543
1.4000000036444447
1.2097773938644591
1.4252761514534384
1.4971309297231592
1.3663126992356291
1.190140843199762
1.199019349790016
1.310094404724109
1.4405594386346519
1.547445250799723
1.69544025178559
1.2865226348814014
1.8447187984927502
1.173985162908665
1.598808003887682
1.4500000049785715
1.2925170041084733
1.9264705821172146
1.1323529377184256
1.2957746462606625
1.3605442151446157
1.37913758853081
1.61827520470058
