1.382401313242945
1.290384278100759
1.3133333328595558
1.2867132865528876
1.4109589068793393
0.0
1.337995335335387
1.3630137033233252
1.3753937894489277
1.2975134735816676
1.2439280205929977
1.5416666657175928
1.5374149627229396
1.187499998576389
1.4531645572298897
1.411580589726906
1.2137931035262781
1.4565789446852493
1.2666666681244445
1.2377622397271262
1.6921690496914072
1.4663194452590664
1.149735450135223
1.7803320601881356
1.5755395710615392
1.3888888895216052
1.310502284823294
1.5000000029285714
1.3649634985380148
1.5500000008785715
1.2827586211576694
1.2847222223804013
1.4583333342824074
1.5259740271496036
1.4348579340305014
1.24460431888101
1.5652027016451335
1.2148148153817284
1.3916083918088902
1.3900709166239125
1.3005316754298033
1.46145161478897
1.093333334936889
1.335616441741415
1.4501167821282996
1.4347633041976715
1.398692810667692
1.4512647852020895
1.6168398621703883
1.3239583340688659
1.372441793304339
1.5899280579783654
1.4812903244919875
1.3540929425081027
1.3945578206626867
1.725084681168871
1.4718973322886102
1.5390390392303792
1.5778629248185319
1.2112676061218013
1.1610118281616715
1.4006426553442264
1.3541666671412036
1.3165467652637026
1.4323717981772683
1.1786596147603678
1.4801192017601972
1.2293742667251795
1.5677297678154054
1.2887323938781987
0.9861111133256173
1.3776223743341973
1.7500000013851353
1.1666666685648148
1.1328671344711232
1.3213083208626772
1.7645747597303192
