1.5445205521767686
1.6060521659831422
1.4206896564204516
1.6137931080504162
1.3265306096265443
1.2825641065477607
1.5918263089795746
1.3378378389609205
1.5490927148519837
1.4187097852078145
1.303568409735804
1.3517241387890606
1.5704225353739338
1.0935251826572123
0.0
1.4530948147088119
1.1034482764470868
1.1946551743911533
1.298611109054784
1.1301369883017451
1.3983479890635595
1.5880281663300932
1.5005691207076053
1.5149286349931101
1.3310810777492696
1.087837834805515
1.0467792037267851
1.2206896598135553
1.4117646991435986
1.3984962383763921
1.4592592596192044
1.2147650994153418
1.2275862104456599
1.2137931035262781
1.6820512841238096
1.4930555566628088
1.5195804187303046
1.435312030781677
1.7880794764203323
1.464285717005102
1.2287782076890124
1.507789854416903
1.5998310800001143
1.4513888909452162
1.5947911409446334
1.275832915002282
1.3916083918088902
1.4900017342422507
1.4661558119439821
1.2996732015950274
1.4064131275462066
1.2642857193479593
1.8283783771429876
1.268899039914792
1.5314685321502275
1.2312527301758667
1.2836278542873507
1.6690023350885121
1.1648909192188792
1.410447763203386
1.5496676177300022
1.546254020948641
1.3382352933196366
1.6527777761959876
1.871140940350795
1.1675720186457723
1.0386403701399065
1.3636138002376885
1.3167110436731677
1.2554744531663913
1.3500000032214285
1.4411764650908305
1.1172413833664685
1.1418439659805844
1.4893616980443638
1.425838980688723
1.4278606957562932
