1.8512396727272724
0.5625000042187499
1.5906976636906436
2.389610377972677
1.290322584391259
1.4668531435868748
2.615384636508876
0.7291666682465278
1.3999999748
1.669758796496639
0.6105212374353021
1.9929519485399503
0.6762295240271435
0.9560439854606936
1.7772108841229348
1.674641140392848
1.6253592405329347
2.1315789491135737
2.5333332826666677
1.3688888949120002
1.04615383113215
1.4161490540075614
1.5982906293162396
1.186956534640832
1.2815920520567314
2.1639344541655476
2.1052631811634352
1.6941964014257815
1.5975889930346834
1.2832244216376183
1.6105263357091417
1.4374999730468752
1.6290761187907612
1.7161289955463066
2.7040936287005244
1.9736842364958451
1.9177018706656768
0.8994709146619637
1.1538461600591714
1.0431818275269886
2.4590164337543676
1.3571428775
1.3186813333333334
1.077097521979268
1.5975976091632176
2.2222222
2.274999997725
0.0
2.0512819992110463
1.33333332
2.0370370619341567
1.5217391086011343
1.5111111148888887
1.668333300839334
1.3343801855264765
1.4935065213358074
0.0
1.9663865426693028
2.425531937342689
1.4766613723258566
1.8518518666666666
1.6794642638430803
1.4224137631391205
1.1120401125563473
1.2
2.0
1.4232558222282317
1.5249266906442152
1.1316872592592593
1.0085763208356258
1.86666668
1.5059523872271825
1.3596059214880245
1.106301111111111
1.1994074132845036
1.5412087645879124
2.188552232654832
