1.1969798662538174
1.3572930976299413
1.2746478833386234
1.234899329893248
1.184397162171923
1.2206160745854828
1.1599794261999885
1.0068493196078063
1.1659429591712158
1.2324208236670635
1.078512062944958
1.24460431888101
1.3464052266564142
1.1041666671412036
1.3769051898095555
1.198286721009833
1.2464788738087682
1.0250000019035714
1.2198581551209697
1.1506849358922875
1.4378242992299315
1.2113636356859503
1.1406711845509783
1.1326944642614296
1.2808219185775942
1.2340425499743475
1.2654320982030178
1.1714285736040817
1.1408450707478675
1.1716417943328135
1.0684931511465567
1.2183098585042649
1.0748299310241103
1.1788079514433578
1.1160871138796906
1.1914893595986118
1.123965519101736
1.1648909192188792
1.257142857477551
1.139860140341337
1.2287782076890124
1.1451724156885612
1.228595893776975
1.1066666661564444
1.0605526154031042
1.2526867403256738
1.2671232905948584
1.2148148153817284
1.10875955069199
1.143840579212823
1.3005829926669907
1.1888111871670988
0.9941265079404851
0.952795933631794
1.121621618701607
1.093333334936889
1.2420978868309278
1.324370034998274
1.1098308184500196
1.1544117636862024
1.0907668219592674
1.0397063724056037
1.0642857158336736
1.4000000011714286
1.0516233768965255
1.0659798882455123
1.1050252129210842
1.2097773938644591
1.256457401116433
1.2307692281226466
1.0625000014236112
1.0206896575514863
1.0694444447608025
1.1294964058485584
1.291970803618733
1.5036310775633837
1.3272976737158766
