1.5353534892929301
0.977142869426939
0.9477124149186212
0.7793149084708143
1.3472727210545457
0.6597222326678239
0.8250000082500001
0.9880030789978818
0.7491039674910396
0.9899068448558119
1.25
2.2166666381666675
1.4666666344000003
0.9886731190420085
0.9198067735685779
0.9510489444647661
1.578571406714286
1.121794880488782
0.8963585699479796
0.9156136467253954
0.5757575513636368
0.6554621655956502
0.9764389331123801
0.5769230552884618
0.6169871711438303
1.0176638443179493
1.383400818102772
1.1103896101092088
0.9619882855701757
0.9441707593568694
0.8496732016702978
0.537386023320701
0.8376068567521372
1.8839826866231142
0.6586666745290667
0.7784045120329385
0.3863636289876031
0.795454559555785
0.6111111294444446
0.6946819568839876
1.2628571253714287
0.5555555555555555
0.9732304786790477
0.7123809468761906
1.1620553101649769
1.1255411152527128
1.1200000050399999
1.181818173939394
1.3731343373758078
0.741935475130073
2.029914550664768
1.030303018181818
1.4285714499999997
0.8214285714285714
1.6917562679986127
0.9705882261591697
1.0526315818559557
1.781798289174314
1.1985836337273255
0.9926470563419117
1.354645346043567
0.8636363571280992
1.06905625547007
0.35294119826989645
0.0
1.5000000328125005
1.543209853261698
1.884920663463719
0.7068452408048115
1.1627156883275067
1.0819672460172003
1.226102921652114
1.4923469464504373
1.0867132966369994
0.8693181872514205
0.9304053875516803
0.5824372798059505
