1.1092465783814975
1.1406711845509783
1.7318840593919345
1.6258992811697117
1.3660130720005126
1.2497758647553703
0.9726458451194934
1.317567566407049
1.3910649260367374
1.2262215245472314
1.0991181678983624
1.229166669988426
1.0506329084361479
1.007299268893388
1.0814826043850054
1.1135802501665844
1.079470202451647
1.2899659841129854
1.2164179127311205
1.4198473225103434
1.354649616801906
1.0722039453933085
1.5005691207076053
1.2794924559886072
1.1513157865633656
0.9932432443288898
1.0340388033489292
1.2907801410190634
1.5144927542690612
1.100000001757143
1.0
1.1842105234764542
1.0596026504811193
1.3541666671412036
1.17496229045101
1.1328671344711232
1.561904759142209
1.1438191451022905
1.4121621624242149
1.2116788278352602
1.2995359381573448
1.279432620483879
1.390559439781505
1.2275862104456599
1.096170477268464
1.2671537738131975
1.562500001423611
1.1232876743103772
1.2476091109899565
1.0039383589148998
1.3744255204206304
0.9580419590444521
1.3027419371648283
1.2439280205929977
1.0204081599639039
1.4561515352921954
1.0056414045175082
1.4974279845819045
1.3232804261718065
1.2781954872847534
1.0778932394804988
1.4944150497377693
1.1142857137836735
1.2980132469751329
1.222360251028587
1.3067156953000973
1.0412698445052155
1.224810128863055
1.214814814684656
1.013605439975936
1.087837834805515
1.0684931511465567
1.0869565196723376
1.1470588176773358
1.6449275337775677
1.2884399542442295
1.2178594618893657
