1.620779211083488
0.7049140673528066
0.817307689783654
0.7285714293809522
1.855072454694392
1.2272727272727273
1.3929732057327717
0.8817567228095331
1.1799131152982603
1.5210526297894738
0.7208320395080478
1.0025640965759368
1.4250000330000003
1.5995454523026136
2.0588235330449827
0.7137311342872987
1.343073596569264
0.6754385869395714
1.274645924165407
1.3475935923246305
1.0314111681191287
1.25999998992
1.4825842876538318
1.095238070204082
1.059334152236344
1.3622478300244327
1.3961537967758886
1.1655011636363635
0.893468806631651
0.902777761226852
0.9934640758823533
0.8590363133787345
2.115555554830222
1.5689654835315106
1.4814814666666667
0.9443396348535066
0.48080809538496083
1.00740741636214
0.6993006815492202
1.186813192323391
1.6755319434133096
0.9415584257305197
1.338472490099238
0.7718006045355862
1.2162162536888244
0.8919382782258328
0.7333333406666668
1.0550586578836894
2.2968750358886725
1.1192982645263159
1.23655915605966
1.300934558871517
0.812499996953125
1.0426829349672815
0.9568198833941961
1.164222009241385
0.674074095580247
1.1771352492551725
1.3223684084703948
1.9285713996428575
1.6618075653656215
0.9960474347997937
1.1111111111111112
1.0875706106300873
0.4040404
1.884213395584131
0.7157894857396124
1.8354203750634437
1.0995370284690071
1.4956268146284286
1.2501009903025406
1.5235849007903168
1.1160714285714284
1.2258064526344086
0.8823529271626298
0.8571428785714288
0.9195402493295021
