1.3006896573252793
1.3590394104357244
1.4900662294451996
1.4932432415586194
1.3355704712760685
0.0
1.3520142927726053
1.112582785448884
1.5362168711685498
1.6559082900752582
1.6034468496389718
1.3691275184036755
1.4000000011714286
1.190140843199762
1.6730512945496423
1.3902880697724227
1.4527027019914172
1.5515411001412087
1.400000004524138
1.4733333348275555
1.2841163297788387
1.2881756748052868
1.532776907127701
1.9439971374156535
1.1283783799132578
1.383561645297429
1.2865226348814014
1.4855072457309388
1.4963503625606052
1.3188405820352866
1.432624106999648
1.626666671185778
1.437086094477435
1.27272727175915
0.0
1.3916083918088902
0.0
1.2859526160230053
1.6482758668661117
1.46575343004316
1.4462081088706524
1.5905172440118907
1.2625827846343143
1.683870970301769
1.1743209903890042
1.4950535563451677
1.3178807989456602
1.4130658435628143
1.4329681761696311
1.2285460958055427
1.425547996934405
0.9523809489277616
1.2313758394220304
1.4862096122377033
1.3284671540710746
1.2086942021155633
1.0467792037267851
1.272272273464681
1.5362168711685498
1.2237762222524329
1.546254020948641
1.4825965792033504
1.31205673329913
1.6510067120742309
1.48975155594109
1.3216735236509298
1.532776907127701
1.645931285628158
1.1192835981082532
1.2638888923688272
1.2799999993439999
1.6241134724138624
1.191780825456934
1.4685314678497725
1.407142857184694
1.445256659837685
1.3100944067806186
