1.153125000640625
1.0193273774113003
1.1007194261156255
1.3687943243438458
1.4489795917228931
1.058244187431343
1.0765084309974506
1.2826086978481412
1.1468531462115505
1.2397566625044538
1.1077115753154878
1.1818181812968849
1.0065789463036703
1.08333333229798
1.0710311993547175
1.2373113898255348
0.9791666699884259
1.1219594587013788
1.1276595711272068
0.9720279707848795
1.464670340809446
1.0036458338909144
1.3153607091020831
1.4664124895791417
1.3150684941508726
1.3529411732785466
0.9844189028707623
1.1063829730315378
1.057142859820408
0.9652777776195989
1.1748251754266712
1.1118421033466066
1.0743243234632944
1.6408450649732196
1.1174466560182117
1.2340425499743475
1.3398214310596683
1.190575552917337
1.5140845047649278
1.0563380248343583
1.2327202446223995
1.2314748210298379
1.0800335574818927
1.1958041930373124
1.3521055353482343
1.5929556971667413
1.598591544903789
1.1286286295076835
1.0477423782949693
1.201724139920095
1.107465408231194
1.048611109054784
1.4677514791162425
1.135644195313025
1.0810810791344048
1.271884471793998
1.344867980030139
1.251751751316384
1.042564951679909
0.8943661969390994
1.0648376795418857
1.1743209903890042
1.1793103447105826
1.0479452091724526
1.4213333354179556
1.297704863475586
1.1652899899030862
1.0520013692891883
1.1590624412351902
0.9507042217734576
1.0279720292151204
0.977611943860548
1.0839160819110958
1.09219857817816
1.1586206928142686
1.248805979746443
1.0490248705583949
