2.551892507160077
1.4116666780883331
2.4074073999771377
1.3513513195763334
3.512280665455217
2.235033223535775
1.904208316339976
3.3497536503482253
1.6901408212656224
1.7111111096851852
1.7213294947815418
1.1205128221692309
1.1525735215257351
1.1415929349228602
0.9163636086690912
1.1217948676816238
1.6640000390208005
3.339285699107143
2.396694202166291
2.388200601686376
1.065891475978006
2.5942981708854185
1.7816901476205118
1.3571428775
1.1764705936332178
0.8586956485869565
1.3196356041981991
2.201007296779375
1.6927083068847661
1.103575560569808
1.0857142857142854
1.484848499889807
2.1153508809111266
1.7406624168821805
2.6962962956543213
1.7132867306420851
3.8857143034775516
1.5905882329449412
1.3877551426822163
1.5954545408961038
1.4812646449671747
1.5059524033265308
2.2674418922660906
1.324618765927635
2.044871805448718
1.3327526050488656
3.0048779874919704
1.7456249757126563
1.2833333192166667
1.2584415489580874
3.2499999390625014
1.6551724007586206
1.7062499594765634
2.9078947336911356
1.2448512690677545
1.5625000087890626
1.7727272894318185
2.150943384051264
1.748847922574699
1.8036363309454548
1.285514670039693
0.0
1.0197590393657134
2.0289854781348455
3.8571427469387785
1.2116858432671094
1.1787830393631205
1.3461538197485208
0.9209694405612252
1.3094151996596792
1.2049632394525507
1.5423529381185883
1.3260685374189494
1.3826227644291182
2.4904214469216543
1.7111111221111115
1.2389455976251218
