1.0111486479654401
1.1330226485466797
1.0616438371551886
1.0322580646867847
1.0460526295204293
0.9894419319037058
1.1318587106288105
0.9791666699884259
0.998285323054603
0.9209533609283075
1.1177983528432214
1.215686271987697
1.1690140802777227
1.0
1.1677215188431787
1.0408624593675564
1.0714285718469387
0.998202613596181
0.9650349649146657
1.1232876743103772
1.144997874446893
1.1175347228430748
1.0554242127505695
1.217749151934312
1.1276595711272068
1.0071942434584131
0.9564921232383318
1.1857142856306122
1.0138888866743827
1.111111110478395
0.9929077967577083
1.020000002296
0.9801324534599359
1.0399999991253335
1.0586336756315335
1.2097902105120053
1.2503546063819726
1.3718017556354485
1.092715233478356
1.0492957724518945
1.1519795693550006
1.1849290746526835
1.0804054046754017
1.1197183078258282
0.9862206300467363
1.1970303644614662
1.1164383603190093
1.0345138298715835
1.1638531918190351
1.114781020107651
1.1225329623683091
0.8911564634578184
1.2650316444487062
1.1703003212190062
0.9507042217734576
1.2184920184557282
1.0123456774439228
1.1477549692718059
1.0865843631936571
1.0139860117404274
0.983002326963912
1.2327202446223995
0.9589041104353537
1.0694444447608025
1.18125
0.9172259529868023
0.9597562955739626
1.3029894931830086
1.2420978868309278
1.0638297826558019
0.9650349649146657
1.1597222252276236
1.0583941571325057
1.0289855085381223
1.1048951052560028
1.1107681739504267
1.0482444614234199
