0.9547945231638206
1.1478003800318868
1.054054050909423
1.1493506521167145
1.0206896575514863
1.158555729651534
1.2672528663793186
0.9928571439867347
1.0320666963719654
1.0622500400356338
1.0640713702620752
1.0547945231638207
1.061224485469943
0.9121621596539445
1.343261352018357
1.0542358462966661
0.9370629356995452
0.9482993180506271
1.093333334936889
0.9383561684612498
1.1272217783624914
1.1215579705268588
0.9701646074834248
1.1440892995728473
1.0141843948533775
0.933333332968889
0.9776763087059624
0.9729729717750183
0.8943661969390994
1.2045454525688704
1.1020408165542135
1.0069930058702137
1.028571429910204
1.1066666661564444
1.1578309071906547
1.061224485469943
1.202666668430578
0.9701646074834248
1.0191082771609397
0.9929077967577083
0.9006385696286431
1.1396853140477285
0.9571192077066576
1.0405405395672025
0.9647858154220614
1.0332907615723432
1.2127659518786782
1.1415812926479962
1.0539489290519148
0.9642592612592044
1.0257542342369974
1.089552236796614
1.0061349683375362
1.0053639875950853
1.098591544903789
0.9934900551307673
1.1294196682064686
1.36119452502622
1.1006711413828205
1.1205673737005182
0.8768909748559589
1.2095558774570274
1.0298507476386722
1.1148648630304967
1.138190182931838
1.019425020128993
1.088618298872927
0.9837014977905609
0.9991983328569345
0.9583333342824074
1.2302158260649034
0.9925925937624144
0.9645390070509531
0.9931972744338007
1.0555555580864198
1.1248285317360158
1.0615569273953094
