1.005032467793515
1.1559893201648723
1.3356643333786493
1.4771241813251315
1.2614379093374344
0.9442653120895197
1.0123456772141
1.4166666685648148
1.2791124475141133
1.2134280448313097
1.1703003212190062
1.1258741228666438
0.9731543611972434
1.1702127615029425
1.3375244267130972
1.046317012099188
1.0567375852291132
1.3977272719453273
1.1180555538155865
1.1283783799132578
1.2365079381535147
1.2865517262673958
1.12405278972257
1.2396069504605591
1.2244897930723309
1.0890410987370989
1.046090538200933
1.1714285736040817
1.1838235236040224
1.1527777761959876
1.1126760554433646
1.1217948736143983
1.1478873231303315
1.1793103447105826
1.1780323687148018
1.279720280682674
1.429225349697084
1.1135802501665844
1.2000000010933334
1.1250000028472222
1.0629629621169312
1.2774253742782913
1.1607615923250956
1.2661870492562495
1.145549055652936
1.263686676574378
1.2866666704204446
1.2327202446223995
1.0192795536144645
1.2314236117952355
1.0391627873833236
1.2164179127311205
1.2095000017739332
1.2827667900897721
1.408450701704027
1.2557316107660244
1.2865226348814014
1.199019349790016
1.0902184241453323
1.2158273391480772
1.568749406986643
1.3112933971723328
1.3239436615651656
1.6014492739413988
1.4012658215431824
1.083637626478359
1.1200420270353417
1.0870680819681973
1.4044514000206456
1.2867647014046282
1.1597222252276236
1.1363636329752065
1.0851063807514711
0.9602649014894084
1.1148648630304967
1.1799952800382256
1.179856115956731
