0.0
0.9150327070101246
1.5567765765253796
1.9038461063165688
2.6388888515046296
2.4716418235081314
1.4454892716870296
0.8879464295018137
0.8482142755357146
1.247155649621202
1.5478649936654774
1.7142857387755106
1.590643321750354
1.570512801442308
3.1666666033333346
1.821428568013393
2.205405349301681
1.1628571466285718
1.6451612648491158
1.2949864907235062
1.5798610977105039
1.6830484331695157
0.6554859019193502
1.475409843402311
1.2350000222300004
1.5826087331039702
0.9220588445970592
1.2907093052220506
1.0237417035707503
1.0772151934997598
1.9480519227525726
0.8991421402492851
0.774193558376691
3.95833341497396
2.312925221613218
1.1531531800340884
1.42499997755625
1.5217391219806766
1.172413804019025
1.3084175366412956
1.1171875033972167
0.5737705042192959
1.5909090882575758
1.1851852
2.398897038763787
1.707152496506381
2.833333403333335
1.3885391342545794
1.3054695848722688
1.333846157950296
1.945263199124211
1.9019230886663463
1.71428574857143
0.9974489919237429
1.349112409171598
0.8031746259790253
1.0096153748798078
1.3257575833505508
1.5294117737024224
1.4587155658404176
1.562617357218816
1.450090765932787
1.333074556901065
1.5079364898412702
4.923077043786986
0.9971590937419291
2.274944604341031
2.2666667320000013
1.14999998635
2.201704498982854
1.7499999890625002
1.3218390650217997
2.2747252296196123
1.702306087694316
1.0290135256553767
1.124260339751176
0.9965245374301563
