1.3711920564308144
1.0255789567119642
1.3034482787091557
1.173611111902006
1.432624106999648
1.2949566996826725
1.1763171619555204
1.1851851863100138
1.303568409735804
1.3404853149083893
1.108407674862411
1.31205673329913
1.2466666658284444
1.139860140341337
1.3816284651475486
1.4512647852020895
1.1985815570253004
1.16477272550792
1.0342465755732784
1.138888889521605
1.4471787231330921
1.3618881111262164
1.2865226348814014
1.4482167380267872
1.291970803618733
1.0489510468257615
1.2654320939642338
1.5251798550540863
1.1360544220722848
1.2028985478827976
1.1258741228666438
1.1134751762738293
1.1907894697801247
1.4859154894604247
1.1766004462722397
1.2000000035142857
1.3784482781436385
1.1665440314124949
1.2957746462606625
1.2777777790432099
1.1868880382403664
1.171428569356657
1.1958333350872223
1.1931034516299641
1.2411635395648315
1.56576131869645
1.4829931972409645
1.3641537466265141
1.4524959709626828
1.0321678315903957
1.504458163474699
1.0273972615819102
1.5769230805621302
1.1901901904120338
1.2384105964940133
1.2233273049861793
1.2119631335854144
1.5072702354224863
1.1081081073593866
1.19847328143931
1.076963484178827
1.2038705385108985
1.3484848481083562
1.2361111133256173
1.6199300690238154
1.4172839553463845
1.1156462565301495
1.5534314983408695
1.2742812722941084
1.2152777776195989
1.385714289144898
1.0774647877563976
1.2056737544519893
1.1597222252276236
1.0896551751828776
1.2380714032175195
1.5074344402070396
