1.1321895415956682
0.0
1.4100719420216346
1.3892617433782262
1.6054421737590818
1.2817000374841099
2.0875266078690093
1.8000000023428573
1.5940667039648357
1.3497942392221078
1.3427640603293134
1.166666667577778
1.2631578957103284
1.2230215826064903
1.3096593352924804
1.7582845975505281
1.2040816331084272
1.9705985882187067
1.3049645358724409
1.6402877680865378
1.9497027913030873
1.6746478844935528
1.7110067768264674
0.0
1.3900709166239125
1.2657342632079809
1.3738977084086672
1.8513513475328707
1.2624113454967054
1.3785714331316328
1.425531909572959
1.762237760272874
1.598684205344529
1.8791946336426286
1.4833157744748378
1.139860140341337
1.8059523777581794
1.6476798682444356
1.5755395710615392
1.2846715287399435
1.4027273446514557
1.2830419573241723
0.0
1.2430555566628088
0.0
0.0
1.5238095227470034
1.5150751616740166
1.9733404868231854
1.388020834104456
1.7142386861142167
1.2627737220597792
1.5720858880274002
1.669713003940185
1.231292513060299
1.5356337853031061
1.254738306470865
1.7162946669681587
1.1914000151716733
1.2846715287399435
1.3818149055182534
1.673182439818435
1.4344827633398336
1.3561643893319573
0.0
1.5966525827905984
1.4577777817380742
1.3746151215036386
1.8678490658571567
1.3521126710950209
1.7571428604061226
1.2551724186292508
1.166666667577778
1.3111111166452676
2.3884892116463954
1.9699699711013718
2.0174082991492144
