1.1946551743911533
1.2637335347370737
1.3986486455414535
1.4726027440345282
1.1528662381792367
1.3267904552995151
1.1964085273027085
1.076388888097994
1.2582010616223733
1.062603969893322
1.1371554244853572
1.2708333357060184
1.1066666661564444
1.0070921974266887
1.2483749580754224
1.1984386307690686
1.1267605602082922
1.1921985781781599
1.2137931035262781
1.1164383603190093
1.360098010155456
1.5448214314403828
1.392926761385586
1.2396069504605591
1.2714285753612247
1.2846715287399435
1.154929575512795
1.1476510051601279
1.1081081073593866
1.291970803618733
1.138686126930577
1.2430555566628088
1.079470202451647
1.0629370643004548
1.314102562220201
1.194630874440791
1.3691605817429537
1.1380161795387855
1.2605633785736958
1.2500000014642858
1.1491491461154397
1.2007142879441837
1.439361698044364
1.3972602788966035
1.1918395926472636
1.0865843631936571
1.2027972046417916
1.331303910085764
1.2217965127809045
1.0804054046754017
1.2397566625044538
1.1397058776978806
1.595198679511096
1.1203292219098162
1.0555555580864198
1.3395484088246297
1.198286721009833
1.223251030540695
1.2302812094334896
1.057553959465866
1.2075837793855126
1.4291938955654875
1.1700680275903559
1.166666667577778
1.2218543077106268
1.2567049816662703
1.1659429591712158
1.283052041823918
1.1142596750795675
1.2167832163822192
1.1478873231303315
1.2411347474010361
1.111111110478395
1.0797101440233146
1.3333333313947988
1.391114467743607
1.1200420270353417
