3.642857080408165
1.291497958548739
3.84999999615
0.0
1.5909090713842975
0.0
0.0
2.0945945719503287
0.0
3.833333263055557
0.0
0.9468438550096577
1.400000021
1.5625
0.0
0.9107142837627551
2.9206896544857313
0.0
0.0
1.0131578815391273
0.8289473727839335
0.0
0.657142866155102
1.9615384675739647
1.92771080809987
0.0
1.8888888511111113
1.4583333096354167
1.4999999825000003
0.5318181982078514
1.7386363596849175
1.3333333333333335
0.0
1.3475177227553945
0.0
1.6521739345935733
0.0
2.318181824504132
1.1358695730966446
0.0
0.0
0.0
3.392857061428573
0.0
0.0
0.7906249902407227
2.0652174182419665
3.1234567351737557
0.0
2.9411764934256057
0.0
1.3257861800802184
0.0
0.0
1.6285713960000008
0.0
1.6335754671988072
0.0
3.618556653280902
1.2193548314328826
1.08510638090086
0.0
2.4561403760849494
1.1632653003061224
0.0
4.242857185285715
0.0
0.0
2.138888923348766
1.2638888660416672
1.0677466744811202
0.0
1.2747252639697801
3.5138888918171296
0.0
1.1948051710642607
1.7377777723804446
