1.238255034055673
1.4857447394861474
1.7642857164193877
1.3133333328595558
1.835616441741415
1.17453581270268
1.3704543502291284
1.3496503508533424
1.8134825461967499
1.477274811508422
1.2302812094334896
1.5310344834996434
1.2394366156516565
1.2877697855307695
1.5356337853031061
1.2357599025971198
1.1258741228666438
1.681866194340508
1.349315069724151
1.6214285727255102
1.1559893201648723
1.3642086340749702
1.5830640490938512
1.4704875147189251
1.3795620423101924
1.3265306096265443
1.4006426553442264
1.316901403408054
1.4202898530056711
1.237410075422597
1.32857142932449
1.1986301394483019
1.2657342632079809
1.6758620693945303
0.0
1.4532374086713937
1.3058219213858135
1.4606701964269588
1.3928571451581633
1.340425528821488
1.1751705101117929
1.5814285743655103
1.835304052813984
1.4353741461687262
1.3990054857772254
1.0612175412047737
1.4041095928879714
1.3670361353230076
1.4144120466257815
1.2185314678497725
1.1648909192188792
1.2039473677822021
1.7253105626497243
1.6298047434615468
1.4565217371928167
1.523835166740893
1.5113893206849758
1.4295962599800027
1.1527439854481483
1.0620689669992867
1.6748365979673685
0.0
1.6180555538155863
1.2666666681244445
1.527040813625642
1.4630475255151987
1.4044514000206456
1.4324050629008607
1.4103022583342932
1.3188405820352866
1.3237410087221158
1.1304347795085068
1.4265734268942247
1.5068493196078063
1.3333333313947988
1.4757433490550818
1.3638545970076972
