1.906512601922269
2.064102611282052
1.0
0.7970696196437469
2.3353845898510768
1.2468030869565216
1.7984189465286133
0.8080807999999999
0.9467455700500682
1.5139751767823388
1.4393939699090914
1.1052631284210532
1.2115384498890533
0.9671280240499694
1.0937500389648445
0.7363636273636364
1.3039215510644262
1.416791609057428
3.1500000315000003
1.4405229119294125
1.0142045708469463
0.989090896109091
0.0
1.8815789052423828
1.0
1.0312500103125
1.809523755238096
1.1506097273816185
0.9803921762399079
1.1157325017535227
0.973958330203776
0.7982456158125577
1.1846153923153846
1.4392324244661556
1.0256410452564104
1.3186813181741335
0.7874999881875002
1.16656892763485
1.444444428395062
0.7476923288603081
1.1850117242688216
3.493670935606474
1.7368420907202216
1.4166666499999998
3.0
1.6727272754644626
1.3363636158409091
1.0818270152263145
2.5061424796467233
1.4685445913757853
2.2916665721354197
1.5689655089439658
0.0
1.6618075653656215
1.5366430065514811
2.3265305837567682
1.1254902029960783
1.5294117615570935
1.407377739706459
1.058668192560868
1.3989535760390248
1.662500020039063
1.3461538461538463
0.9000000090000001
0.0
2.5454545499999996
1.4074442920018484
1.899999943000001
1.5731837642784008
1.153605008911469
1.1875000066796875
1.7149338598599493
1.123456787894376
0.570346309099518
0.5938967277514382
0.0
1.0678571294062502
