1.4765734257473715
1.4606701964269588
1.9577464741559216
1.6527777761959876
1.3483870996753382
1.3267904552995151
1.3885552212239494
1.314685315768008
1.6611024142347566
1.4324346971943331
1.3189010600243927
1.3262411281525073
1.7432432401734843
1.2394366156516565
1.4489847923955643
1.1482310038180796
1.385714289144898
1.2153571451142349
1.3591549292521325
1.6912751675266882
1.7542702567240283
1.5519366170953184
1.5150276763007353
1.5042601252040675
1.1575342498836554
1.4097222252276236
1.2773220629304654
1.3586206894211652
1.4511278212177061
1.4817518247738293
1.4637681128418398
1.2000000035142857
1.722627734168043
1.2671232905948584
1.4500442087449006
1.2649006639778957
1.6619642888007908
1.1272217783624914
1.3680555538155865
1.5563380248343583
1.4044514000206456
1.5746376804747952
0.0
1.2894736805193907
1.4982716067307984
1.4493294243520354
1.443661969390994
1.2672019313190477
1.1589612642631084
1.4805555563780866
1.8892366522998818
1.0728476869382921
1.089465408942071
1.0995012711113277
1.364285715247959
1.1987876623400773
1.2342296644773416
1.4737549322232906
1.4144120466257815
1.2279411755395762
1.2397566625044538
1.6099108354777283
1.3383458659132796
1.5833333314351852
1.4187086128417832
1.2857529052345573
1.2740404796513571
0.0
1.1438191451022905
1.3695652175204789
1.5234899318886537
1.2727272721625345
1.186666669873778
1.4822695006176752
1.6283783771429878
1.508462109491494
1.254428340179234
