1.4620129700934252
1.4848485157024798
1.711711713099586
1.5789474016620506
0.7000000083999999
0.7017543879039705
0.0
1.4146341497917907
3.8181818459504133
1.5944056107584723
1.4625000187382815
1.5937499596582037
1.2406015045429364
1.173081968140054
0.0
0.8076922999260356
2.42857143978022
0.39622641883232473
1.2078947517818561
2.3570248253223145
1.7604166642968748
2.8499999978625
1.1176470697808536
1.840000002944
0.6857142778775511
0.732026161553249
1.8712121026199493
1.2047619238373015
0.5205741877149336
2.0105820046779206
1.0144927390674228
1.4736842182825487
1.2810457621299502
1.79245282004272
0.9428571522857144
0.43984964227146844
0.8142857075678571
1.6487603485255447
1.1729323657063717
1.9404255280443643
1.4544762103271618
0.0
2.444444354814817
1.2666666462051286
0.0
1.9117646470955896
0.0
2.042857099400001
1.4805194855667059
1.209090917439394
1.4391534222222222
1.2727272409090915
2.062500020625
1.1774891894424766
2.1040974648741924
1.4589285286785723
1.89583326934896
2.5069444704210073
2.1875000451171887
0.9929026709670753
1.1863342807150419
1.9393939333333332
0.7298747753113949
0.0
0.0
2.1757951934644315
1.7194570437583183
2.7158217747227598
0.0
2.0655737738779893
1.770114932457392
0.6235631981173207
1.8316993122549028
1.8181818075560805
1.7013093075462273
1.9788359820340977
1.2423529294837372
