2.3880597222098467
5.230769246863906
1.8117647122768168
1.6836735050655982
2.4000000000000004
0.0
0.6034482796076098
0.9212121285818183
1.7499999906250001
2.082304529132754
1.3391304289603025
1.6227272487727276
2.9999999999999996
1.951447250504385
2.64705886349481
0.9545454614876033
3.9473684729916902
1.186046506663061
1.3737373533394552
0.6999999895000002
1.4912280985687907
1.3783783381446317
1.7326203380308276
1.4232558222282317
1.1585366036763831
1.5937500009960939
2.1590909391219006
1.3737843639907565
0.7000000083999999
3.0324323604587304
0.8823529515570936
2.07373269235915
1.1830000203476003
1.500000017647059
1.357142850357143
0.8761904915238098
0.7397661054919465
0.8584905771395515
1.2584745480680846
1.6813186920963652
1.6615384666508877
0.7714285692244899
2.8779069402014614
2.484472043478261
0.7600000136800003
1.7333333368
2.3906249633935555
3.257142914375511
1.2214285879857147
2.014814842798354
1.1666666599358975
1.3854166922721356
0.1969697141597797
3.5635965355854693
1.7307692198964497
2.072727231272728
0.8620689605231867
1.5909090713842975
0.32499999756250003
1.2628571271588571
1.6428571294155847
2.5904762112925175
1.3599999864
0.0
0.0
1.8999999947500001
1.75925925
0.9670329497379546
2.545454576694215
1.3636363867768597
1.5
1.2794117669009515
3.779069833355869
1.3127681092363916
0.5076923000378697
1.7475177820854089
1.2548015168743576
