1.2327702694373175
1.4011936897513484
1.3750000028472222
1.2448979586144662
1.2123287730474763
1.4429361464499846
1.4801192017601972
1.3925925974068587
1.3688054226161035
1.3402886406924701
1.279894185091232
1.2758620705255648
1.5517241410511295
1.3098591510255901
1.3147679337949931
0.0
1.5804195789759892
1.5684563764705193
1.400000004524138
1.3795620423101924
1.3160493860635392
1.627533782684099
1.1881001360767225
1.6070102751848891
1.7021276557386449
1.349315069724151
1.2975134735816676
1.4097222252276236
1.279720280682674
1.4405594386346519
1.4137931057883473
1.5347222223804011
1.2972972938531775
1.1148648630304967
1.3035897429785983
1.6056337972862527
1.6937943214360445
1.3544487047246048
1.4265734268942247
1.4160583927625339
1.2832550826198506
1.1494642878490051
1.1593103467464445
1.1066666661564444
1.3299443215712854
1.5898104652003202
1.076388888097994
1.425838980688723
1.6057896987957898
1.118181817556262
1.4145104055192068
1.2785714313744898
1.0194293473828568
1.5003108655397919
1.4855072457309388
1.2725854004728367
1.1648909192188792
1.4977169009526492
1.5747599467082
1.3669064753718752
1.2220458558409424
1.2373113883262843
1.258741257337767
1.4225352064689547
1.228595893776975
1.2464936562987188
1.631001372156112
1.2572651075933547
1.2846317612987008
1.44202898589477
1.2517985623394234
1.2043795589418722
1.4586466170049184
1.3489932879257691
1.3684210523476454
1.4977169009526492
1.7769144413835443
