2.854901894239909
1.0576922867788465
0.9107142877633929
1.191666674916667
0.9285714389795919
2.085365869934563
1.5845070487006545
0.8666666843611114
1.36363635
1.1776859455954167
1.469387743206997
1.8409090832386366
1.2671232913304562
1.2071428434464286
1.1151515169763084
1.1117646871058824
1.6243131832009787
1.6285714153469388
1.5510204221574346
2.161403466823639
0.44805193868358917
4.166666666666667
1.0627928525734551
1.1628571466285718
1.3126550719362844
1.4055555426155204
1.2923076916615386
0.6447368453289474
1.7475490438646197
1.2001061525462493
1.1407407733786015
0.8278867100773207
1.472307674254154
1.6187943473340123
2.260869584139887
1.6084656400604689
0.9629629615226339
0.8031745957802974
1.3131313333333334
0.8169934642857143
2.0999999832
0.9125214193630864
1.5043988095090344
0.888888888888889
1.726984082730159
1.6783216357181285
1.2121212083333333
0.6862745164215686
1.2718894265645904
1.359375016461182
2.019230750048077
1.241935492427159
1.6500000165000002
1.2575452411440475
0.624489804787172
3.166666619166668
1.1188810904787525
0.5268817269857786
0.7272727272727273
1.736267008707272
1.0886172565710241
1.7593985280332414
1.4642856941964288
0.7536057655866888
1.480645154603538
1.508064531253902
1.5817307674833578
1.4132231362133734
1.4215384685368049
1.8737672516803217
2.1212120999999997
1.2666666814444447
1.3370863642765902
1.5406698345656007
1.1016393577957542
1.650793652169312
1.217948717542735
