1.1310344846306777
1.1310344846306777
1.1958041930373124
1.4316546782961543
1.3724137963405467
1.2791823549487091
1.251371740417429
1.3380281663300932
1.28230452734738
1.3189010600243927
1.060882804139405
1.5416666657175928
1.3400000007653334
1.172661872498318
1.3703979496441325
1.442046361325213
1.1489361692228761
1.0952054824526178
0.9866666687804444
1.1942446028735572
1.5396090522442274
1.2106884052707152
1.518518520499195
1.6824900006774817
1.1654676290399046
1.3333333353580248
1.2217965127809045
1.580882348818123
1.2158273391480772
1.2700729909531674
0.9583333342824074
1.2827586211576694
1.0671140942552138
1.5310344834996434
1.2206160745854828
1.1448275858948869
1.3097222229498455
1.434156380241198
1.2928571434010205
1.435714287094898
1.5111826816618046
1.2271126739823448
1.2285460958055427
1.2119205344405948
1.436436434029435
1.3569739894837616
1.4761904716747651
1.3708847759004914
1.7939360867522376
1.2718978081765144
1.7423364375985886
1.0699300701706684
1.42116564277677
1.3569739894837616
1.3178807989456602
1.419271504972717
1.1256151232863691
1.5291375301934895
1.1143085546146105
1.2213740410710332
1.091887126742076
1.1945679056186995
1.1366906493069717
1.237410075422597
1.6087748384856584
1.6616432524054785
1.1406711845509783
1.1210126591108187
1.4895943610521039
1.102739726719835
1.3178807989456602
1.0211267571473914
1.1102941117506488
1.2173913051228733
1.5303030254086316
1.3233276826222267
1.4731896104237518
