2.8202764779084286
1.3235294214532873
0.5526315818559557
1.004545449965909
0.0
1.7586207060285375
0.0
1.4408233268002202
2.8297872460842006
1.9714285784693877
1.433962256034176
0.9047619112244899
1.5661016667785126
1.5209790297539003
6.300000063000001
2.153846161301775
2.028353367063858
3.887323895481056
0.9893455203290176
0.0
1.8406084106381064
2.30999999769
1.1474026226891973
0.0
3.799999924000002
2.7627550526020417
1.3508771616989845
0.8558139721471067
0.7402597427833529
1.505376304751995
1.3546734846181314
1.0164608960829142
2.6250000065625003
4.857142926530614
2.1792452776735494
2.813793157783592
0.0
0.0
1.9591837133527705
0.875000004921875
0.664723024846195
0.5801652805830202
1.1992945528826184
1.4285714285714286
1.2692307497041422
0.8611632119640326
4.615384544378699
1.2666666768000001
1.5998593778463213
0.0
1.5833332858333342
2.0606060506152435
0.0
0.9629629565432098
1.103896091521336
0.5250000013125
1.0256409996055231
1.6450216222156633
1.1864406701235277
0.0
1.060820365734452
1.7857143
1.3229323529415318
0.0
1.031249968417969
0.9977324285606305
0.7700000027719999
0.0
0.0
3.7499999531250006
1.4186046408869661
2.167832190799061
2.4000000240000006
1.6379310231866828
0.6510638350511545
0.0
0.0
