1.3875850315593734
0.9607611824953608
1.2206896598135553
1.4589041160517922
1.0882352918122837
1.094485426971193
1.2061991011171656
1.0
1.2272957950062897
1.359435626096095
1.209190672755106
1.316901403408054
1.2464788738087682
1.4338235251113753
1.6320786135724867
1.0622500400356338
1.3900709166239125
1.3317518226789387
1.2275862104456599
1.1739130452867044
1.0995012711113277
1.2998188400145716
1.0991181678983624
1.257988375161503
1.187050359415144
1.2080536910904913
1.372441793304339
1.401408449321563
1.1891891864937911
1.2727272748124603
1.0774647877563976
1.2589928057978366
1.4
1.0071428618704081
1.2176720146889726
1.2237762222524329
1.6096830958709583
1.3335036200002819
1.2770270268398467
1.4545454561093452
1.1777616364618864
1.2724137952095125
1.3453125007473958
1.3040540550648285
0.9916855625997398
0.9916855625997398
1.0264900674838822
1.219092329066323
1.4044514000206456
1.3125899290018632
1.1670096050927832
1.0980392160015378
0.949717512085352
1.0123456762078746
1.078571427860204
1.3407173004670654
1.1459190684143996
1.0192795536144645
1.320450883773717
1.3455882332990916
1.3946300631358712
1.3893571736099704
1.1338028125907558
1.3057324815814029
0.9974832218781812
1.144997874446893
1.60232197065485
1.446006115910631
1.3064731381713022
1.3676470532374567
0.8791946336426286
1.1081081073593866
1.2198581551209697
1.2137931035262781
1.634328361314324
1.3402886406924701
1.7110067768264674
