1.235256413107002
1.3875507221608108
1.4374999985763888
1.6174496649466241
1.2162162147187727
1.2501732513174506
1.0192323803741468
1.306569341405509
1.1352733678226505
0.9915440588809427
1.250970020466087
1.4413793139719382
1.1785714296173468
0.9781021873344344
1.4030554376326436
1.435951312238436
1.1103448270791914
1.3970370399345953
1.3108108107359386
1.3028168986431266
1.283771695528795
1.3137323921458044
1.4312473430586161
1.3892042846304749
1.345070418712557
0.9720279707848795
1.1569664859808757
1.3134328349075517
1.3546099236748654
1.356643356723556
1.09219857817816
1.121621618701607
1.5217391299180845
1.2027972046417916
1.4017094016120608
1.2805755420723566
2.207692306457235
1.4060356646700198
1.6013986023208957
1.157142861577551
1.2373113883262843
1.450880279237949
1.5663732367892282
1.2816901414957351
1.3201534862701667
1.2635847499416886
1.3881578912586565
1.0913229984643318
1.2719214989608445
1.3666666695012346
1.310459741903843
1.0
1.925160260852934
1.1618195375148266
1.2805755420723566
1.2974683525017108
1.2108448312071804
1.4745034874748535
1.219092329066323
1.1102941117506488
1.250970020466087
1.4561136504277088
1.3525179884550487
1.5616438371551886
1.9278145743878776
1.2095558774570274
1.10875955069199
1.1460970482756094
1.3473665537750839
1.2517482514675533
1.3428571472081632
1.4000000036444447
1.107142857770408
0.9219858108596147
1.6013986023208957
1.4242656481505087
1.3910649260367374
