1.0250000005694444
1.1799063433322587
1.3333333353580248
1.2466666658284444
1.3172413799733649
1.15349003161305
1.1200420270353417
1.128571431667347
0.8998628273988004
1.0470150539644247
1.1288746806682552
1.2708333357060184
1.070063693369305
1.0652173927252677
1.2469628727168978
1.1569664859808757
1.102739726719835
1.1683566427030172
1.1048951052560028
0.9791666699884259
1.0938768745344472
1.0651960775959246
1.181069957747361
1.3296480595489386
1.1677852356380345
0.9861111133256173
1.0470150539644247
1.1180555538155865
1.0774647877563976
0.9858155993310196
1.1594202880466289
1.0608108121210738
1.2027972046417916
1.121621618701607
1.002222221869926
1.128571431667347
1.2566780856347344
1.2433507341919532
1.0588235306728182
1.21014492947385
1.0470150539644247
1.2992957724518945
1.1512681154414777
1.1496598620482206
1.2162208516479003
1.3473665537750839
1.1958041930373124
1.0989278748177644
1.2492776439736804
1.1325174818839063
1.1519795693550006
1.067567567792184
1.3827181213621684
1.421591797952931
1.1020408165542135
1.1569781464516342
1.2620576175843512
1.525854353394556
0.9979861614241528
0.9779411740322231
1.0269118041920227
1.12405278972257
1.0845070401388615
1.2237762222524329
1.4110389614054646
1.1278482087763149
1.1663982800725805
1.239803094994335
1.293552813774196
1.020979017610641
1.1468531462115505
1.118518518023594
1.2554744531663913
0.9790209766550931
1.191780825456934
1.1628294942143043
1.2691000178540144
