1.9246753296244898
1.0136138650420303
1.8960187422399508
4.615384544378699
1.2777777619444448
1.3291342962273895
1.1822660112790895
0.7350006188321799
1.1249999859375002
1.33376790044417
0.7697947182291175
1.2287234131315075
1.373792301164409
1.1792792874911127
1.2962962689300415
0.0
1.8401936750482213
2.0164010469533156
1.6250000139285714
1.5906432765935674
0.6250000046874999
1.7137255180666668
1.5735821318995904
1.5666873088096713
0.9423815409958345
0.6862170147743828
1.6119909231447969
1.0181818383140497
0.8859558274852936
1.57500000669375
0.9475324802530909
1.3328544363179584
1.9387754864639735
1.87999999496
1.5
0.7586206910285374
1.3316239017269342
1.7265886045520327
0.9166666758333334
1.175958197267783
1.2074139599511566
0.4975609561320645
1.8803418642472058
1.9696969994490365
1.2418300444444446
1.4132230980991745
2.000000048000001
1.2824884541206334
1.699999983
3.0769230769230766
1.6168066965477017
1.1831275860270285
0.970779201943994
0.912354292844586
1.170395841320532
1.310276686897233
0.8272727275909092
2.739926728430544
1.451355678882123
1.5552721304968418
1.457489858342212
1.0984615056820515
1.554347831677694
0.9514529595161083
2.6666667133333344
1.546783650908998
1.512605078751501
1.585937513216146
0.9145021589749537
1.2127659504798551
1.5209876978381351
1.6226160674345567
1.3333333225
1.0421455755532336
1.1503268
2.0461538203520715
1.5687583514748635
