0.9908333347865556
1.3091989227641507
1.314685315768008
1.2054794534396698
1.1032258059396463
1.3122900107237903
1.1231864450576567
1.099290775604849
1.0821626259290968
1.0896776429664876
1.1659429591712158
1.120805371860727
1.0649350652116714
1.090225561777376
1.0784152582021858
1.1598397548393318
1.0536912776055132
1.0966783210647955
1.2147650994153418
1.2116788278352602
1.2238805981109377
1.2741319451522954
1.290384278100759
1.2388845731530715
1.2260274010302121
0.9736842093905816
1.1459190684143996
1.328244271464367
1.308823527372405
1.330769235378698
1.1851851863100138
1.1655172434463732
1.1543624189883337
1.1205673737005182
1.2659804949025681
1.102739726719835
1.3289655194410464
1.1459190684143996
1.2097902105120053
1.2127659518786782
1.1659429591712158
1.1381034501596197
1.059863943703642
1.258741257337767
1.1707398976571946
1.1310344846306777
1.2323943632691927
1.1346424756246882
1.2163257789996949
1.1725378770113062
1.0470150539644247
1.0827067659901635
1.4896666688515112
1.2121507448723539
1.1739130452867044
1.1677215188431787
1.2003527382292265
1.1500797857209473
1.1680911691367322
1.0212765922800664
1.1231864450576567
1.1122482137405953
1.1428571436938775
1.3636363625937697
1.5094178123545694
1.2038705385108985
1.0670670686033332
1.1501881636823055
1.3295473295500029
1.2727272721625345
1.1677852356380345
1.1180555538155865
1.1489361692228761
1.0833333314351852
1.3970588191846887
1.3048011012247727
1.301587300510801
