1.9499999536875012
0.9000000090000001
1.5833332858333342
1.2650000010541667
2.13368981133218
4.384615296923078
0.7647058868512112
0.7818815238172857
1.7021276670439114
1.462365554131114
1.2396693978211875
1.6285714327591836
1.3770491825853266
1.9049479044474285
1.8749999765625003
0.0
2.745098085236448
1.4285714153846154
1.2605042265941675
2.181818147727273
1.618336919199313
1.1875000066796875
1.1187607538778177
1.0620689833709869
1.5272727383801654
1.879120870195055
2.378600832994971
2.192307648461539
1.5199829730953396
1.7569444459085648
1.7821782133751594
1.9200000307200005
0.0
3.054545520872728
3.076923044970415
2.813852791378535
4.170731739869126
2.1857142850897957
0.8898305114909508
1.8417945604961745
0.0
2.3333333100000004
2.533333384533334
1.561224517303207
5.464285593290819
1.6170212834766864
0.9107142877633929
0.48124998285546894
1.6176470660899656
1.4579439338178009
2.017374524512157
1.928048765651993
1.11999999104
3.3043478691871466
1.7499999906250001
2.9555554964444455
0.0
2.166666673888889
2.2348623553862472
1.5057778028832005
1.2648809677703374
1.36000002652
4.078431292779701
1.0555555573148148
3.1929824536195754
2.3076922721893496
4.166666666666667
2.0919540247919146
1.467710403667266
1.318470702710011
1.9178082591480585
3.2517482699398506
1.1333333220000001
3.7340425226041196
0.9078947330193906
0.0
0.0
