2.1126760265820277
1.0876923167881656
2.1677061967702427
1.3999999748
1.4294294520574633
2.3981191445843697
1.4736842
1.4285714285714288
0.5009416271058762
1.54687501546875
1.3566502564695284
1.9621212083608814
1.790816304883382
1.1712567407407406
1.766025597179488
2.6923077220647773
1.241496607142857
1.8805970093116509
1.233766225708985
1.111111111111111
1.1160713919363845
1.8464528590230262
0.8148148000000001
0.9253246881951004
1.6901408212656224
2.222222258888889
2.2430555001388903
1.7763265498346357
1.3750000247500005
0.8859206896551725
1.2840557312830085
1.3495276842105264
1.249999980555556
1.8302386833696154
1.7285714615714287
1.8561403810907975
1.7499999890625002
1.9187091736903146
0.0
1.194067388834745
1.9106408089177755
1.1088266279923618
4.026315839272854
1.0052910024187451
1.3176470474588236
2.2979797494668914
2.4761904782539683
1.1952861922745979
1.013811084153382
1.281428577392143
2.64285719107143
1.8067226900395454
5.0
1.691729338453276
2.3538461579653847
2.0740740888888887
2.0755813955557056
3.011904717196801
1.1027026953265158
1.2451977510765107
0.8326371626917825
1.9606879725479782
2.166666685
0.784482733926873
1.533333348666667
1.208571438622041
1.448064619047619
0.9166666831666668
1.1986656594199148
1.6153845794556216
2.092555322640066
1.0858770703244376
0.9415584481157238
1.9760669389092296
0.9789156449593558
1.8298741630533415
0.9137930762931039
