1.3636363747933884
1.1532163571290448
2.0526316091966765
1.1259740362497217
1.8260869485822309
0.0
1.1107438062599548
1.1666666375000005
0.0
1.7499999737500005
2.4803922020934266
1.2534562205916455
1.2000000270000002
1.715492951880976
0.0
0.6627907064602486
1.470588264359862
1.382417580175824
1.7272726754545464
2.9418604531435912
0.0
0.0
0.0
1.9732142802008925
2.3264367859211257
1.0340136057059557
2.7474747478910317
1.5964912520775625
1.3479853238771489
0.8267973908735101
1.5217391247637053
2.030769199526628
0.0
3.242105220498616
0.0
1.7959183808163266
0.0
1.3538461610887573
0.8333333499999999
1.548387116753382
3.0222221728592604
2.35514022422395
1.1446886250000001
2.0400000142800003
2.1923077226627226
0.8474025912396693
2.28571428
2.0634920868783073
1.7421603139287845
1.4681818395371904
1.3599999709866673
1.1979166841263023
0.0
4.0
2.1170454321008525
0.0
1.337792610187806
3.5897435248520724
2.3460721568238068
1.3793103448275863
1.8390804482758625
1.7499999890625002
0.8431952650830679
3.3428571333061226
2.3999999520000013
1.5953078772339426
0.0
0.0
0.0
1.3631068121297014
1.9230769310650886
3.0487805127900063
1.7692307420118347
1.842105300554017
0.7090909142479339
4.327868778672401
0.761154855822845
