1.8133333093973332
2.0118343075102416
3.728571433897959
0.9978070137189328
1.0989899073988367
1.7377777723804446
1.4772726940340914
0.5846153900118344
1.3333333566666672
1.199008324489598
1.4999999812500004
1.14285716
2.7729729602322863
2.162393139937542
1.3333333476190479
1.0337837639463114
3.877550972927947
0.8433333340361111
1.3952206130668992
2.3678571328848217
0.8164983384067956
3.41981131998042
2.136363642871901
1.0648148038117284
1.3967889721164046
1.67619048
3.055299530072841
1.0036363552058183
3.510000060372001
1.236363643107438
1.233815677546093
0.6075240699619318
2.1233333463766666
2.142857094107144
2.68656716183337
2.118171695652174
1.483050864349325
1.7948717355029598
1.1541889678313888
1.2746331324077371
1.4453441284101525
1.2468750031582032
1.6680601927430203
1.8830409393064536
2.1587301851146385
1.103030287010101
2.293617076699865
1.6754807841721753
1.4702702893440471
1.5138408531040102
1.4236914718851323
1.641355980364512
2.828571385371429
2.11344209157119
1.3601419060658213
1.9157895156011087
1.4554905777777778
0.9964285865724489
1.2684989154825708
1.3999999790000004
1.126530624199917
1.4928571588714288
1.4751322864456202
0.6547619165476191
1.2050739809184328
2.1724137631391205
0.0
1.5079365036281178
1.2962962904320987
2.22656253947754
1.3028492734820198
1.2031234711890393
1.9719101400549175
1.6049382666666667
0.0
0.6181818156528924
1.0833333212962963
