1.1057143021861227
1.3745454550036362
1.0588235536332182
0.6589807755839121
1.0947368719224382
1.2860215314322585
1.0008361156458123
1.0908333281598959
0.9434889622750516
0.8681541631547549
1.16250000388125
0.5499999935875001
0.9730769081065092
0.8447912872746786
0.8150470232407308
1.0961538252847636
0.8933823539338235
0.997140462904511
1.0859993073623504
1.0470085369123934
0.7279411521507356
1.1048644480819274
0.6900000069000002
0.6830009617559988
1.6470588429065747
0.8724489446938782
1.1367229730806359
1.0690789649519568
1.3299999800500004
1.034883720524608
2.1538461196745566
0.6796820345943917
1.0492952419744834
1.507936564065257
0.7158730331587304
1.0618240665436316
1.2941176710380622
0.989915983301801
0.2592592851851857
1.3565488917865374
1.5878571628187759
1.0439560314285716
0.9268292662581796
0.6774193439125913
0.912778911547877
0.76499999235
1.240310055255093
0.942499999805
0.7385129624028325
1.098010850503445
1.0423610935734953
1.5311355553113555
1.502222246026667
1.1989473600105263
1.0161290160327785
1.289135253714672
1.9897959284256561
1.1985849027204523
0.9171123012433156
1.0562721431805522
0.9402984982000446
1.3000000330000003
1.3318681475981164
0.8444444064444452
1.054945058901099
0.9395604451616653
0.8576271224234416
0.7030183128401332
1.6863481984989255
1.4259259230452677
1.2295751485651554
0.7872030316869526
0.808494768538516
0.8820094252254977
1.3389710899093694
1.3183673050612255
1.294582646502455
