1.5998310800001143
1.1142596750795675
1.525925927905624
1.0866666693271112
1.3557046962506194
1.329120882039796
1.1754080712115735
1.3819444461844135
1.3160493860635392
1.1177983528432214
1.3255173646946168
1.3243243220781595
1.3605442151446157
1.2340425499743475
1.1424687812654237
1.3521055353482343
1.5833333314351852
1.424822690993411
1.1489361692228761
1.2534246626121224
1.0123456791539325
1.6139925387587994
1.0972977651203928
1.4000525323402764
1.1851851863100138
1.2364864872726442
1.349794238292881
1.2285714334244897
1.6423357643699716
1.3741496551205516
1.1911764696128893
1.3939393924334251
1.4800000004373335
1.1513157865633656
1.273816207151536
1.237410075422597
1.3332167824709278
1.4693072690107263
1.1266666684524445
1.2222222209567901
0.9989371279443451
1.3426056315336243
1.1724315100614562
1.2340425499743475
1.2533803621368784
1.3277867226111073
1.3098591510255901
1.1440892995728473
1.2120601326861522
1.0680069924095066
1.181069962132236
1.0425531903757357
1.1348214273555486
1.1363063740446282
1.1079136695740386
1.1335776113328833
1.0190499576638343
1.102486049047907
1.2162714310908425
1.4338235251113753
1.4245149965026707
1.3195402301840664
1.0472972952383126
1.3125000014236112
1.2741319451522954
1.3160493860635392
1.6348014648413505
1.4416315059397953
1.1037379950576323
1.3400000007653334
1.1699346399974369
0.9933333343902223
1.313868610298897
0.9928057565415868
1.516339866653851
1.1579570497478275
1.4818393263122438
