2.014745835430449
1.3833081736599073
1.4645493188412528
1.3772001175501385
1.498292414918386
1.445947194190188
1.3045784105198226
1.3911420410930668
1.3327654864057978
1.4835658034672512
1.350855929161881
1.5891600228367573
1.5136150970926119
1.5010684278988695
1.592958323089764
1.1298874112933224
1.8353902073007269
1.4915230722239536
1.6182768904761546
1.4834465640282772
1.059226595876011
1.6599272434317618
1.289212724799886
1.3124590964122742
1.3598766016778359
1.385097227427017
1.8182429550279973
1.3030203210374387
1.387629842351021
1.4055901582294594
1.4592090644909965
1.2592669367914646
1.5062646400348625
1.9271420218116468
1.4586241709488499
1.3719443301491399
1.128959148078483
1.5961660015644086
1.3726002590690831
1.326005780125696
1.7079218682484767
1.0853721646338537
1.7222619477914825
1.4171517229588162
1.8788758897518902
1.3990137212542293
1.8995552422572997
1.4960807972600945
1.4554427407766077
1.4950171441275253
1.6706749336620876
1.5706011406818614
1.691663964011068
1.6121896852474815
1.5075207880098909
1.5908769545769532
1.5667118654976606
1.618025055008205
1.5132003644845664
1.3616235848908396
1.3005463230117507
1.567375304685575
1.6239783607484066
1.0645440804610775
1.3901224148297604
1.493154993078921
1.5870631385335185
1.5924016351457204
1.2090944893516453
1.636385934326179
1.7263568237301754
1.4124526267238646
1.615624697420246
1.4612891896130606
1.2383572167950083
1.2724622661154472
1.1128221647574614
