1.1328947347551939
1.1491491461154397
1.3194444447608025
1.4475524445048655
1.442307696148915
1.3918382062391468
1.423815212417826
1.44360901926508
1.1631205640762536
1.2272957950062897
1.5714022466311064
1.1575342498836554
1.139860140341337
1.1603053424602296
1.492977289706787
1.3990054857772254
1.2196969652731864
1.164107145019056
1.3591549292521325
1.1597222252276236
1.401709398376666
1.153125000640625
1.3046426690625756
1.6636449972511078
1.4285714310816326
1.6115107942528852
1.2602670679750378
1.3587786238995399
1.1619718278952589
1.2517482514675533
1.2661870492562495
1.2746478833386234
1.1849315114655656
1.414814816119616
1.0370755353803545
1.229729731601534
1.3691071453997703
1.28230452734738
1.1824324308226808
1.3000000052714287
1.144390769502439
1.3105357167195661
1.2559859133701645
1.3888888895216052
1.3408552060233443
1.3729071549942662
1.381578944954986
1.4589687707764107
1.1371554244853572
1.3514814842845544
1.0620313549084355
1.3061224440844093
1.4375786165330289
1.3896173626861485
1.34782608463138
1.450111685507041
1.2671081691490138
1.5185185161658843
1.4543557626123567
1.0143884928161069
1.1256151232863691
1.3946300631358712
1.2083333342824076
1.4744525498950396
1.4321917847457308
1.227738372545423
1.0689804012201507
1.4326974491278355
1.3015872974257638
1.0472972952383126
1.3712121171648302
1.187499998576389
1.3402777804668211
1.3211678791922852
1.138888889521605
1.121053941927941
1.6393956186322944
