1.3426056315336243
1.4933893635648527
1.884353737891619
1.415492954086491
1.3241379306054695
1.6185205672075687
1.5443813597097524
1.4680850999486945
1.2827667900897721
1.5929556971667413
1.5619047667578232
1.559440561365348
1.4931506916250705
1.2152777776195989
1.3535750905719086
1.6468440232729398
1.3241379306054695
1.2466216207793097
1.3776223743341973
1.2377622397271262
1.4129141151172044
1.6562913948966271
1.3473665537750839
1.4213065194708376
1.251700678602434
1.2430555566628088
1.2636371582591854
1.4609929025220059
1.5140845047649278
1.2642857193479593
1.5555555589300412
1.7801418390634274
1.1748251754266712
1.3812949622887012
1.44812362576349
1.2638888923688272
1.9700354554041548
1.3990054857772254
1.4625850316988294
1.2602739766034903
1.2121507448723539
1.225699300013595
1.380902778544946
1.4068965551562427
1.1155146637283158
1.7285630259222693
1.2214285715540816
1.5684228787575951
1.4144120466257815
1.2041958035221283
1.4411865591339925
1.4637681128418398
1.800868056556038
1.3201534862701667
1.3812949622887012
1.6008201085619942
1.427480241170849
1.3719948011568517
1.5747599467082
1.257142857477551
1.2526867403256738
1.60232197065485
1.154929575512795
1.6666666648072563
1.7128289442132096
1.3057792060989366
1.4158680803267871
1.5388156117265366
1.420096022455609
1.4558823510791523
1.4489795917228931
1.3191489307258186
1.3071428612846938
1.338129495638942
1.4489795917228931
1.4056310520903819
1.5949906730899213
