2.4
1.9174702706905546
1.617647042279412
1.7391303871455583
1.1052631679425837
1.5111044141497418
1.1388611348824254
1.8030303331129478
0.8837209281773932
1.1079102638699767
1.2937500109968751
1.557291648248698
1.204761893670446
1.2845820490606883
1.8514285771885715
1.8666666886666665
1.5865384301682697
1.6924565139141534
2.009852262259216
1.6413145250090593
0.9678520871678908
1.8749999765625003
1.546644888027998
0.681789077272442
1.7179907491252437
1.6973262215709344
3.242105220498616
1.6500000165000002
1.693548359781478
1.2087912
1.470588255347594
0.9251064101774737
1.773333377920001
1.0330392676841538
1.4168248053783845
1.1783960753769545
1.7809524092380955
1.9272727165818182
1.8211381897283367
1.118534154693938
1.6161615999999999
0.8174215947779384
1.8251082346290664
0.725146214318252
2.0833333820833344
0.88311688
1.4629999914068001
1.001785712517857
1.2637362418315023
0.6947368569473686
1.6213235562132355
1.575065863075492
4.074074184979426
1.4374517197137642
1.4702702893440471
3.022222173111112
1.2717391627173915
1.7861750977398543
1.024553567515346
1.1264822212648222
1.3754152997713052
1.447860968551038
1.631299710257935
2.333333352777778
2.7368421592797794
0.9061538317372309
0.9134615380408655
0.7333649433338032
1.4588889081962964
1.5964606172761378
1.5027272945615702
1.1621052556042106
1.1343283548229004
1.9117646761029414
1.3783783962600442
1.8205675346353363
0.7343774336777227
