1.1235576949005177
1.0323261855983465
1.2867132865528876
1.0671140942552138
1.2666666681244445
1.152785148666679
1.1507238638494415
1.095890412728467
1.1718247943063693
1.0539489290519148
1.0050626151115558
1.276595740350083
1.190140843199762
1.136986302293113
1.3179546919142937
1.0640713702620752
1.013605439975936
1.1038461532286175
1.1276595711272068
1.1283783799132578
1.0490248705583949
1.354720278962394
1.184819387346292
1.337742508484379
1.1063829730315378
1.1231884038594833
1.1406711845509783
1.1554054025976992
1.0
1.1282051290138067
1.0625000014236112
0.9862068987357907
1.3061224440844093
1.1006711413828205
1.2488384108384585
1.1338028125907558
1.3387755078361794
1.251751751316384
1.0939597330579705
1.2794117614251732
1.0902184241453323
0.9771666680998445
1.1654109620970166
1.1134751762738293
1.0334362118241311
1.0689804012201507
1.2624113454967054
0.9827881401736249
1.3875507221608108
1.0322183081145606
1.5040564375075334
1.1259259303352538
1.613548389178772
1.088618298872927
1.0694444447608025
1.1115899090451349
1.1388888861915205
1.1415812926479962
1.1143085546146105
1.2481751782876018
1.2373113883262843
1.2688065838609164
0.9530201362226927
1.3028168986431266
1.2407894713985457
1.2302812094334896
1.1018728448538304
1.1232876743103772
1.2691000178540144
1.0758620682634958
0.9530201362226927
1.1655172434463732
0.9496402898918275
0.9444444476080247
1.4713375764241958
1.1853414599623557
0.9769489742786299
