1.210908499497107
1.2221767123214364
1.3877242995046024
1.3571194226912242
1.3470722933173462
1.2210274947104607
1.252494503098803
1.2525799358899978
1.2785925934913784
1.2398873284223277
1.2386712157711592
1.3163570009023136
1.2659910281503082
1.1713395635284714
1.2574444741337747
1.276553977875761
1.2091459312782686
1.2395588730007558
1.26562239634777
1.2320189541352784
1.3591982585613607
1.2435296576993444
1.251376474431708
1.362594209255475
1.2994607348490164
1.2519006585563244
1.1856936934689042
1.2845117844577512
1.2255909548128878
1.243517087533739
1.2301668366772192
1.2819873711058767
1.2686052249311932
1.2994687915787124
1.239320466513398
1.243615590939778
1.4025954451747116
1.2714887969185575
1.3184201904697037
1.2709435245248313
1.213798233941365
1.299123851727576
1.2683294761686932
1.2754006282912478
1.190176925207605
1.3078302722812964
1.3389802628383145
1.262422696975412
1.2843420807761114
1.1621307297707586
1.2457248856372245
1.1836527045910994
1.3692328328719763
1.22326489050948
1.2412043297806437
1.2351606734646858
1.2455010731649137
1.330177081195326
1.263386956073277
1.1802224530029928
1.2045233337746812
1.3482573883129558
1.221714091929048
1.3644952756655848
1.3948821396920859
1.225471085389843
1.2119750406518794
1.206207019570279
1.2801548124807818
1.2267848015997218
1.2243176184734654
1.2019645004517725
1.2084260998942238
1.1671524081156972
1.349069373103351
1.3192954820426888
1.2858720071514858
