1.6638299559935181
1.1318397411061887
1.055360433887391
1.014796556974399
1.1122583564009323
1.1842052701139723
1.0415841405228994
1.110621367333827
1.0423691590192092
1.1965327570167104
1.0905685963816305
1.2072409093790266
1.1955970172269688
1.2814972486519136
1.2668219995854029
0.8851074305322381
1.5179228245513872
1.203269247400276
1.2786411611757553
1.204077712480868
0.7793024963092184
1.3348513508739268
1.0302357053542666
0.9632061309943517
1.046493029922785
1.1063954779161895
1.5334845458345032
1.014409004887021
1.132212861804999
1.130334413833556
1.1861879388916376
0.9822771777425445
1.1873391425741286
1.4830229354491693
1.1769547993122578
1.1031900372947128
0.8049071825823992
1.2553519979355725
1.0410946896831708
1.0433239200156048
1.4070887734797786
0.8354647350909036
1.3578979122948447
1.1111424061767032
1.5786525935412115
1.0697211640573805
1.4186581348336693
1.1850870559001312
1.1332204733937412
1.2864448945622768
1.3411267230223862
1.3269104481321958
1.2354830554733267
1.3179399635805924
1.2145629465184937
1.2879919096796257
1.2578968410814177
1.216398235905713
1.1977330913623903
1.1537007971897877
1.0797186625983881
1.1625193514769434
1.3292621992959057
0.7801742515684457
0.9965877225559887
1.2184334749962078
1.3094850020012725
1.3201727475545835
0.9444908362361031
1.3338818121909721
1.4100563429632542
1.1751200856539255
1.3369660731108548
1.2520123160026984
0.9179344231544858
0.9645013444185159
0.8654221870982547
