2.6625
1.72839506
2.52439024
2.4691358
2.7654321
1.97468354
2.08641975
2.18292683
2.0
2.25925926
2.0
1.75609756
2.2195122
2.20731707
2.2195122
2.15189873
2.23170732
2.18292683
2.23170732
1.96341463
1.96341463
2.325
2.0125
2.33333333
1.88888889
2.20987654
2.43902439
2.12345679
2.17073171
1.86585366
2.04878049
2.30864198
2.17073171
2.26829268
2.03846154
2.20987654
2.5625
2.2804878
2.07407407
2.10126582
3.0875
1.93902439
2.65
2.12345679
2.0617284
2.2804878
2.45121951
2.43902439
2.54878049
2.32926829
2.36585366
2.37037037
2.0
2.03703704
1.91463415
3.39506173
1.75308642
2.0
2.275
2.51851852
1.69512195
1.69135802
2.96296296
2.06097561
2.07317073
3.2875
0.0
1.90123457
2.11392405
2.04938272
1.87804878
2.03658537
2.0617284
1.72839506
1.98780488
2.45679012
