0.43636364
0.0
0.28888889
0.35714286
0.66666667
0.19047619
0.0
0.0
0.34848485
0.53333333
0.41666667
0.33333333
0.33333333
0.26666667
0.3974359
0.19444444
0.33333333
0.28787879
0.0
0.23636364
0.53333333
0.0
0.4
0.0
0.0
0.47619048
0.25641026
0.55555556
0.0
0.4
0.2
1.0
0.5
0.0
0.0
0.5
0.0
0.33333333
0.0
0.0
1.0
0.47619048
0.0
0.0
0.16666667
0.26666667
1.0
0.33333333
0.66666667
0.26666667
0.0
0.0
0.8
0.33333333
0.36111111
0.0
0.0
0.34848485
0.0
0.27777778
0.4
0.4
0.6
0.5
0.2
0.0
0.0
0.0
0.33333333
0.0
0.67857143
0.66666667
0.66666667
0.42857143
0.0
0.0
