0.5
0.3083004
0.29411765
0.22826087
0.23320158
0.21794872
0.30718954
0.24561404
0.36363636
0.29846154
0.35672515
0.43809524
0.28654971
0.40833333
0.48484848
0.16996047
0.16666667
0.24603175
0.27705628
0.33918129
0.32459677
0.27272727
0.25735294
0.28923077
0.21052632
0.30909091
0.42307692
0.36796537
0.27705628
0.33333333
0.47619048
0.42857143
0.36315789
0.33918129
0.27472527
0.31773399
0.28104575
0.30065359
0.28571429
0.3030303
0.27272727
0.53030303
0.17647059
0.2034632
0.30666667
0.39393939
0.26315789
0.32026144
0.26923077
0.26923077
0.24955437
0.42857143
0.31225296
0.25714286
0.30555556
0.28787879
0.27272727
0.36363636
0.22631579
0.44444444
0.39869281
0.31666667
0.17028986
0.29644269
0.24242424
0.12727273
0.32142857
0.36842105
0.20634921
0.23188406
0.44210526
0.43956044
0.43290043
0.42424242
0.36615385
0.23646724
