2.725
1.80246914
2.31707317
2.37037037
2.44444444
2.24050633
1.90123457
2.07317073
2.27160494
2.28395062
1.90123457
1.81707317
2.34146341
2.19512195
1.67073171
2.16455696
1.96341463
1.91463415
2.40243902
2.31707317
2.1097561
2.0625
2.0125
2.13580247
2.18518519
2.08641975
2.13414634
2.34567901
2.03658537
2.02439024
1.97560976
2.11111111
2.48780488
2.32926829
2.07692308
2.25925926
3.0
2.25609756
1.88888889
2.51898734
2.4125
1.67073171
2.825
2.16049383
1.74074074
2.36585366
1.73170732
2.25609756
2.29268293
2.2195122
1.96341463
1.7654321
1.91358025
1.86419753
2.01219512
2.74074074
1.86419753
2.27160494
2.3375
2.44444444
1.58536585
1.9382716
2.22222222
2.23170732
2.18292683
2.95
1.82716049
1.98765432
1.73417722
1.83950617
1.7804878
1.90243902
1.7654321
1.88888889
2.41463415
2.03703704
