2.5125
1.86419753
3.79268293
0.0
2.69135802
0.0
2.72839506
2.42682927
2.2345679
2.64197531
3.43209877
2.96341463
2.24390244
2.3902439
2.14634146
0.0
2.62195122
2.52439024
2.74390244
2.70731707
2.62195122
2.4625
0.0
2.59259259
2.2962963
2.51851852
2.62195122
2.30864198
2.35365854
2.23170732
2.46341463
2.59259259
2.92682927
2.73170732
0.0
0.0
2.9125
2.93902439
2.79012346
2.78481013
2.825
2.95121951
2.7625
3.12345679
2.65432099
2.73170732
3.40243902
2.34146341
2.62195122
2.69512195
2.25609756
2.49382716
2.55555556
2.64197531
2.02439024
3.28395062
0.0
2.2345679
0.0
2.48148148
2.43902439
2.65432099
3.20987654
2.56097561
2.56097561
3.075
2.45679012
2.58024691
0.0
2.74074074
2.30487805
2.31707317
2.51851852
2.85185185
2.93902439
3.45679012
