1.825
1.91358025
2.03658537
2.08641975
2.75308642
2.7721519
2.38271605
2.67073171
2.30864198
1.90123457
2.28395062
2.2804878
2.85365854
2.20731707
2.23170732
2.72151899
2.59756098
2.13414634
2.06097561
2.45121951
1.82926829
2.9
1.8625
2.2345679
2.56790123
2.74074074
2.12195122
2.13580247
2.74390244
2.02439024
2.2804878
2.13580247
1.91463415
2.82926829
2.07692308
1.9382716
2.275
2.70731707
2.98765432
3.88607595
3.0375
2.6097561
3.3125
2.28395062
2.27160494
3.1097561
2.73170732
1.80487805
2.75609756
2.26829268
2.2804878
2.49382716
2.2345679
2.59259259
2.37804878
3.20987654
2.20987654
2.30864198
2.3625
2.08641975
1.76829268
1.96296296
2.56790123
2.24390244
2.24390244
2.8125
2.66666667
2.11111111
2.60759494
2.77777778
2.36585366
2.48780488
1.87654321
2.40740741
2.02439024
1.91358025
