2.4375
2.59259259
2.46341463
3.0
2.34567901
2.3164557
2.77777778
2.40243902
2.38271605
2.80246914
2.41975309
2.36585366
2.42682927
2.70731707
1.86585366
0.0
2.47560976
1.96341463
2.09756098
2.2804878
1.98780488
2.3375
2.7375
2.45679012
2.59259259
2.33333333
1.95121951
1.85185185
2.15853659
2.36585366
2.34146341
2.19753086
2.26829268
2.15853659
2.55128205
2.14814815
2.9
2.53658537
2.82716049
1.93670886
2.9875
2.17073171
2.6875
0.0
3.03703704
2.51219512
2.09756098
2.67073171
2.53658537
2.40243902
2.15853659
2.55555556
2.72839506
2.51851852
2.1097561
3.25925926
2.20987654
2.38271605
2.7625
2.03703704
2.2804878
2.45679012
2.71604938
2.2195122
2.86585366
3.2375
2.12345679
1.95061728
2.49367089
2.4691358
2.07317073
2.30487805
2.37037037
1.92592593
2.54878049
2.4691358
