1.6625
1.97530864
1.86585366
2.04938272
1.82716049
2.15189873
2.20987654
1.69512195
2.02469136
1.91358025
1.82716049
1.80487805
1.84146341
1.8902439
1.63414634
2.46835443
1.81707317
1.62195122
1.7195122
1.93902439
1.62195122
1.825
1.85
1.69135802
1.98765432
1.75308642
1.67073171
1.72839506
1.68292683
1.56097561
1.97560976
1.71604938
1.80487805
2.03658537
2.08974359
1.59259259
1.7625
1.8902439
1.7654321
1.84810127
1.875
1.7195122
2.4
1.92592593
1.75308642
1.93902439
2.02439024
1.62195122
2.1097561
1.80487805
1.87804878
1.88888889
1.59259259
1.88888889
1.7804878
2.02469136
1.74074074
2.02469136
2.475
1.95061728
1.87804878
1.50617284
2.11111111
1.69512195
2.01219512
2.275
1.79012346
1.96296296
1.81012658
1.83950617
1.6097561
2.08536585
1.59259259
1.7654321
1.8902439
1.88888889
