2.1375
1.98765432
2.2195122
1.90123457
2.25925926
1.92405063
1.97530864
1.92682927
2.12345679
2.03703704
1.86419753
1.67073171
2.17073171
2.12195122
2.03658537
2.39240506
1.7195122
1.82926829
1.87804878
2.0
2.02439024
1.725
2.2125
1.9382716
2.25925926
1.85185185
1.84146341
1.95061728
2.07317073
1.75609756
1.84146341
1.7037037
2.32926829
1.93902439
2.26923077
1.90123457
2.0625
1.82926829
1.81481481
2.3164557
2.05
2.41463415
2.3625
1.75308642
1.85185185
2.2195122
2.02439024
1.75609756
2.0
1.82926829
1.93902439
2.37037037
1.80246914
2.56790123
1.87804878
3.07407407
1.91358025
2.12345679
1.925
1.85185185
2.06097561
2.13580247
2.24691358
1.7804878
2.20731707
2.2625
2.11111111
2.03703704
2.0
2.02469136
1.90243902
1.73170732
2.04938272
1.64197531
2.73170732
2.19753086
