0.34502924
0.3
0.4
0.28571429
0.66666667
0.66666667
0.6
0.51111111
0.40909091
0.3
0.38888889
0.66666667
1.0
0.5
0.56190476
0.53333333
0.33333333
0.58181818
0.46428571
0.52380952
0.5
0.75
0.45098039
0.53333333
0.66666667
0.4
0.71428571
0.78571429
0.5
0.6
0.66666667
0.0
0.4
0.17857143
0.37878788
0.5
0.43939394
0.38095238
0.39285714
0.42857143
0.66666667
0.5
0.2
0.66666667
0.5
0.0
0.5
0.47222222
0.13333333
0.53333333
0.43939394
0.41666667
0.48484848
0.4
0.3
0.16666667
0.64102564
0.40909091
0.41818182
0.6
0.54248366
0.40833333
0.27777778
0.47222222
0.33333333
0.16666667
0.46969697
0.5
0.33333333
0.28571429
0.57142857
0.5
0.4978355
0.5
0.57142857
0.35555556
