0.39393939
0.33918129
0.45751634
1.0
0.26900585
0.28571429
0.25
0.25274725
0.27272727
0.23809524
0.34065934
0.34065934
0.23666667
0.3047619
0.4
0.2
0.0
0.54945055
0.53846154
0.35
0.36764706
0.19444444
0.49707602
0.375
0.34761905
0.21794872
0.17142857
0.39705882
0.27272727
0.31384615
0.28333333
0.33333333
0.46969697
0.45833333
0.26666667
0.31225296
0.29411765
0.37777778
0.29473684
0.42857143
0.28787879
0.49090909
0.41025641
0.25641026
0.43636364
0.5
0.33333333
0.38735178
0.4
0.0
0.53333333
0.3
0.33333333
0.36190476
0.36363636
0.2047619
0.3015873
0.27272727
0.60714286
0.44736842
0.50833333
0.32727273
0.19384615
0.32142857
0.26666667
0.33333333
0.36363636
0.35714286
0.35294118
0.1969697
0.33333333
0.4
0.5042735
0.2635468
0.25146199
0.51515152
