2.2875
2.71604938
2.86585366
2.43209877
2.39506173
3.64556962
2.41975309
2.02439024
2.60493827
2.37037037
2.18518519
2.40243902
2.03658537
2.75609756
2.17073171
2.55696203
2.24390244
2.64634146
2.81707317
2.80487805
2.20731707
2.1875
2.55
2.02469136
2.2962963
2.32098765
2.98780488
2.22222222
2.25609756
2.3902439
2.19512195
2.20987654
2.04878049
2.04878049
2.44871795
2.14814815
2.3125
2.35365854
2.51851852
2.24050633
2.85
3.17073171
2.8625
2.37037037
2.55555556
2.30487805
2.23170732
1.93902439
2.14634146
2.42682927
2.52439024
2.20987654
2.25925926
2.30864198
2.36585366
2.43209877
2.64197531
2.60493827
2.55
2.39506173
2.18292683
2.20987654
2.64197531
2.29268293
2.8902439
2.85
2.0
2.19753086
2.24050633
2.7037037
2.2804878
2.26829268
2.19753086
2.11111111
2.41463415
2.40740741
