1.8875
1.97530864
2.24390244
2.01234568
2.0
1.88607595
1.85185185
1.8902439
1.87654321
1.81481481
1.88888889
1.8902439
2.17073171
1.7195122
1.74390244
2.20253165
1.7804878
1.68292683
2.12195122
1.7804878
1.80487805
2.2625
2.2125
2.01234568
2.39506173
1.69135802
1.67073171
1.83950617
1.82926829
1.97560976
1.59756098
1.72839506
1.87804878
1.98780488
2.01282051
2.16049383
2.3125
1.96341463
1.74074074
1.83544304
2.05
1.68292683
1.9
1.91358025
1.71604938
1.79268293
1.84146341
1.73170732
1.75609756
1.7804878
2.03658537
1.77777778
1.62962963
1.77777778
1.85365854
2.61728395
2.14814815
1.87654321
2.2375
1.82716049
1.97560976
1.74074074
2.32098765
2.1097561
2.01219512
2.475
1.58024691
1.9382716
2.16455696
1.90123457
1.68292683
1.73170732
1.7037037
1.80246914
2.26829268
2.28395062
