0.34545455
0.27205882
0.24358974
0.14285714
0.3030303
0.2967033
0.37362637
0.22794118
0.17777778
0.28571429
0.35789474
0.21921182
0.27272727
0.38181818
0.41818182
0.23809524
0.21333333
0.33201581
0.18095238
0.29411765
0.38181818
0.23399015
0.26666667
0.30833333
0.33333333
0.27894737
0.24761905
0.29166667
0.28571429
0.27635328
0.24736842
0.20899471
0.42222222
0.40441176
0.25
0.36764706
0.26143791
0.21212121
0.23684211
0.48888889
0.24166667
0.14285714
0.15555556
0.19384615
0.1952381
0.29090909
0.36315789
0.18965517
0.24561404
0.22
0.37142857
0.5
0.33157895
0.27777778
0.33809524
0.16666667
0.25
0.17777778
0.25490196
0.31601732
0.52380952
0.36111111
0.17582418
0.28571429
0.26666667
0.04545455
0.35833333
0.2
0.48351648
0.28676471
0.38095238
0.28923077
0.47222222
0.37878788
0.2
0.27777778
