2.1
2.24691358
2.41463415
2.56790123
2.11111111
2.3164557
2.07407407
1.87804878
2.14814815
2.13580247
1.85185185
2.12195122
2.19512195
2.02439024
1.73170732
2.20253165
2.02439024
1.98780488
2.09756098
2.09756098
1.90243902
2.175
2.6125
2.24691358
2.24691358
2.12345679
2.14634146
1.98765432
2.07317073
1.96341463
1.92682927
2.18518519
1.98780488
1.86585366
2.29487179
2.0
2.45
2.31707317
2.0617284
2.0
2.1625
2.01219512
2.65
2.0
2.2345679
1.87804878
2.13414634
2.1097561
1.96341463
2.19512195
1.91463415
2.13580247
1.88888889
2.08641975
1.87804878
2.86419753
1.96296296
2.14814815
2.1375
2.14814815
1.79268293
2.04938272
2.19753086
2.12195122
2.09756098
2.25
2.18518519
2.0617284
2.21518987
2.04938272
2.12195122
1.98780488
2.09876543
1.81481481
2.18292683
2.39506173
