0.33333333
0.33333333
0.76190476
0.61904762
0.66666667
0.4
0.41818182
0.37777778
0.46153846
0.71428571
0.6025641
0.48412698
0.4
0.36111111
0.2
0.54545455
0.60714286
0.46666667
0.48888889
0.52205882
0.41666667
0.47222222
0.5497076
0.25
0.27941176
0.33333333
0.66666667
0.46153846
0.56363636
0.59166667
0.53333333
0.33333333
0.47252747
0.51111111
0.43589744
0.57142857
0.5
0.53571429
0.44444444
0.3974359
0.0
0.4
0.38095238
0.49090909
0.41025641
0.33333333
0.57142857
0.3
0.33333333
0.36111111
0.57142857
0.47222222
0.37179487
0.49166667
0.53333333
0.0
0.34782609
0.46153846
0.5
0.66666667
0.45299145
0.39153439
1.0
0.43939394
0.22222222
1.0
0.0
0.46190476
0.61111111
0.28205128
0.39181287
0.43589744
0.66666667
0.40333333
0.47619048
0.5
