1.65
1.85185185
1.95121951
2.2962963
2.2345679
1.86075949
1.80246914
2.18292683
2.02469136
1.75308642
1.91358025
1.85365854
1.90243902
1.70731707
1.82926829
2.07594937
1.7804878
1.76829268
1.80487805
1.79268293
1.53658537
1.9
1.7375
1.82716049
2.22222222
2.0617284
1.86585366
1.75308642
1.84146341
1.74390244
1.75609756
1.96296296
1.59756098
2.0
1.83333333
1.88888889
2.0875
1.90243902
2.2345679
2.16455696
2.2
1.82926829
2.275
2.09876543
1.72839506
2.2804878
1.95121951
1.74390244
2.04878049
1.74390244
2.17073171
1.75308642
2.24691358
2.22222222
2.06097561
2.66666667
2.01234568
2.02469136
2.05
1.66666667
1.85365854
1.7654321
2.19753086
2.37804878
2.09756098
2.7
1.75308642
1.80246914
1.7721519
1.86419753
1.97560976
2.12195122
1.51851852
1.69135802
1.81707317
1.82716049
