0.0
0.33333333
1.0
0.0
0.0
0.7
0.3
0.30909091
0.35555556
0.0
0.0
0.16666667
0.0
0.26666667
0.4
0.0
0.0
1.0
0.33333333
0.6
0.55555556
0.0
0.33333333
0.47619048
0.66666667
0.6
0.0
0.66666667
0.83333333
0.40909091
0.33333333
1.0
0.42857143
0.86666667
0.4
0.0
0.33333333
0.33333333
0.47619048
1.0
0.33333333
0.36363636
0.35714286
0.66666667
0.66666667
0.0
0.0
0.66666667
0.46428571
0.38095238
0.41666667
0.33333333
0.55555556
0.0
0.4
0.33333333
0.34615385
0.35555556
0.52380952
0.4
0.33333333
0.66666667
0.5
0.36363636
0.33333333
0.0
0.35714286
0.33333333
0.33333333
0.33333333
0.35238095
0.5
0.66666667
0.6
0.83333333
0.2
