1.875
2.09876543
2.32926829
2.72839506
2.33333333
1.93670886
1.86419753
2.46341463
2.19753086
2.2345679
2.12345679
2.03658537
1.93902439
1.76829268
2.0
2.43037975
1.90243902
1.82926829
2.46341463
1.93902439
1.98780488
2.0
2.1625
1.97530864
2.17283951
2.09876543
1.90243902
1.88888889
1.98780488
1.93902439
1.93902439
2.12345679
1.95121951
2.12195122
1.98717949
1.80246914
2.1625
2.13414634
2.11111111
2.05063291
2.2125
2.32926829
2.4
2.11111111
2.44444444
2.17073171
2.02439024
2.17073171
2.08536585
2.01219512
2.12195122
1.79012346
2.16049383
1.91358025
1.98780488
2.22222222
2.27160494
2.19753086
2.0625
1.86419753
2.12195122
2.2962963
2.35802469
2.25609756
2.67073171
2.65
1.86419753
1.87654321
1.96202532
2.50617284
2.09756098
2.02439024
1.79012346
1.75308642
1.93902439
2.22222222
