0.48351648
0.25454545
0.4
0.33333333
0.33333333
0.2
0.26666667
0.57142857
0.10714286
0.30909091
0.57142857
0.5
0.34065934
0.36363636
0.41176471
0.5
0.4
0.425
0.45054945
0.36111111
0.45588235
0.23809524
0.30769231
0.57142857
0.0
0.23809524
0.66666667
0.57142857
0.46428571
0.3047619
0.37777778
0.35714286
0.47252747
0.64285714
0.3
0.43333333
0.53571429
0.17857143
0.3
0.33333333
0.06666667
0.42857143
0.66666667
0.5
0.33333333
0.32142857
0.26666667
0.47222222
0.28571429
0.37777778
0.34545455
0.375
0.5
0.33333333
0.46666667
0.3
0.0
0.10714286
0.66666667
0.5
0.43874644
0.45054945
0.36111111
0.38461538
0.0
0.2
0.5
0.38528139
0.83333333
0.42857143
0.25735294
0.5
0.4
0.14285714
0.32163743
0.32352941
