1.8625
1.69135802
2.18292683
2.82716049
1.91358025
1.84810127
2.11111111
1.86585366
2.22222222
1.98765432
2.0
1.80487805
1.63414634
1.82926829
1.86585366
1.83544304
1.91463415
1.58536585
2.0
2.04878049
1.90243902
1.9875
1.9625
2.07407407
1.96296296
1.91358025
2.03658537
1.81481481
1.80487805
1.70731707
1.82926829
2.09876543
1.87804878
1.87804878
1.79487179
1.69135802
2.1375
1.96341463
2.04938272
1.88607595
2.275
2.18292683
2.1
2.12345679
1.7654321
2.04878049
2.0
2.08536585
1.90243902
1.97560976
1.76829268
1.87654321
1.91358025
1.85185185
1.79268293
2.12345679
2.0617284
2.22222222
2.0875
1.85185185
1.76829268
1.88888889
2.16049383
2.07317073
2.29268293
2.3125
2.16049383
1.45679012
1.7721519
1.80246914
1.82926829
2.01219512
1.80246914
1.59259259
1.95121951
1.90123457
