1.9375
1.96296296
2.8902439
2.75308642
2.5308642
2.15189873
1.91358025
2.34146341
1.82716049
2.38271605
2.08641975
1.85365854
2.17073171
2.02439024
1.68292683
2.26582278
2.1097561
1.97560976
2.37804878
1.91463415
2.26829268
2.275
2.0
2.56790123
2.2345679
2.14814815
1.82926829
1.77777778
2.26829268
2.43902439
1.76829268
2.17283951
1.98780488
2.37804878
2.28205128
2.22222222
2.4125
2.17073171
2.0617284
1.88607595
2.7125
2.24390244
2.4375
2.44444444
2.17283951
2.29268293
2.48780488
1.97560976
2.2804878
1.98780488
2.1097561
2.18518519
1.79012346
2.28395062
1.65853659
2.59259259
2.24691358
1.82716049
2.6375
2.22222222
2.12195122
1.81481481
2.67901235
1.8902439
2.30487805
2.3875
2.22222222
1.7654321
2.24050633
2.14814815
1.80487805
1.96341463
1.85185185
1.81481481
2.7804878
2.17283951
