1.9
1.87654321
2.25609756
2.07407407
2.41975309
2.50632911
2.0
1.95121951
1.85185185
1.90123457
1.86419753
2.1097561
2.59756098
2.23170732
1.86585366
2.12658228
2.26829268
2.36585366
1.84146341
2.23170732
1.73170732
1.9375
2.2375
2.02469136
2.64197531
2.0617284
1.87804878
1.83950617
2.57317073
1.84146341
2.26829268
2.07407407
2.20731707
2.25609756
2.06410256
1.72839506
2.375
1.98780488
1.7037037
2.41772152
2.625
2.35365854
2.8
2.38271605
2.14814815
2.31707317
2.31707317
2.01219512
2.09756098
1.90243902
1.8902439
2.67901235
1.98765432
2.04938272
1.85365854
2.59259259
1.71604938
1.85185185
2.025
1.86419753
2.04878049
1.80246914
2.09876543
1.7804878
2.20731707
2.4375
2.01234568
2.16049383
2.17721519
2.33333333
2.03658537
2.14634146
2.45679012
2.03703704
2.26829268
2.14814815
