0.34285714
0.20952381
0.225
0.16363636
0.3030303
0.16666667
0.21323529
0.2875817
0.17857143
0.22177419
0.27173913
0.27941176
0.52380952
0.4
0.30333333
0.15555556
0.17647059
0.39166667
0.21978022
0.19852941
0.23152709
0.15151515
0.18954248
0.27941176
0.15384615
0.20879121
0.3
0.31225296
0.26666667
0.24561404
0.26470588
0.22105263
0.18095238
0.47435897
0.17316017
0.37368421
0.18181818
0.20879121
0.28787879
0.52380952
0.14285714
0.21428571
0.25454545
0.25296443
0.18681319
0.22222222
0.38947368
0.25517241
0.21637427
0.17777778
0.35164835
0.32051282
0.24166667
0.32967033
0.23529412
0.17857143
0.22222222
0.17857143
0.37777778
0.30769231
0.28698752
0.37230769
0.17142857
0.26842105
0.05833333
0.0
0.21904762
0.32967033
0.4
0.28571429
0.30769231
0.24761905
0.35833333
0.35333333
0.23076923
0.23333333
