4.874999884218752
1.2048192505443462
0.0
3.166666711000001
1.679292915008035
1.5277778
1.7324999715870004
0.0
2.6949999973049996
1.0616407875542697
1.1632652847563516
2.2631579
1.7499999906250001
1.7346153448054742
1.746323545666007
0.9499999810000005
0.6250000046874999
1.7855072274543164
0.0
0.8
2.6101694576817014
1.2214285879857147
4.451612926201873
0.0
1.6851441360878265
1.324242423588154
0.0
0.0
1.7518427662301614
1.6500000315000003
2.3529411982698965
1.6863904785798827
0.0
1.0476190554761906
2.235294097923876
1.7006802857142858
3.3333333333333335
2.2619047347619055
1.6757142833646428
2.4904214469216543
0.0
4.0
1.866666704000001
4.012345666628563
2.2312499817714846
1.5957447207786335
3.1313131363636364
1.5454545538842974
2.2161171659058896
1.6999999830000003
2.333333307407408
2.1970149404981067
1.230769206538462
2.833333293666667
1.8977932982550074
4.772727261880165
2.553191516523314
3.6750000091875
1.6413145250090593
3.377192924510619
2.0298263274661834
1.448310417756861
0.0
1.6907536495686657
0.8444444275555559
0.0
1.3050847092645799
2.7272727499999996
0.8522727321539256
1.397459137621253
1.7573964569303597
2.6552794669706996
2.2185792522484995
1.399079540924493
0.0
1.186046506663061
