1.1032986117240549
1.1580069268762638
1.5695364264663831
1.5253586911315145
1.4930278025129695
1.2086006598865773
1.1128622698925894
1.3333333314351852
0.9792624840685523
1.2854126035531872
1.1638531918190351
1.0555555580864198
1.253521126191232
1.2205882295307093
1.0
1.2725854004728367
1.2536231893100187
1.1739130452867044
1.3448275881569558
1.1214285756540816
1.2916666657175926
1.304545453815639
1.197080290048484
1.5714022466311064
1.2724622770958125
1.231805232178011
1.0416666657175926
1.0053639875950853
1.2567567542859752
1.3698630173146933
0.9863945544458328
1.172189733498598
1.124137933998573
1.317567566407049
1.1918993923721668
1.2923561810145923
1.4030141804169811
1.2361111133256173
1.2075837793855126
1.0815260686257195
1.4730132487400334
1.3049645358724409
1.2978896107267246
1.3823754787018627
1.2459639141281322
1.3055555580864198
1.3972602788966035
1.1739130452867044
1.2466666658284444
1.1088435365421816
1.201388890945216
1.2891020554597854
1.033733263886648
1.2569392678887004
0.9444444476080247
1.362773031221784
1.2706683714824856
1.0701940032732176
1.5672101442461406
1.33986927596213
1.2700729909531674
1.0629629621169312
1.5255487001530825
1.0915492925213253
1.2770270268398467
1.3139261750257423
1.310951238640972
0.9915440588809427
1.3313153549284138
1.1822023380599471
1.0206896575514863
1.1338028125907558
1.0846560855857899
1.0942265735602492
1.6888888894288066
1.2120601326861522
