0.8749999887499998
0.8343653106328419
1.5458333090885419
1.1798319347780521
1.2111312926341864
2.976470553801615
1.1968423480929564
0.7980782510556522
0.9767441767982694
1.2666666553333334
1.952499126666133
0.8656126586561266
1.5389091000622546
1.0227272497159094
1.3431134006598335
1.3150376145789475
0.6950880277700238
1.2900143338041923
1.4336213463876615
1.1294117940705886
1.3420118120960403
2.2003676680009194
1.6330532434733895
1.6304166498695833
1.6115727756372005
1.0643274715074726
0.5747368517854738
1.4551764392450768
1.1815857056382584
1.3103448115708816
1.6846885763115713
1.2637238310068095
0.9066666689333333
1.57894738199446
2.140350857192983
1.394480081004916
0.803619927101411
1.0933503881741355
1.1317460292513228
1.2475344955763923
1.2954545269480524
0.9715821832341063
1.631100049582967
1.1453202
1.2200149693791038
0.6916995948186974
1.0855384593156923
0.735483878975026
1.2545454670909093
0.8087912222620458
1.4081267595159843
0.883264478628381
1.0281735254215614
1.8518518518518516
1.1229946720352315
1.26470588
1.0515837417833382
0.8790697552341806
0.8888889174774779
1.7272727410909094
1.2131346858259466
0.8566816263839863
0.47743057777235287
0.9013785570597214
2.6666665866666683
1.164578119493973
1.210526313628809
2.1904762
1.670175439174907
1.6620047059673668
0.6923076773964497
1.2455384691928615
1.2723214392044007
0.8708272950078046
1.3695395456701827
1.4721172044690556
