1.3139261750257423
1.308818343859234
1.6500000026357142
1.3278819946306186
2.331246737468316
1.6958459585422323
1.3946300631358712
1.4405594386346519
1.6969535495661534
1.7010162081478626
1.2871252203903754
1.8661971816345964
1.4184397121462704
1.279720280682674
1.2173913051228733
1.3009282744413617
1.3040540550648285
1.235714289437755
1.5419354877960458
1.5755395710615392
1.32857142932449
1.3188811181432831
1.4694055935835493
1.3153607091020831
1.5050205784740303
1.377341056067288
1.4666666719308643
1.609556799143566
1.3489932879257691
1.2602739766034903
1.3959731572064322
1.3569739894837616
1.6056337972862527
1.603896103273739
1.3075320520959737
1.407232289483029
1.4377516784313094
1.1733333331875555
1.3753937894489277
1.535032981208395
1.1187908487957197
1.5285714328387754
2.6058098547507442
1.5755520742385036
1.2420978868309278
0.9801324534599359
1.4344827633398336
1.4925373146201828
1.536423843469146
1.3916083918088902
1.2739726045862263
1.6756066422216938
1.2779966667290874
1.546254020948641
1.2463768136609956
1.631001372156112
1.578692911284647
1.6267347835201127
1.646833335748689
1.3614303996327122
1.2900763324852864
1.4341563793421872
1.9249906429924384
1.3546099236748654
1.3489932879257691
1.7417832158087927
1.4903978056891098
1.2075837793855126
1.5746146531333345
1.8498978613308614
1.4328358193428379
1.090277780466821
1.2431009435854532
1.189329186327648
1.5507246384562066
1.2533803621368784
