1.0976950323469643
1.1248285317360158
1.2105263140858724
1.1225329623683091
1.1714285736040817
1.0042742074037074
1.033005792050466
1.1151079130324517
1.0397063724056037
1.0554242127505695
1.138888886376634
1.0616438371551886
1.210884353096395
1.0681818195936639
1.0514705858855968
1.2121315125686436
0.9733333320942222
0.9583333342824074
1.1756756751515707
1.035460987133444
1.0422535200694307
1.253547296450306
1.2776408429110295
1.1703003212190062
1.2836278542873507
0.9434786217326229
0.9133333361395557
1.0548217192700298
1.00671140832485
1.1654676290399046
0.8618421060439749
0.9576242893529566
1.033557047127607
1.0723684201298476
1.0858636941839352
1.256457401116433
1.3168402785093558
1.1258741228666438
1.0123456757096576
1.0827793481171073
1.0986928095957964
0.9387755089518256
1.1455882320932094
1.0391627873833236
1.019681515208834
1.0068493196078063
0.961783435232261
1.0676691744157387
0.9171974499671386
1.0656934260258937
1.0986842107392658
1.0266040684057396
0.9344729341625325
1.019425020128993
1.0704225353739338
1.3936187269853555
1.223251030540695
1.0539489290519148
1.2313758394220304
1.0192323803741468
1.2000000048592594
1.0652294090136383
1.3216735236509298
1.2536231893100187
1.1379310352627823
1.3440397384816893
0.8696660850481878
1.073907237112225
1.2325949362403306
1.039341566457701
1.007299268893388
0.9861111133256173
1.042564951679909
1.0193273774113003
1.32857142932449
1.337742508484379
