1.8333333461666668
1.1403508747922437
1.0389610545454544
2.115384599763314
0.6862745310355396
3.387096719562956
1.3561253720544477
0.8391608461029879
1.0413223112096168
1.0161290160327785
1.069306935510244
1.3575757844187328
1.2272727221590911
1.0161290158688867
1.3532941899589848
1.2209302609518666
1.1826953155906808
1.4729951007765434
1.839080416012684
1.4285714071428575
2.4230768997781067
0.6428571471428571
4.05882355567474
1.4102564
1.4571428545714287
1.2987013042671613
1.2453488444497025
1.6153846361538464
0.5625730870825213
1.8065268076923076
0.9382716045038866
0.954545456534091
0.9756849086626013
0.9033962277787113
3.7500000617647062
1.7769230856710059
0.990215277006407
0.7901234759122087
1.3901098829607534
0.7133458430735558
1.0606060475895316
0.7792207825602968
1.2293388517515025
1.5420952022800762
2.776659908683652
0.5391892021172388
1.1304348118525522
0.8285714183129252
0.7291666727430556
1.159663890444884
1.346153846153846
1.4528301705873976
1.3602251507344532
1.8947368521883656
1.1205533331917001
0.7555555291111113
1.0385878656575225
1.1922077799450834
0.9191919166850321
1.0765957504074242
1.5503766367128102
1.2660503586579965
1.6250000112500003
1.358823549594291
0.8403361510627783
1.1538461600591714
1.2499999718750003
1.5749999763750004
1.4603174322700934
1.8846153799556213
1.7622377586331845
1.5692640714285713
1.8271186242924453
1.877022628573224
1.115107906930283
2.7482142576977684
