1.3006896573252793
1.2333507200281395
1.1756756751515707
1.6559561832401546
1.6111980516430457
1.1446159193003176
1.5321988651809468
1.564285718762245
1.3542637591696702
1.3520142927726053
1.2093793999500857
1.5664335672355616
1.194630874440791
1.3211678791922852
1.3428571472081632
1.6920409283343587
1.233333334608889
1.380281686399524
1.5314685321502275
1.5531914865157688
1.048611109054784
1.3714788709214443
1.0811643865237381
1.3738977084086672
1.631001372156112
1.3953953952733817
1.3000000052714287
1.378513260912019
1.0584415597554393
1.1007194261156255
1.2666666681244445
1.186656861131984
1.4388489217545675
2.0142857178836735
0.9894419308148346
1.4493294243520354
1.4232014398728068
1.4632352910586073
1.3117718645434842
1.6773069153576927
1.5702127615029426
1.3630137033233252
1.609731544272375
1.5508274207068726
1.533405952774307
1.4353741461687262
1.3378378389609205
1.3777777788576133
1.4475524445048655
1.4285714276906554
1.1931034516299641
1.1370549306650486
1.5369919746121294
1.627251949300967
1.2340425499743475
1.2402910682868253
1.4552469169195819
1.430026762276908
0.0
1.2349181296881755
1.1278195468788512
1.057007985576007
1.6992945370129757
1.5500000008785715
1.4965517246839475
1.4059121612122216
1.4530948147088119
1.2365079381535147
1.0167915248682597
1.2162208516479003
1.3840579688185255
1.349315069724151
1.0560440562993123
1.152949247307194
1.3448275881569558
1.1641975324477956
