1.2385416673547454
1.440645779016875
1.5673758813691463
1.5490927148519837
1.5042601252040675
1.800989192611761
1.3055768460230237
1.314685315768008
1.487100896668305
1.685022738869695
1.3213083208626772
2.126760560208292
1.8368794301081435
1.592857148672449
1.0915492925213253
1.3770464145530015
1.8661971816345964
1.1879699255073775
1.1095890463276412
1.5620437945719003
1.111111110478395
1.301480260760431
1.4266891882252102
1.2217965127809045
1.605100710727446
1.372441793304339
1.4125874094195314
1.1406711845509783
1.2097902105120053
1.3150684941508726
1.415492954086491
1.6397148277920313
1.3165467652637026
1.6137931080504162
1.8658515946292955
1.101018289764788
1.3317518226789387
1.3561643893319573
1.1380161795387855
1.5951228546606862
1.2339171950944257
1.3943661969390995
1.4965000021948667
1.3540929425081027
1.3910649260367374
1.4930555566628088
1.3750000028472222
1.374100718830288
1.3958333328587964
1.6666666685648148
1.5942028982923755
1.6631393312315443
1.583597884369539
1.3748748731250846
1.2928571434010205
1.3207423817343187
1.4158167827177608
1.4093439836005146
1.439212332710171
1.4084809438803705
1.184397162171923
1.217749151934312
1.3544487047246048
1.5107913681372598
1.4900662294451996
1.812925166861493
1.2312312291680871
1.518518520499195
1.1749296775971831
1.6585237662169539
1.419580421024011
1.3649634985380148
1.6748365979673685
1.2497232867581625
1.3687943243438458
1.3195402301840664
