3.4999999781250004
1.4230768997781067
1.4444444333333335
1.7350260314839683
3.149999952750001
0.8308702838018799
1.8761726204411295
2.1541142099833306
1.9238900889276764
1.2419354640400626
0.7499999906250002
1.9339355982605768
1.51952694930576
1.267924521229619
1.6413345792719722
3.166666619166668
1.5166666499833332
1.5042735042735045
1.4721455799259018
1.3444099396180802
1.6131595696476702
2.2500000225
2.266666629833334
2.5948717679250497
2.3076922721893496
2.8862745239700116
1.3697817456486816
1.730407507166793
1.9090909229752067
1.6828420140309783
2.2472276831622127
1.2000000120000003
1.646341469156752
1.6200000332640005
1.5798610963758684
1.2391304129631382
1.4780058535805507
2.0
1.9134198864803886
3.556603800685297
0.0
2.6823529157335644
1.4651163131422398
0.9629629565432098
1.8436657663677973
0.7638888573784732
1.685185195617284
1.4811827830948665
2.6415094720897123
1.2115384279881662
4.387499959964063
1.5277777496913585
1.39499999422875
4.8837210438074665
1.5930736
5.352941085155711
1.8181818148148146
1.8909091022545454
1.0
1.7727272856198346
1.3223777525333227
1.554445216468084
1.4730639614104006
1.064301561759775
1.3559021329088292
0.8571428693877553
1.3588235342076125
2.09150328
4.121212036914603
1.7236534129504357
1.5540669736983128
0.5609756196073765
1.3796627609675995
2.2488888767074076
1.4942528620689657
1.8100407318333707
