1.4335664327644384
1.2891020554597854
1.2847682159484233
1.2380714032175195
1.4048878794199262
1.7413391033712173
1.3282549667283547
1.342465755732783
1.5185185170820823
1.3362962958265678
1.261965164827302
1.3868613112035804
1.46575343004316
1.5942028982923755
1.1793103447105826
1.5148819722196742
1.3605442151446157
1.248226944827725
1.5068493196078063
1.3602941132580018
1.1959459477054422
1.5305743232901527
1.3964765106294537
1.1459190684143996
1.7629965551130673
1.2512844115865633
1.401408449321563
1.2809271854895166
1.3630137033233252
1.3098591510255901
1.2827586211576694
1.2480974146523216
1.5177304935667217
1.6503496491466574
1.4085805260847735
1.1995602946563295
1.1317708339620949
1.3288590629512183
1.3635676443909688
1.7446808461143806
1.562587411713238
1.3972602788966035
0.0
1.3753937894489277
1.4704875147189251
1.2974683532807243
1.2965517280770509
1.546153848337278
1.4785714290316325
1.4489795917228931
1.3750000028472222
1.5569178400942087
1.39380926620559
1.381715047174517
1.5205479475905426
1.4622770898335082
1.464670340809446
1.5939059577477845
1.616901405717913
1.5747599467082
1.2878787848668505
1.2406943286494154
1.4271262013484036
1.3812949622887012
1.161290323433923
1.573090278651717
1.181069957747361
1.4833676267963154
1.2588203561451905
1.5716135703095868
1.248226944827725
1.021739132889099
1.3883597907212395
1.1346424756246882
1.172661872498318
1.3568244181149025
