1.529623485981805
1.2125454913557825
1.0961538205769237
1.1191222449086586
0.9374298987253482
1.4624999920375001
1.1540350864616957
1.1407407733786015
1.0683357910570124
0.947771724137931
1.0661334939635316
1.1666666375000005
1.3286713017572176
1.08000000336
1.397058832612457
0.9523809499999999
0.9328357922978397
0.9710550973433819
1.8163304400325773
1.3731060598508522
1.5455840383823998
1.0911424718813991
1.5589743472820514
1.1450892985170202
0.7032967119623232
1.4350649085343234
1.0449999934549998
1.6150000290700004
1.0196078590542101
1.619047597460318
1.0668367381349437
1.0384615453846153
0.8941485861353025
1.4755153220689952
1.3066666515466667
1.8083333326916666
0.8576140922237754
0.9166666631018517
1.0081427365820084
0.8756290343878201
1.7333333368
1.4285714346938776
1.1956043929740658
0.744117637825
0.8995555406392889
1.6764705660467127
2.08771933508772
1.1022222288355557
0.9887005762328832
1.178451153572765
1.1519607606004905
1.2934782552457467
1.32920535387703
1.0598281489761066
1.4604519832155511
1.9249999795468753
1.105769198677885
1.2167388304642965
1.2554370970863378
1.1692307990461543
1.5383815235582976
1.4009622363063574
1.5002694927307134
1.6911764310121116
0.8042328200302344
0.13257576788050962
1.2121212
1.325714250417143
1.4031746286167806
1.5923076678106511
1.181917226515977
1.2980769212740384
1.9461538650593408
1.5091092951047183
0.7441176458332179
1.3000000180000002
