1.368323633441409
1.1306186031323417
0.6182728417798845
0.42857141938775506
1.5681818406818184
0.942029
0.9272727165818182
1.927536213358538
1.4044688001039256
1.4296338697875768
1.3421052663365651
1.6271409663843404
0.92081089551048
0.8839627792819639
0.8474336141683767
1.3959184058344027
1.087637995342924
0.8744362388881447
1.7874285734802284
0.9487500007906251
0.7601810162962472
1.3546218578388531
1.2669080022063586
1.2987012940259741
1.6187683206129977
1.846428605607143
0.990116809489905
1.4132104520501956
0.9556786704694561
1.20795758289207
1.2756007139207617
0.9666666547666667
1.0081632571195334
1.4828431348284312
1.024118766265572
1.132075452082592
0.7593688411369817
0.88888888
0.933333331
1.03030300969697
0.9714285677857143
1.5399999593440006
1.1846154098871802
1.8445322608695651
1.4538461346634617
1.1990595986714956
1.2318840723188407
0.818993356850649
1.2127659504798551
0.9586776963492931
1.3759530903274997
1.1641909772594439
1.6220614908444162
1.6322544315272747
2.0990873613528382
0.6611111233888888
1.381578954207237
1.2571428596408163
1.0769230688461542
1.1785049828569385
1.1709047911877155
0.7134693859388589
0.965034940537924
1.0614035163896582
0.8431952981838879
1.3690476348894556
1.404682273031901
1.5416666267361119
0.9293023160897785
1.2833850621894416
0.9634551515877308
2.4331551050959423
0.7076923270769233
1.268369180131795
0.741672232427512
1.211399704457672
