1.0394366179615155
1.1995602946563295
0.9868421019979223
1.0472541513885587
1.5972565193128285
0.9423717487903678
1.254428340179234
1.1642857175908163
1.2923561810145923
1.0123456757096576
0.9838288955202892
1.0340136055180713
1.138686126930577
1.2661870492562495
0.9788732370779608
1.1250306270000396
1.2142857155408164
1.2238805981109377
0.9452054824526178
1.0942028953213612
1.0070921974266887
1.0456375843136796
0.918229167176794
1.0554242127505695
0.9334616005021978
1.335733881436519
1.0851063807514711
1.0195767210363567
1.3239436615651656
0.9930069941297862
1.2307692281226466
1.1703003212190062
1.0935251826572123
1.173611111902006
0.9932802866095674
1.0533867205044685
1.0605902783669947
1.1275167801855772
1.1468531462115505
1.4081614565548748
1.3572413815568132
1.1985815570253004
1.3311688315145893
1.0722871969721026
1.2266378304389758
1.26896551989346
1.5428571448653061
1.035971223191346
1.1351351355843682
1.1197183078258282
1.0855263127371884
1.1380161795387855
1.1774800783617585
1.0566819851644522
1.1702127615029425
1.1141792696906296
1.0262134287019546
1.2742812722941084
1.183802814900615
0.8648516073420106
0.9699248106857369
0.9322319907426129
1.2672528663793186
1.076388888097994
1.1678321695564575
1.2411564603897913
0.9979861614241528
1.0334362118241311
1.1051816773418572
1.0331473037894447
1.2553191480700168
1.1304347795085068
0.8666844294004924
0.8832546187449347
1.1313868580371889
0.9600955781420588
