1.4018445030742213
1.3728766133586894
1.2749999799187501
1.2179487054569365
1.069078911420642
1.0597402488400742
1.071428586734694
1.2916666824652778
0.940360075065362
1.1470588302768168
0.9711652655653675
1.4898816449314183
0.8888888845679014
0.7435897408678502
0.9100071268694505
0.8823529339100344
0.7386206787024829
1.0679476479048498
2.1821428694795917
1.2510297410824793
1.66007905
0.8000000076363637
2.064428286995415
1.32911394087486
1.060667653402525
1.3065861584949345
1.0599415135252193
1.3601139461398861
0.9317063320543053
1.2624852026730997
2.3933748310361853
1.100183812173943
1.235087749017544
1.0597402539873841
1.1007045865186758
1.1758893051506918
0.9436893394860968
0.7439999865840002
0.9417560033756667
0.9348225337469046
0.6581485043576204
1.2680652714275624
0.7619047825396826
1.8686102849456379
1.0203193170118026
1.6999999460000013
1.220159114204702
1.061379299548038
1.0918972390810278
0.7407407333333333
1.1997104629866495
0.8841732705631273
1.4505494759340662
1.2334096106130314
1.3065245817209166
0.845766573496667
1.1597623171110958
1.2979264234872763
0.7475209728368654
1.1586206847310345
1.586589838268203
0.8812846002910196
1.2252252288677867
1.066202091502507
0.5187057495250077
1.2622950887960227
0.9795417418278373
1.3083212888888889
1.1307692046745568
1.2029221228581581
1.0052727072219174
0.8130081286535792
0.9400219607900013
1.229928542231686
0.661573019505416
1.0874363098800595
