1.3375886486876916
1.364791955126976
1.2941176413840831
1.508462109491494
1.529443111747801
1.3669103217742362
1.4271262013484036
1.3265306096265443
1.2469953448599882
1.172189733498598
1.3902880697724227
1.425531909572959
1.4244604348377412
1.6985294065776384
1.1328671344711232
1.4200070353722263
1.3945578206626867
1.3103448293412603
1.1818181812968849
1.4586466170049184
1.2112676061218013
1.5023972643901293
1.2054577444414798
1.4833676267963154
1.184659835504511
1.25211175624611
1.2826086978481412
1.3222474149402426
1.3377483454857242
1.3561643893319573
1.2361111133256173
1.5000450551094167
1.3214285733112245
1.2971014491461879
1.18716204320638
1.254738306470865
1.3514814842845544
1.4615384619795588
1.2709741350393116
1.2109704656727613
1.5721283773161294
1.5500000008785715
1.276415094500178
1.3287037025437243
1.4172839515321445
1.3776223743341973
1.279720280682674
1.0839160819110958
1.5208333357060186
1.5205479475905426
1.3750000028472222
1.2688065838609164
1.2787524337507512
1.3607503634703249
1.1041666671412036
1.3015872974257638
1.335434723871107
1.2469953448599882
1.0811643865237381
1.1822023380599471
1.1729323277675392
1.357130077960668
1.3729071549942662
1.3098591510255901
1.4900662294451996
1.8262323912796072
1.3545470316542867
1.4378242992299315
1.279194148119672
1.9825102883236168
1.1333333365728395
1.349315069724151
1.2779966667290874
1.4557087505090809
1.4202898530056711
1.4187097852078145
