1.5587928412022434
1.069014088572307
1.490322571751301
1.1774891894424766
2.425531937342689
2.978723469850612
2.51999997984
1.788888858166667
1.588235282698962
1.1886792564969741
1.5053763678113077
2.8499999978625
4.749999905000002
1.9387754864639735
2.075216449077319
2.4444444087962967
1.1399999917919998
2.697520709129978
1.5089285461830357
1.7809523501904765
2.1590908845557855
2.6470588546712808
1.7843137363512365
2.0399999755200002
3.238095300544219
1.4117647224913499
2.307692290295858
2.7399267155292577
2.0403225684690427
2.1857143169387756
2.2800000177840003
0.0
1.6666666666666667
0.7789408992431418
2.6988635910227283
1.9480519227525726
1.565340935708452
1.746031727116402
1.2095864751939058
2.241758256128487
3.0434782628544426
1.8627451163014228
1.050000002625
3.140096668189457
2.0833333333333335
0.0
1.6956522019281668
1.5660430845206281
0.42170541659852173
2.0148148201316873
1.7073593175193569
1.4136904975977893
1.4190687081066469
1.899999962000001
1.3153845890769236
1.071428562244898
2.4572649082834763
1.8529411871280277
1.881818208818182
2.6228571421077547
1.4296704801497255
1.3204257030943556
1.3194444286111113
1.7569444594301475
1.4166666383333335
0.9855072489476999
1.9435736421576049
2.2211537978864655
1.5
1.0526316002770084
1.9472954410313348
1.9000000342000005
1.5708401546520372
1.9431818296642562
1.99692777154667
1.3037037330370371
