1.0819444450455247
1.0612175412047737
1.2937062924231015
1.1569664859808757
1.36841209454082
1.3980883446020205
1.1156462565301495
1.1034482764470868
1.0472541513885587
1.0902184241453323
1.091887126742076
1.1768707475783238
1.4489795917228931
1.2708333357060184
1.0774647877563976
1.2109704656727613
1.26530611857837
1.4370370409064472
1.0709219800824907
1.3357664229644626
0.9342105261738226
1.088184934488178
1.3392335744917416
1.1691879664746119
1.4347150726171636
1.142308977606548
1.0131578926073408
1.0697837270360744
1.4859154894604247
1.0633802772168222
1.32857142932449
1.1648909192188792
1.231292513060299
1.2758620705255648
1.151404147079149
1.0123456798800705
1.3431034504989299
1.1985294095923444
0.9013142166468571
1.426281761026102
1.3453125015134766
1.2138364799011117
1.5006535935942587
1.3291341207784022
1.1665440314124949
1.3380281663300932
1.2925170041084733
1.1379310352627823
1.1944444476080247
1.1470588176773358
1.0472972952383126
1.5470352980895177
1.0938768745344472
1.1203292219098162
1.0555555580864198
1.5185185198201059
0.9381069957758903
1.0846560855857899
1.0782467535268172
1.0398924978886255
1.1830985908172982
1.0557319268177878
1.2119631335854144
1.035460987133444
1.2397260290129481
1.3414429535603125
1.1871391789835535
1.2476091109899565
1.2484730453155395
1.3569739894837616
1.2556390999231162
1.257142857477551
1.4493294243520354
1.1363063740446282
1.34782608463138
1.1438191451022905
