1.4953767164256897
1.0196287411652005
1.4680850999486945
1.4158680803267871
1.5857722522597077
1.0867385929208344
1.2397566625044538
1.2344827610777644
1.1156462565301495
1.3622004323703223
1.1310344846306777
1.0666666682864199
1.3000000052714287
1.3507462679260416
1.3188405820352866
1.1458162071807314
1.2887323938781987
1.2517482514675533
1.2887323938781987
1.102739726719835
1.073333332640889
1.314827588383163
1.146006945081115
1.3764987999830924
1.0831390831702719
1.3036681756141495
1.3698630173146933
1.243738979309801
1.2624113454967054
1.0774647877563976
1.1914893595986118
1.3331594509862095
1.253521126191232
1.32857142932449
1.0512820522077084
1.276125887138942
1.4694055935835493
1.1835443002171127
1.1648909192188792
1.222012742916276
1.6991610745097292
1.1438848927653846
1.4296052605244112
1.2349181296881755
1.2075837793855126
1.3076923041635287
1.3673469351325838
1.408450701704027
1.471830984695497
1.3546099236748654
1.2847682159484233
1.3688054226161035
1.154929575512795
1.1599794261999885
1.0827586245507728
1.906815497415933
0.9395626557336764
1.138888889521605
1.2604729721213022
1.4751322787395316
1.029629631024417
0.9836266471386478
1.735449736937264
1.1985815570253004
1.1971830955822258
1.8464041146476826
0.0
1.067816679226895
1.2560997972799566
1.1751705101117929
1.076923076040882
1.1360544220722848
1.2340272155365983
1.0270173540462244
1.172661872498318
1.4812999211551914
