1.069565216926276
1.2635847499416886
1.25
1.1473251034160767
1.1670096050927832
1.2064770649886953
1.076963484178827
1.1126760554433646
1.2192484453413528
1.1215916176414327
1.1128622698925894
1.1888111871670988
1.1666666685648148
1.1538461520817642
1.0279720292151204
1.1146036898448068
1.2608695649590422
1.1449275367485823
1.1594202880466289
1.3111111166452676
1.1140939580325209
1.088184934488178
1.2229310365069204
1.2550312897398117
1.1822023380599471
1.3131150449363267
1.0633802772168222
1.1599794261999885
1.237410075422597
1.2040816331084272
1.102739726719835
1.1579570497478275
1.1564625820361887
1.1126760554433646
1.1673326664070993
1.1763171619555204
1.107299268294848
1.2746478833386234
1.199019349790016
1.2378809193081974
1.218019480835849
1.2167832163822192
1.1150337830303827
1.1641975324477956
1.2003527382292265
1.3630137033233252
1.0694444447608025
1.3484848481083562
1.2447552455973396
1.2727272748124603
1.0460526295204293
1.1539324871866112
1.091887126742076
1.0913229984643318
1.0212765922800664
1.4686141535741732
1.2672019313190477
1.121053941927941
1.2080357165292093
1.1380161795387855
1.0746268660369793
1.0913229984643318
1.184659835504511
1.187050359415144
1.2916666657175926
1.5195804187303046
1.1540740751593086
1.170996870451639
1.1773001469170337
1.4100529141900982
1.1678321695564575
1.2083333342824076
1.1128622698925894
1.0619010602450902
1.3546099236748654
1.2411635395648315
