1.3783783381446317
1.5806671064401165
3.6190476448979596
1.1654626636123333
1.5510203796751356
2.5543859341588186
1.23995772930208
1.4329806066883315
1.407407365185186
0.9166666758333334
1.3411765081411773
1.7713509295739098
1.0606060768044077
1.6105263357091417
2.207547176539694
1.4596491625632508
1.6296296518106999
3.7868853042569213
0.8161290273876171
1.14285716
2.258064532362123
1.4153439
3.164556989424772
2.142124484968011
1.203124987216797
2.1951219049970265
1.3450549283762638
2.264615335621303
1.1027026953265158
3.7868853042569213
1.7821067770150485
0.4697802229120879
1.8271186242924453
2.089285671629465
2.994652411701793
1.4526315594406018
1.9576270834731406
1.5833333267361112
1.7816901476205118
0.9051724013079668
1.8181817999999998
2.0325203662502482
2.2941176155709346
1.7142857387755106
1.8881287658936152
1.1294643036647005
1.3749999950585936
1.8289156688204384
0.6947368336140349
1.179487166709402
1.4814814666666665
1.5245109664234466
1.337142853322449
1.7872340551018562
1.8778110336988283
1.2500000225
1.9554030927052657
1.5909090713842975
1.1802326018658744
1.4393939190025251
1.1932203486906061
1.6
1.2723214586300227
1.190855957148036
0.7999999640000007
1.15384615
2.3265305837567682
0.0
0.0
1.2105262985872576
2.555555521481482
1.4963880591630008
1.2318840503557311
2.0207358154878583
0.0
0.6223529529957648
