2.075
1.79012346
2.32926829
1.98780488
2.26829268
2.03846154
1.67901235
1.98780488
2.08641975
1.88888889
1.74074074
1.95121951
2.14634146
1.62195122
2.07594937
1.82716049
1.79268293
2.2
1.64634146
2.08536585
2.14814815
2.1
1.92592593
1.98765432
1.86585366
1.70731707
1.61728395
2.1097561
1.69512195
1.79268293
1.64634146
1.85365854
2.23170732
2.07317073
2.58974359
2.14634146
2.0125
2.07407407
1.98780488
1.73170732
1.83950617
1.7625
2.3875
1.74390244
1.91358025
1.88888889
2.0
1.75308642
2.33333333
1.9125
2.12345679
1.7195122
2.7875
1.86419753
1.87804878
2.0
1.75308642
2.27160494
2.0
1.76829268
1.91358025
2.65432099
1.73170732
2.04878049
2.475
1.80246914
1.77777778
1.78481013
1.91358025
2.14634146
2.04878049
1.7804878
1.70731707
1.51219512
1.85365854
2.2345679
1.77777778
