2.1125
2.2962963
2.52439024
2.62195122
2.20731707
2.34615385
2.08641975
1.8902439
2.14814815
1.82716049
2.02469136
2.23170732
2.02439024
1.73170732
2.25316456
1.98765432
1.95121951
2.05
2.14634146
1.98780488
2.17283951
2.6375
2.25925926
2.22222222
2.17073171
2.14634146
2.0
2.08536585
2.0
2.15853659
1.90243902
2.18292683
1.98780488
1.85365854
2.37179487
2.17073171
2.2875
2.01234568
2.18292683
2.13414634
2.07407407
2.05
2.475
2.48780488
2.04938272
1.98765432
2.09756098
2.37037037
2.16049383
1.95
2.08641975
1.8902439
2.9375
2.04938272
1.85365854
2.41772152
2.14814815
2.14814815
2.16049383
1.79268293
2.0617284
2.37037037
2.09756098
2.13414634
2.25
2.22222222
2.0617284
2.25316456
2.02469136
2.12195122
1.98780488
2.13414634
1.95121951
1.81707317
2.29268293
2.49382716
1.92592593
