2.1
2.07407407
2.31707317
2.52439024
2.74390244
2.41025641
2.69135802
2.34146341
2.0
2.18518519
2.56790123
2.06097561
1.98780488
1.85365854
2.65822785
2.45679012
1.96341463
1.9875
2.35365854
2.03658537
2.44444444
2.025
2.25925926
2.90123457
2.43902439
2.73170732
2.25925926
2.17073171
2.01219512
2.18292683
2.14634146
2.20731707
2.1097561
2.32926829
1.87179487
2.2195122
2.3375
2.34567901
2.13414634
2.2195122
1.92592593
2.2375
2.175
2.43902439
2.4691358
2.44444444
2.56097561
2.41975309
2.02469136
2.225
2.11111111
2.34146341
2.7875
2.72839506
2.26829268
2.40506329
2.33333333
2.62962963
2.51851852
1.7195122
1.96296296
2.43209877
2.12195122
2.46341463
2.55
2.11111111
1.86419753
2.48101266
2.33333333
1.8902439
2.20731707
2.08536585
2.35365854
2.20731707
2.0
2.03703704
2.67901235
