0.62857143
0.40659341
0.38421053
0.31111111
0.4
0.55555556
0.48888889
0.46428571
0.17857143
0.32142857
0.46405229
0.33333333
0.3
0.26666667
0.0
0.16666667
0.425
0.38095238
0.49019608
0.47619048
0.1
0.60606061
1.0
0.5
0.3956044
0.44444444
0.49090909
0.5
0.5
0.375
0.4021164
0.2
0.38333333
0.6
0.46428571
0.27777778
0.22222222
0.57142857
0.32142857
0.26666667
0.4
0.25641026
0.30769231
0.24242424
0.4
0.19047619
0.53333333
0.73333333
0.16666667
0.5
0.0
0.49264706
1.0
0.57142857
0.8
0.28571429
0.32352941
0.4
0.40522876
0.39166667
0.38970588
0.30555556
0.39869281
0.26373626
0.66666667
0.66666667
0.35164835
0.34848485
0.5
0.30147059
0.52777778
0.40316206
0.41904762
0.66666667
0.4
0.2
0.32142857
