0.52777778
0.52777778
0.41818182
0.66666667
0.3
0.5
0.53333333
0.4
0.41666667
0.66666667
0.47619048
0.57142857
0.0
0.53846154
0.33333333
0.66666667
0.76190476
0.43589744
0.32142857
0.5
0.33333333
0.41818182
0.66666667
0.32051282
0.38095238
0.38095238
0.7
0.46666667
0.33333333
0.4
0.48888889
0.2
0.48484848
0.71428571
0.39393939
0.33333333
0.0
1.0
0.0
0.66666667
0.75
0.33333333
0.25
0.5
0.28888889
0.0
0.6
0.4
0.3
0.4
0.66666667
0.38461538
0.4
0.33333333
1.0
0.43636364
0.25
0.15
0.46666667
0.35263158
0.66666667
0.0952381
0.53333333
0.0
0.0
0.5
0.8
0.52777778
0.0
0.33333333
0.4
0.61904762
0.53571429
0.33333333
0.66666667
0.3
0.31818182
