0.32631579
0.27941176
0.3952381
0.45454545
0.16666667
0.46666667
0.53333333
0.66666667
0.39473684
0.4
0.32142857
0.66666667
0.19444444
0.83333333
0.66666667
0.7
0.66666667
0.56060606
0.42857143
0.32411067
0.0
0.47186147
0.47222222
0.5
0.33333333
0.35714286
0.32142857
0.66666667
0.54545455
0.4952381
0.46666667
0.33333333
0.52287582
0.83333333
0.27619048
0.32727273
0.49090909
0.66666667
0.39285714
0.47272727
0.44871795
1.0
0.6
0.5
0.0
0.0
0.0
0.83333333
0.66666667
0.47619048
0.4
0.57142857
0.0
0.76190476
0.28571429
0.25
0.53571429
0.57142857
0.31818182
0.58947368
0.65151515
1.0
0.61904762
0.25
1.0
0.33333333
0.76190476
1.0
0.0
0.54545455
0.33333333
0.52380952
0.45454545
0.4
0.52747253
0.34502924
0.53571429
