0.6
0.54945055
0.43137255
0.33333333
0.23157895
0.38970588
0.31168831
0.43589744
0.2
0.30909091
0.375
0.36111111
0.3
0.43157895
0.25714286
0.50909091
0.42307692
0.37878788
0.42857143
0.42222222
0.28421053
0.5
0.34615385
0.18300654
0.46969697
0.41818182
0.8
0.4
0.5
0.36263736
0.43137255
0.24836601
0.46666667
0.25977011
0.36601307
0.26373626
0.37777778
0.45887446
0.35555556
0.29090909
0.36363636
0.21904762
0.46969697
0.20261438
0.32051282
0.22077922
0.31666667
0.24285714
0.32967033
0.23157895
0.36029412
0.38235294
0.66666667
0.34761905
0.4
0.53333333
0.3083004
0.36190476
0.32142857
0.37549407
0.42857143
0.28787879
0.45054945
0.4
0.66666667
0.26495726
0.20879121
0.1871345
0.33666667
0.44852941
0.38666667
0.37894737
0.4
0.50980392
0.375
0.40659341
0.21014493
