1.9375
1.82716049
2.30487805
2.47560976
2.64634146
2.21794872
2.32098765
2.40243902
2.18518519
2.17283951
1.77777778
3.1097561
2.52439024
2.19512195
2.27848101
2.28395062
2.04878049
2.1125
2.04878049
2.18292683
2.85185185
1.9
2.55555556
2.7037037
2.0
2.03658537
2.07407407
2.79268293
2.01219512
2.12195122
1.84146341
2.54878049
2.04878049
2.85365854
2.24358974
1.98780488
2.5375
2.41975309
2.36585366
2.2195122
2.35802469
2.15
2.4625
2.40243902
2.2345679
2.22222222
2.79268293
2.27160494
2.35802469
2.1625
2.51851852
2.30487805
3.175
2.25925926
2.2195122
2.58227848
2.51851852
2.64197531
2.08641975
2.2804878
2.20987654
2.19753086
1.97560976
2.29268293
2.9625
2.44444444
2.08641975
2.01265823
2.41975309
2.42682927
2.34146341
2.0
1.8902439
1.8902439
2.5
2.28395062
2.58024691
