3.075
1.92592593
2.2195122
2.56097561
3.47560976
2.55128205
2.20987654
2.3902439
2.45679012
2.71604938
2.20987654
2.82926829
2.30487805
2.07317073
0.0
2.07407407
3.03658537
2.05
2.1097561
2.13414634
0.0
2.9125
2.32098765
2.61728395
2.24390244
2.82926829
2.38271605
2.37804878
2.2804878
2.25609756
2.13414634
2.63414634
2.67073171
2.3902439
2.5
2.35365854
2.4625
2.03703704
2.2804878
2.18292683
2.44444444
2.5125
2.5
2.15853659
2.25925926
2.38271605
2.43902439
2.34567901
3.08641975
1.825
3.14814815
2.31707317
2.8125
2.20987654
2.23170732
2.72151899
2.32098765
2.55555556
2.30864198
2.03658537
1.9382716
2.38271605
2.23170732
2.75609756
2.8375
2.39506173
2.30864198
2.06329114
2.43209877
2.07317073
2.06097561
2.09756098
2.45121951
1.97560976
2.70731707
2.7654321
2.27160494
