0.72222222
0.33333333
0.28888889
0.2
0.29487179
0.33333333
0.0
0.4
0.38095238
0.55555556
0.44444444
0.23809524
0.33333333
0.61111111
0.25
0.0
0.66666667
0.33333333
0.33333333
0.19047619
0.33333333
1.0
0.26923077
1.0
0.33333333
0.6
0.61111111
0.3
0.47619048
0.66666667
0.57142857
1.0
0.27777778
0.46666667
0.23809524
0.33333333
0.33333333
0.66666667
0.6
0.33333333
0.52380952
0.225
0.23333333
0.14285714
0.5
0.5
0.32748538
0.28571429
0.66666667
0.30882353
0.3
0.26666667
0.10909091
0.33333333
0.66666667
0.26666667
0.21794872
0.33333333
0.0
0.53333333
0.30909091
0.17948718
0.32727273
0.33333333
0.18181818
0.50909091
0.0
0.33333333
0.33333333
0.53333333
0.25454545
0.36363636
0.80952381
0.4
0.4
0.66666667
0.0
