2.1125
0.0
2.3902439
2.52439024
2.87804878
2.28205128
3.69135802
3.07317073
2.60493827
2.37037037
2.35802469
2.13414634
2.04878049
2.07317073
2.37974684
3.25925926
2.15853659
3.4125
2.24390244
2.7804878
3.20987654
2.9
2.96296296
0.0
2.3902439
2.20731707
2.34567901
3.34146341
2.17073171
2.35365854
2.45121951
3.07317073
2.96341463
3.41463415
2.64102564
1.98780488
3.2375
2.91358025
2.67073171
2.14634146
2.61728395
2.2375
0.0
2.18292683
0.0
0.0
2.73170732
2.71604938
3.32098765
2.4375
3.13580247
2.1097561
3.125
3.13580247
2.20731707
2.73417722
2.17283951
3.16049383
2.13580247
2.14634146
2.30864198
2.9382716
2.53658537
2.41463415
0.0
2.90123457
2.66666667
2.48101266
3.2345679
2.34146341
3.0
2.2195122
2.13414634
2.15853659
4.04878049
3.55555556
3.41975309
