2.175
2.48148148
2.70731707
2.64634146
2.42682927
3.37179487
2.34567901
2.30487805
3.13580247
2.60493827
2.95061728
3.18292683
2.73170732
1.91463415
2.51898734
3.27160494
1.92682927
1.9875
2.65853659
1.96341463
2.44444444
2.5625
2.14814815
2.87654321
2.84146341
2.52439024
2.0
2.13414634
2.34146341
2.04878049
2.41463415
2.85365854
2.23170732
2.84146341
3.5
3.24390244
2.65
2.44444444
2.32926829
2.34146341
1.82716049
2.3875
2.2375
2.47560976
2.02469136
2.56790123
2.87804878
2.90123457
3.18518519
0.0
2.51851852
2.24390244
2.45
2.38271605
2.30487805
2.13924051
2.64197531
2.59259259
2.38271605
2.06097561
2.0617284
2.44444444
2.51219512
2.58536585
3.2875
2.25925926
3.03703704
2.07594937
2.82716049
2.47560976
2.31707317
3.19512195
1.87804878
2.24390244
2.43902439
2.32098765
2.7037037
