0.34545455
0.39285714
0.32142857
0.33333333
0.21978022
0.53333333
0.37362637
0.16842105
0.26666667
0.26811594
0.36190476
0.2
0.26666667
0.41304348
0.41666667
0.14035088
0.38095238
0.51515152
0.29487179
0.39047619
0.11111111
0.66666667
0.66666667
0.22222222
0.25454545
0.44444444
0.32026144
0.30909091
0.25274725
0.47272727
0.41830065
0.10909091
0.27472527
0.26811594
0.46666667
0.35714286
0.30555556
0.21818182
0.30909091
0.29090909
0.48888889
0.28571429
0.33333333
0.4
0.21666667
0.325
0.24358974
0.36111111
0.51111111
0.375
0.23809524
0.30994152
0.33333333
0.37142857
0.32467532
0.66666667
0.36111111
0.26373626
0.35897436
0.62337662
0.57777778
0.41666667
0.46153846
0.12727273
0.13636364
0.38095238
0.28571429
0.2
0.325
0.46666667
0.35947712
0.52380952
0.39869281
0.46315789
0.21818182
0.66666667
0.30833333
