1.340924661208013
1.183446357436429
1.2024539853227445
1.4041095928879714
1.4068965551562427
1.2215601306114476
1.231435417222181
1.1702127615029425
1.0983619797921345
1.2431009435854532
0.9847988567615802
1.3776223743341973
1.234899329893248
1.0833333314351852
1.4710864253748823
1.5522633804046946
1.208633095689664
1.1958333339976852
1.0719424463826923
1.2071428595275508
1.3885552212239494
1.1022260304170577
1.2891020554597854
1.3015872974257638
1.0261437920056389
1.2269503525476584
1.2689966916580337
1.6666666666666667
1.1986301394483019
1.2191780870388442
1.1205673737005182
0.9622641518191527
1.2826086978481412
1.5208333357060186
1.091458433455812
1.2132352895512544
1.2862745087950789
1.1670096050927832
1.1942446028735572
1.3918918898703434
1.0798353914504253
1.2132653039765375
1.3260489503071053
1.2569444433371915
1.154929575512795
1.3893571736099704
1.45637583763344
1.261867501951773
1.4757433490550818
1.0651960775959246
1.5081884558358571
1.0816326510120782
1.4730132487400334
1.2984433732035754
1.3546099236748654
1.1893459894107479
1.4132073888912244
1.5470352980895177
1.2459639153111985
1.0068965506321046
1.1173296759470541
1.3733920402106898
1.1824324308226808
1.3333333296145127
1.561904759142209
1.383781863009915
1.2526867403256738
1.5915611864676231
1.2654321027786597
1.4850746292403652
1.2657342632079809
1.2307692281226466
1.1575342498836554
0.9801324534599359
1.184397162171923
1.2501450010403268
1.3638545970076972
