2.2312499817714846
3.5454545712396692
0.0
0.954545452376033
2.14285716
1.2133333420693333
0.0
3.0666666593066667
1.1176947976870575
0.0
0.0
4.565217371455577
1.2439024089886976
1.3685950212969842
0.933333331
0.0
3.040000054720001
1.2409090999338843
1.1054421868723678
2.184668990709612
2.5363408230048807
0.0
2.4285713982142862
3.181818294628104
1.285714302857143
1.4552238628202274
0.6603174666848072
1.5931676950519849
0.0
1.5695651971880908
2.6128632972355414
0.0
1.3526881364745065
2.1249999787500005
1.378787875027548
1.1290322285639962
0.0
2.3099999621160006
1.8333333333333333
1.22222224
2.230303060969698
1.4424242755151522
2.2222222222222223
1.7062499594765634
1.4811912054318452
0.0
3.1730769793269245
3.5294118062283744
2.05696205135395
1.3725490220299885
1.2999999688000003
1.4285714346938776
0.0
2.6515151667011017
1.2651162814234722
1.0111110998765434
0.8399999932800001
2.5
0.6153845905325448
1.5272727312486853
0.8701754577174518
4.038461499630178
1.384615393846154
0.0
0.0
1.7656565875004593
1.4293785230786171
4.781249926787111
1.7769230856710059
2.575609761123141
1.3770491825853266
1.5625
3.442622956463316
1.591836735451895
1.5120000031449599
0.9920000282720005
3.634615320310652
