1.3937050369738884
1.5684228787575951
1.45637583763344
1.7410071942021634
1.2642857193479593
1.2075537070219233
1.1478003800318868
1.2275862104456599
1.4452107328748316
1.4213065194708376
1.2247258912029504
1.1259259303352538
1.1532846707027544
1.0344827588156955
1.194010091873979
1.2051734268479926
1.0555555580864198
1.3784482781436385
1.3724137963405467
1.5107913681372598
1.1487610497907488
1.2741319451522954
1.248805979746443
1.1135802501665844
1.100000001757143
1.2816901414957351
1.275832915002282
0.9930555566628088
1.432624106999648
1.0479452091724526
1.261538464449704
1.2068965528941735
1.0344827588156955
1.2323943632691927
1.4347685848345622
1.124137933998573
1.1654109620970166
1.152949247307194
1.4551724152361476
1.107142857770408
1.4462081088706524
1.4663194452590664
1.4175531874679341
1.3194444447608025
1.2846317612987008
1.5115846455111908
1.421052628171745
1.2396069504605591
1.1143085546146105
1.0605902783669947
1.2963851125873274
1.184397162171923
1.222360251028587
1.1868880382403664
1.0431654666497594
1.8092475397551375
1.3429075324547213
1.2342296644773416
1.5677297678154054
1.253521126191232
1.3048011012247727
1.5221600487209783
1.0633802772168222
1.1842105234764542
1.4137931057883473
1.1012679333099542
0.9376087480285672
0.959141164593166
1.0760597421952112
1.325925929120439
1.3521126710950209
1.2335766405008257
1.3257575728397613
1.1904761875542598
1.2624113454967054
1.201705305037198
1.1548239634322275
