1.1477112656658401
1.184659835504511
1.2400000002186669
1.1655172434463732
1.0849673173189798
1.0097840727451346
1.0907668219592674
1.1223021564908648
0.9729036377851698
1.082647464073693
1.0689804012201507
1.3426573392488628
0.9391891878789264
1.078571427860204
1.1635894512797655
1.012345680840192
0.9054054039828342
1.1583904141325765
1.0142857178836735
1.0827586245507728
1.3983479890635595
1.1993197257699106
1.0978034340513774
1.3248819308690798
0.8866666682337778
0.9510489531742383
1.0474965696097203
1.1259259303352538
1.2388059688705724
0.9523809489277616
0.9097222252276235
0.959731544547543
1.090277780466821
1.0657894738261773
1.1697363674596006
0.986301372017264
1.0875
1.1314451675739032
1.2377622397271262
0.9054054039828342
1.2602670679750378
1.0320689672254935
1.302027026147279
1.1266666684524445
1.0622500400356338
1.0612175412047737
1.1527777761959876
0.9701646074834248
0.9698696333035695
0.9383802801041461
0.985168615967182
1.098591544903789
1.4939542471942844
1.3122999587218074
1.029629631024417
1.2146512191073724
1.0674393212412638
1.1878189338754679
1.0599055457959352
1.124087589143801
1.0648376795418857
1.383781863009915
1.200000002262069
1.0
1.4130357169099235
0.8952716864437371
1.1043771060954533
1.288520297443068
1.0325925947144692
1.0375939851014755
1.0
1.0
1.1278195468788512
1.0205479475905423
1.3076923041635287
1.3892042846304749
1.057338822044851
