1.954285738853878
0.6818181895661158
1.6666666499999998
1.4999999999999998
1.7311827680558447
4.285714346938776
0.6562500102539065
0.8491227977747
2.251851792740742
1.2587064759278237
2.131661461852773
1.231060597247331
1.448275842092747
1.6843971881318849
2.1857142850897957
0.0
1.8888888794444445
1.846345485454879
1.1878882271121392
2.8595745078225443
1.469387743206997
1.4528301705873976
1.0433387140918358
1.06666668
1.7769230383091725
1.5905743546810809
1.907051254739892
2.067567527892623
1.5550595060205852
1.7971014263558078
1.90476192
1.787234072974197
0.0
2.892562
2.4266667205386674
2.708333304557292
4.444444444444445
1.5789473518005543
0.8482142917729593
2.0727272485454553
0.0
3.358024737997257
1.8849206428571426
2.009852262259216
3.9375000615234383
1.8461538177514798
0.95238096
0.48888888155555543
1.4928571588714288
1.9444444128472225
1.6183368964796487
1.8361538670395265
1.4181818284958678
3.024000052012801
1.6100000251850002
2.4915254321746625
0.0
2.144067806058604
1.9459459669831995
1.4956140404547555
1.071428590714286
0.8695652188090738
2.7268170817148136
1.2999999688000003
3.2478632307911464
2.064705900813841
4.857142926530614
2.888888912962963
1.5578817984862836
1.225823923307483
1.7432950165807901
3.164383521763934
1.448275842092747
4.749999905000002
0.8493150647701257
0.0
0.0
