1.6992792270091384
1.2659666470961437
1.4984628492799967
1.4274284055259827
1.2290532871515225
1.5871776285091304
1.2381588435169493
1.4095355437660508
1.270867532904947
1.5506381402153837
1.5580322758222023
1.4045283081884887
1.391510234552644
1.5911320494368646
1.410717247087414
1.2360548459550225
1.6082229891044755
1.691888251121242
1.4299798948718456
1.6275955456461895
1.330538788261039
1.7530776258213305
1.3477199538274407
1.6651090931765948
1.4769098936031229
1.3588273792596839
1.7397461422350418
1.2964122606571957
1.511353182726083
1.508743494653631
1.5575390299328429
1.4090729400800495
1.269539190758281
1.8451504020153402
1.8984529467070046
1.2481533996206875
1.240628058670097
1.602139007512559
1.3890483402300569
1.3952857069905336
1.705756061964173
1.3086923065852551
1.4073404845135948
1.5018130132365124
1.3506576119310454
1.4662209397895112
2.239731487660456
1.3148328903986028
1.5575385079520405
1.599824008207464
1.5007385110931453
1.638587849866089
1.4326721250029981
1.5196622381251494
1.5520184332517004
1.425126107638667
1.8384174826074247
1.590446457639227
1.6743843719425695
1.3561313937897475
1.2624004903628048
1.2120608654363663
1.463922410690979
1.0980522476621464
1.1821392805037894
1.391303364483505
1.6317444346588494
1.5787103836825627
1.1825493735380557
1.5039318084145865
1.5813653054681263
1.3755055818962196
1.6374290529096596
1.6157652594435858
1.2015416192683348
1.1871624818313526
1.1994814845030943
