2.4534314159673216
1.401551139889948
1.027233111167393
0.9435897848717957
1.4863102747618944
1.468794820273297
1.8801652661814425
0.7230046813939034
0.8967033177437991
1.2998430378877641
1.7727273088909097
1.2000000076000001
1.295454530733471
1.1186722860781049
0.7142857387755105
0.794805188497217
1.283806611794797
1.363000928753369
2.4499999632500007
1.3181818245041323
1.1447811555555554
1.493857505339
0.0
3.520833350711806
1.576036887458005
0.8961038872592344
1.4583333096354167
1.3177192715163437
1.0026041640348307
1.3964194524719227
1.099896464285714
0.7832981040196173
1.094812179155885
1.2131336578586296
1.1810411681973585
1.047619073809524
1.1316176433977077
0.999621235830177
1.6363636125619838
0.7500000189583337
1.3919413985441906
4.634146420582987
1.188819841991359
1.3546874633188482
1.3475177227553945
1.3999999748
1.3625667973444489
0.8592592771821926
2.4040403843995515
1.4968553688382582
1.623931591036599
1.2760224625350145
0.0
1.5338346174119513
1.6460905185185184
1.854545464661157
1.406862768517157
1.180124256697273
1.3112068956887932
1.1924812123071964
1.3420718999262502
1.1056410271354635
1.1834719408641905
0.8399999932800001
0.0
1.9345454928218186
1.4801999232964695
1.4285714346938776
2.0313390850712265
1.180748668519157
1.231578938034349
1.9052271868711685
1.5679999734560002
0.6086419732201647
0.6710526532998617
0.0
1.4999999798076926
