0.0
0.8217391418676749
1.1309523777210884
1.4264151027276613
1.68245546644889
1.5347962806719282
1.0595567807366233
0.9824561333333333
1.9811320941616235
1.3076922986390533
1.6147635203711248
0.9672618990043935
1.8325942518641503
1.0885167612251323
1.3888888999999998
1.5458159212610194
1.8892045738938212
1.4784482434007138
1.6602563700961546
1.7316017080311465
1.309523795952381
1.7722007441010126
0.8057399866954567
3.9740258552066146
1.5818491866115365
1.7333333368
1.6071428424107144
1.5000000183333333
1.0319767528833155
1.2777777961111112
1.870445313283614
0.9600000153600002
1.1764705903114188
1.130232565168199
1.6541353393905818
0.8438356163516607
2.23188402594833
1.4449999855500002
1.5824175283516495
1.297297311322133
0.9655172358858501
0.8341666506658333
1.1775700944484233
2.1800453324365776
2.7999999916
1.0658307543746628
1.540998202535913
0.7885375623787282
1.387096750135276
1.0624999729296878
1.6775599268845318
1.8640350638596495
0.981818199818182
1.2962963325925934
1.2961666782038332
1.2463556846733503
2.2128279880371275
1.1658692507409025
2.8518519120576142
0.46478871910533637
1.6871363774706263
0.8311110876888892
1.4086687558579112
1.4999999812500004
1.0439560245004997
1.1000000247500001
1.8230949348902428
0.7692307599112427
1.3397129123142786
1.762237769179911
0.7727273043388435
1.4831349039093504
1.5555555666666667
1.4540816478862975
0.7201773777661926
1.024242441539945
1.2107660616962823
