0.9439024485865557
1.1829134676757413
1.1448141262633038
0.7004830873976055
0.9625000018046875
1.2612903418290324
1.0643028745187613
1.5945165831880963
1.2286843918383485
0.9521690832537945
1.6216032352704655
0.5003248777741681
1.0270270381300222
0.7953630032911574
0.9957912500467638
1.1818181785950412
0.7263271186137453
1.0758620807586208
0.8266561863920382
1.1855358168379106
0.8363345060856999
1.6706773435011009
1.1040000176640004
0.70655272
1.621052610249308
0.8478260792155009
1.2094861486828334
0.9444444528395062
1.5405405197224253
1.11249999859375
1.9999999625000007
0.7570850231962496
1.0151514797222227
1.0630252400988636
0.8134920648313493
0.96571428148
1.6326530857142858
0.868347355262105
0.25362320759294255
1.4538461583692306
1.2458333104930561
0.942460321073082
0.7407407333333333
1.1052631637119115
0.9121621641179692
1.0053191660479859
1.4814814912551444
0.8348485085068874
0.9265350917728892
1.2212244787255977
1.364545409981819
1.3472942250525195
1.2673834977953524
1.6830143552658765
1.1590908859090912
1.8842975797145016
2.1457528660870815
1.375
0.8875280324592253
1.1501014082744632
0.9002217057036761
1.0242424434141415
1.0412371054575407
0.6666666499999999
0.6826115159283622
0.9243697590459713
0.9099999990900001
0.6153741070293226
1.5877617074467707
1.2047619002244898
1.000917310693064
0.8845763791231082
0.8731545961727734
1.1764253354537118
0.9707241881016426
1.2385714068782145
1.3404750605135614
