1.4037433263551289
4.080645136938085
2.0734127294091715
2.1923077226627226
2.487804855294468
4.333333349999999
1.8164102414398424
0.6875000206250002
0.9935065061511216
0.0
1.9500000083571427
1.0408163093252811
1.8716577749606798
3.278571475408164
2.959064377581821
3.8181818459504133
2.6946745057742385
2.888888912962963
4.042553208691715
1.1064049624854433
0.0
2.010084065947603
2.3750000489843757
4.384615296923078
0.0
0.0
2.4818181273068194
1.2499999718750003
1.557692285325444
1.740659366406594
1.752380949043084
0.0
1.1879483590537847
3.011904824832059
2.350617321635117
0.9655172401307967
2.55863542624829
0.0
0.0
1.399228006281562
2.181034500432521
2.1739130514177694
2.101648374928149
1.3095238198129253
2.248888883041778
0.0
3.000000042857143
3.190909125428926
2.2192982720898744
1.4285714346938776
2.0606060506152435
1.7922077745184688
5.750000115000002
1.502804716480388
1.2172284693430964
2.278651726160839
4.749999905000002
0.0
2.701863383992709
1.88679248006408
1.9891666487401043
1.1666666375000005
2.253012046156917
0.0
1.749999986875
1.7922078340259748
1.7313609652928539
1.4571428421551018
1.9000000221666669
1.5333333245714287
2.722222191975309
1.2864611917777427
1.8782249783064473
1.405555556726852
2.5499999556300006
1.5864750235926919
0.0
