1.3233208967074517
1.1610118281616715
1.2836879377767718
1.033112582997237
1.1523178839594754
1.4262616333256148
1.2025851386050677
0.9865771833502995
1.1232876743103772
1.0812127273393517
1.019139944705694
1.1523178839594754
1.321678321638222
1.186567165092448
1.4026684905387374
1.1638531918190351
1.1972789075422277
1.076618705810517
1.2222222209567901
1.0604026859303635
1.542621985026655
1.2915000018942
1.1043771060954533
1.421591797952931
1.1081081073593866
1.1079136695740386
1.0332907615723432
1.3380281663300932
1.1021897764782354
1.1056338030609005
1.2344827610777644
1.1448275858948869
1.138888889521605
1.3925925974068587
1.247173120025086
1.3172413799733649
1.1482594926534408
1.190575552917337
1.1438356219009196
1.181159420935728
1.0802883408377
1.333904113243573
1.4813868589349992
1.2127659518786782
1.108407674862411
1.4033205634261856
1.320000003936
1.4335405952162121
1.067816679226895
1.0393356637542177
1.1898348561532037
0.9865771833502995
1.2630645177587931
1.1945679056186995
1.136986302293113
1.0977142323005138
1.1217884554582511
1.2550312897398117
1.1294196682064686
1.1791044797126309
1.2089883680640203
1.2526867403256738
1.2785714313744898
1.063694267648992
1.2899659841129854
1.075180931020989
1.1068312784233525
1.3815800956660635
1.1310344846306777
1.1597222252276236
1.229166669988426
1.0979020993857889
1.080291969798071
1.138686126930577
1.172413794078478
1.1415812926479962
1.1425044089789367
