1.416493056342496
1.0697837270360744
1.187919466115941
1.4791666699884258
1.0647482029242792
1.1096866110331594
1.189329186327648
1.041958040955548
1.1635401664061142
1.3892042846304749
1.1608230469025407
1.2808219185775942
1.229166669988426
1.3829787191972234
1.771971072719375
1.0402724564804509
1.3517241387890606
1.3125899290018632
1.253521126191232
1.094594596017166
1.1610118281616715
1.211993242424329
1.083637626478359
1.1638531918190351
1.1000000005466666
1.2676056309561594
1.4503108265239408
1.4113475147195813
1.2394366156516565
1.3582089594252618
1.0699300701706684
1.1824324308226808
1.486301372017264
0.9337748394359897
1.1919465467178367
1.315789472386229
1.523833335568289
1.3427640603293134
1.2770270268398467
1.4344827633398336
1.2689966916580337
1.2058823519953865
1.3001677857584568
1.2953020158236115
1.0718954231814688
0.9654157505089933
1.0544217654819752
1.301587300510801
1.4451601380673218
1.3415441138986268
1.1354688035571159
1.2262773716074378
1.1059210505943557
1.085704058803317
1.0413793094478
1.3596006396739146
1.1000823066801209
1.0123456745359871
1.2923561810145923
1.3357664229644626
1.3659732855232145
1.492272520428417
1.1258741228666438
1.322580646867846
1.0110544199804479
1.2030774742595314
1.6802126187112292
1.3527153982615683
1.4429703339787794
1.2827586211576694
0.9492753645148078
1.154929575512795
1.1862069009978595
1.2222222209567901
1.5531914865157688
1.303568409735804
1.6641298862030955
