1.8938244728652742
1.0023668615501138
0.9005847764912285
1.1623931543458252
1.3287841169022652
0.8833474133331167
1.5350877396583567
1.5888501826446844
0.5551020371911705
1.5750000157500001
0.9920634999999998
0.657142839619048
1.4807691977884623
2.2967033329670334
1.894736919838059
1.4571428421551018
1.3632478702991453
2.5591397306971913
1.813333349451852
1.7440000119040002
0.9947368540421051
2.2022200655222135
0.8799171785714285
0.9831932483934752
0.38345866330035644
1.2036858631270961
1.1444015501473441
1.388888936419754
2.1660231087060433
1.519756867231456
1.5632183784383673
0.9715909148321281
0.0
1.96969695
1.3257576027146467
1.0106383021729288
0.9191919166850321
0.9743589451282056
0.6431663438766676
0.9824561578024009
1.4507725335139485
1.3122806690489386
1.5246212092211175
1.8612245085411079
1.1323529130854078
1.357142820129871
1.5888889150092598
1.5644409980530989
1.219565174007562
1.3160541625741802
1.0560770796495462
1.911764703183391
0.8119658198772736
1.3254237385527148
1.6822916850358076
1.3181818217768595
2.1388889627777794
0.9400123852858028
1.1846153736804736
1.1309523851438492
0.7322901845349276
1.0363636446545457
1.319008277367393
3.3529411823875432
1.4733333493133336
1.2731481477301956
1.7347826078875237
1.2629520914123546
0.7772727318657026
1.3131313
1.3974683742425897
1.239187998635121
2.25806449099896
1.8939515891812568
1.4572649499050334
1.050000002625
0.8163265357142856
