1.2670138895927856
1.5112874786638197
1.3655172457084424
1.2119205344405948
1.2642857193479593
1.4816726890530225
1.4903978056891098
1.3333333313947988
1.3883597907212395
1.312558535275959
1.3079210605274258
1.2847222223804013
1.6071428606989795
1.2400000002186669
1.2723560647385241
0.0
1.614285716712245
1.6006849358922877
1.4710144944328924
1.321678321638222
1.257372020654703
1.6727430564848573
1.2308375512452068
1.511858349057103
1.6551724174982163
1.515384616112426
1.2706683714824856
1.419580421024011
1.3455882332990916
1.4609929025220059
1.4335664327644384
1.4539473650848336
1.4117646991435986
1.1000000005466666
1.3035897429785983
1.6056337972862527
1.6937943214360445
1.3180876640207064
1.4676259014875006
1.3472222238040124
1.2742812722941084
1.094727889220209
1.135810810043371
1.0573248367057486
1.496187358760653
1.5050205784740303
0.9810126560927735
1.435951312238436
1.5318388520466126
1.07315436284825
1.4543557626123567
1.2430555566628088
1.150766870036057
1.3810808654623228
1.4335664327644384
1.2553882961787919
1.2061991011171656
1.4385964903762696
1.501757832918331
1.3970588191846887
1.2863640560041012
1.254738306470865
1.25
1.432624106999648
1.2632042232171197
1.2813606132691688
1.714337204984276
1.1228405383802316
1.3400834907482615
1.4214285750683673
1.2167832163822192
1.2132352895512544
1.395683455104808
1.3767123313060612
1.5182481752261707
1.5961070553931127
1.9249906429924384
