2.269841260899471
1.1596899351808185
2.290909107570248
1.4615384176923085
2.5768518422862656
1.9538670739383146
1.6434782556469567
3.7514518664882024
1.5812499804814455
2.108333294131511
1.6609548066732973
0.9548229372289088
1.1642156666666668
1.091079051844201
0.6824833604486507
1.633136049951753
1.5792208120613935
3.14285716
2.159090918087121
2.190476217006803
1.2986111170138888
2.364423653791735
2.7631579092797787
1.561224517303207
1.1193824224876152
1.0533333200853332
1.4015151412405304
2.3461246187603066
1.9883720796133044
1.2895974453114207
1.4292282482885454
1.5692307732659339
1.3986111379837964
1.6289925814436559
3.0709677170988554
1.5470723353055331
4.621621600387144
2.2526219668543677
1.0166113168407636
1.6734374743754885
1.5059523942549604
1.884920663463719
1.9134198864803886
1.5863248134753452
1.469751577326504
1.9736842367036014
2.6666666500000002
1.5749999826428571
1.1111111
1.491486276404915
2.888888912962963
1.582610041144225
1.2409090999338843
2.504464322544643
1.68421052
1.142857118367347
1.5255102388875734
2.333333307407408
2.06249999015625
1.8538324589930448
1.5722600968188531
0.0
1.0045977051407056
1.8740740568950616
2.472727260738292
1.034858406224102
1.1782805726856538
1.809523755238096
0.9214046550748878
1.2163243542236049
1.3022058651977941
1.7137255128470592
1.1431506031437206
1.283925980895919
2.2000000330000007
1.1965811923076923
1.272916667953125
