1.7162573143564446
1.1661971686443167
1.2999999902500001
1.4945055215215555
2.1935483531321545
1.6666666499999998
2.3193277403015324
2.1325670719363194
2.379310316932224
1.3888889000000002
2.6415094720897123
5.516129023361082
1.7816901476205118
1.9582664274352086
2.0399999755200002
0.0
2.4455297262783224
2.719999991296
1.86440676108015
1.8844537763111715
3.347826057183365
1.578947382631579
1.7665289183931254
3.0810810823301678
1.9615384675739647
3.1372549310265283
3.1694914703447297
2.0162601704699585
2.0816326691195335
2.1777003705277473
0.0
0.0
2.6508197129798448
0.95238096
1.9690908956181823
1.7665289183931254
0.7941818052706909
1.2650000010541667
1.7358489986329666
1.6799999865600002
2.020202037037037
1.7422360398224415
1.8181818076923075
1.6653061178099124
1.5524193579936265
0.0
1.7225274255494516
1.4814814613168727
1.8333333516666668
1.7922077745184688
1.8095238224489798
1.046938766750104
1.6666666499999998
2.109890101601256
1.8095238002915452
2.2722973022624178
1.8695014638151546
1.8675889288365697
2.651162786073553
1.6634474805366932
1.256446387179032
0.8214285608673471
1.2612903141425598
1.4281193113842228
0.8814814425283959
1.9930069332167843
2.1116625225118066
2.2500000225
1.4540816478862975
1.8436657663677973
1.9074315282732643
1.6306122768658895
2.849999943000001
1.7881423312823512
2.1428571107142864
1.4141414192837467
1.8627451163014228
