2.6025640907667658
1.1722488166960465
1.5509578863612103
1.1513157615542766
1.2196969567045457
2.82051279122288
1.408045961613159
1.1561264855484188
1.0110786987031595
2.0
1.3255709610266075
1.3257575601136367
1.5123456665294928
1.7083636441335273
2.092307698745562
1.5663390412945752
2.0606060506152435
1.9013665909090909
1.2881355757540938
1.5508772071726689
1.4166666383333335
1.909090904752066
1.4550339321631351
1.4055555764827163
2.531868184509891
1.597676111111111
1.8045342945644403
1.1578947389750691
1.4075187876928035
1.2419354640400626
1.0390624914416504
0.8402948280310778
1.5851244395867778
1.80685358350016
1.285714248979593
1.292517012803693
0.8730158749559083
2.1949152124303373
1.407407365185186
1.0505050355499441
1.7454545559272727
1.0363636554421487
2.659090929940599
1.457746487656219
1.2827324678704783
2.310810800193572
2.6666666666666665
1.03999999844
1.4047618776190482
0.839181267412281
2.2633927824944213
1.7037036921810702
1.2358024329355286
1.0643274685749462
0.9516746675601867
1.0893246296296295
2.2895622870183314
1.7691387803025058
1.7586207060285375
1.49931067792134
1.056105613305885
1.242807851174783
1.6203522780870174
1.384615352307693
1.1657142586697142
1.3571428164285722
1.3787878443181825
1.5
2.0396518439985187
1.5438786669632094
2.211640232464097
1.7257318838160403
1.5942769824182053
1.9663865686674669
1.4798077002411056
1.5630747107697434
1.3447909024016125
