0.9894097227718943
1.0340388033489292
1.2043795589418722
1.4897959172289323
1.1805555552391978
0.9133012820274639
0.998285323054603
1.067567567792184
1.1177983528432214
1.0199005004655826
0.9912551441618084
1.2720588214457178
1.076388888097994
0.9191176421377596
1.0652898025113082
1.012345680840192
0.9860139882595725
1.0886206914570273
1.099290775604849
1.0942028953213612
1.0257542342369974
0.922500001353
1.1363063740446282
1.0192323803741468
1.0657894738261773
1.0909090877813097
0.9365919214726945
1.047619045494007
0.9790209766550931
1.0780141833247825
1.0597014952773445
1.0709219800824907
1.09219857817816
1.0625000014236112
1.0113599478380355
0.9121621596539445
1.2095000017739332
0.9503653275707824
0.9681528661755041
0.9300699298293315
1.0997424285609656
1.0938432845616508
1.179856115956731
1.0808823518328288
0.9339245329285784
1.1380161795387855
1.0758620682634958
1.0602268945539008
0.998087286482106
0.9688356190927004
1.0821626259290968
0.9374999985763889
1.043865029650194
1.0756172851808985
1.0270270282249818
0.8957863738240723
0.938598644216341
1.0816844294018753
0.9912551441618084
0.9420289829237556
0.8628718181998141
1.3856930180547715
1.1194029844352862
1.0206896575514863
1.3830479489946519
1.1129098242576538
1.0685871062881038
1.0834334257054352
1.0936289046671652
1.048611109054784
0.9513888909452162
0.9352517970757207
0.9583333342824074
1.0
1.0642857158336736
1.0747505543143852
0.9920987642550781
