1.1923469366665973
1.0343531928836145
1.173611111902006
1.011904759987245
1.1972789075422277
1.0723076930393847
1.1599794261999885
1.035211267686967
1.0335837020791139
0.9651028827488176
1.1185357823113085
1.2275862104456599
1.0283687897067553
1.0863309332995186
1.101959429320437
1.183446357436429
0.9714285759469388
1.1381034501596197
1.1942446028735572
1.0
1.173248307985658
1.1061151087094352
1.1157970599600338
1.2396069504605591
1.1205673737005182
1.0563380248343583
1.0479916490738168
0.9794520580258961
0.9929577476175363
1.1319444461844137
1.0408163255060392
1.1543624189883337
1.1785714296173468
1.1690140802777227
1.0851943762389606
1.0699300701706684
0.9865625011098829
1.0972977651203928
1.061224485469943
1.1773049589296312
1.0265043611040534
1.0668367328069555
1.159671530984469
1.1597222252276236
1.0195254328524102
1.1031077049982472
1.0764331190896181
1.1510231746603377
1.1434408008226191
1.1201785735089032
1.2048339381045061
1.1214285756540816
1.634459458355095
1.0123456819514138
1.3125000014236112
1.0864135025267398
1.2254710837951848
1.1856925444813495
1.1107681739504267
1.0909090886501378
1.3400834907482615
1.4521924221277667
1.1063829730315378
1.2614379093374344
1.1666118399562413
1.248805979746443
1.012345680840192
1.0024276100066511
0.9981869972038114
1.201438852231251
1.0347222223804013
1.0070422523824638
1.0642857158336736
0.9931034493678953
1.2061068679832179
1.0681992361128816
1.2061991011171656
