1.3281690118397143
1.2832550826198506
1.2152777776195989
1.5890410987370989
1.4041095928879714
1.33019361098061
1.4271262013484036
1.3611111104783953
1.2272957950062897
1.3822412189590183
1.3216735236509298
1.400000004524138
1.6382978672672401
1.137681161099559
1.427215188431786
1.5527193873292437
1.3142857172979592
1.1683566427030172
1.3985507260586012
1.1780821974741977
1.40072986910701
1.2132653039765375
1.4521924221277667
1.0507891859043639
1.2925170041084733
1.2992700725121211
1.326993660319599
1.4184397121462704
1.380281686399524
1.3873239387819878
1.3383458659132796
1.2818791936705554
1.2898550734971646
1.2714285753612247
1.173691608558059
1.3082191801595047
1.6810000024654668
1.6682316097156649
1.5517241410511295
1.3971631140506011
1.279894185091232
1.2475328924387552
1.336956521157845
1.4133333334062224
1.2105672092528295
1.578692911284647
1.443661969390994
1.3830638135779205
1.2947005915876044
1.179452058025896
1.4011936897513484
1.1366906493069717
1.3228040531602676
1.2637779374401743
1.7152777776195987
1.239803094994335
1.1588693945757669
1.0812127273393517
1.198286721009833
1.0559440526959754
1.2636371582591854
1.4704875147189251
1.2965517280770509
1.4437086154212535
1.7292516976217318
1.3901930090588286
1.421591797952931
1.2583665723516892
1.609556799143566
1.1492537320739586
1.2937062924231015
1.2380952386264983
1.2916666657175926
1.3611111104783953
1.3943661969390995
1.4371061032519685
1.2333507200281395
