1.072516558990439
1.1018728448538304
1.6713286724915644
1.5479452091724528
1.4822695006176752
1.2857406394861444
1.0479916490738168
1.3541666671412036
1.3713335037692667
1.2349181296881755
1.115047414152878
1.1959459477054422
1.1942446028735572
0.9583333342824074
1.237038327361749
1.1931216970729404
1.1319444461844137
1.3544642882297193
1.1319444461844137
1.300699298293315
1.289700665177262
1.189598538235681
1.4795821433680658
1.244911577266952
1.296296298096022
1.0500000038071429
1.0123456791539325
1.3188405820352866
1.431506854469882
1.1407407428104253
0.9797297274461286
1.2162162147187727
1.111111110478395
1.335616441741415
1.2229199337553796
1.1408450707478675
1.5834482784829487
1.223251030540695
1.431506854469882
1.1292516965060853
1.2995359381573448
1.2527777784737655
1.352721086042806
1.3185185228828533
1.2205586154026704
1.2418107023546558
1.4240506321559043
1.2058823495717994
1.1970303644614662
0.9971088417738211
1.3644659167980582
0.971631204477642
1.3197712407949507
1.3402886406924701
1.0204081599639039
1.3584232439027208
1.076963484178827
1.507899507268308
1.2350617306114238
1.2318840564209201
1.0701940032732176
1.5470352980895177
1.0833333314351852
1.3900709166239125
1.3387755078361794
1.2794924559886072
1.019425020128993
1.2670449611316605
1.2692095066589935
1.1374045765689647
1.1338028125907558
1.0833333314351852
1.0416666657175926
1.0833333314351852
1.598591544903789
1.3255173646946168
1.1737341189099706
