1.2319999761440001
1.2295246001248594
1.759259236454047
2.7631579092797787
1.2053571224330362
1.1666666818333333
1.2214319670811067
1.3034482767609987
1.0857143215428577
1.4940170631689682
0.715909089256993
0.9750000246458336
0.9172473826207825
1.0092764211639091
0.24504506047626026
1.567209178065939
1.0082677931034483
1.9691119470792031
1.3937247290802794
3.563636441272729
0.6538461675769232
1.7538461187692316
0.9587923144326475
1.3963636543418183
1.604692074508561
1.6847826082561437
1.0989899073988367
0.8634920726409674
1.8220096033180562
1.95555556
1.434065923045526
1.3421052663365651
1.5696594429375343
1.939110100880716
1.885714288857143
1.507936537592593
2.6249999835937503
0.6382978704391127
1.8571428460000003
0.8999999844000002
1.3636363329545458
1.6161616363636364
1.2286324583333335
1.645161266441207
1.7437908356247598
1.8666667273333346
1.3096296067279019
1.5594059367032644
1.2522727753698877
1.9843137428396773
1.0131578929832996
1.2980769212740384
0.6329670429362637
1.4662756834358153
0.2642276579045213
1.4473684135872578
2.022222276148149
1.1428571734693882
1.4431238960786468
1.100096715159317
1.550561788693347
0.7450980418454441
2.1230768904142017
0.0
0.8119658198772736
1.0699005026505903
1.7493271754526543
1.8158242272321765
1.4069263745853717
1.0897435856755424
1.222222222222222
0.824823234851274
1.465397948971352
1.4461538333333332
0.7099514532916626
1.228070169621422
1.206557407163666
