1.1313131152076321
0.8784313789725489
1.0352563992948722
0.47979093931027444
1.208888891911111
1.2638581020658701
1.1504821624143329
0.8780276750356197
1.6689560416380496
1.273439431124648
0.788372499643527
0.9730639908716798
1.2090909068636366
1.844919766986474
1.5632184053587002
0.6897993204238488
1.2279530204706424
0.8016194184366243
1.1057874441002025
1.730909045740607
1.0332383586267233
1.1195121792849496
1.2350000222300004
1.3571428164285722
1.4017094258514138
1.4846405405153593
1.4505494084530859
1.2765252023988154
1.1538461666666666
1.3328282806069023
1.0558069340787795
0.9243431555555555
1.3434343668135906
1.6802720753436073
1.1623931543458252
0.7459016520424617
0.5264462961014276
0.8774193412528619
0.6854256834673262
1.4429708609677134
1.7929687225451665
0.9756338901743264
0.8088235333333333
1.1544513538356285
0.8560150605841033
1.1451157587805953
0.8749999945312501
0.9007846701178636
2.722222191975309
1.2580542290518582
1.11842107541205
1.4571428304285718
1.2592592956378603
1.233870962169615
1.0063105551288927
0.8636976923076923
0.6533333467733332
1.1351350971365968
2.057017567141813
1.7630662082183226
1.2533692906041805
0.9163636366690908
1.0740740834722222
1.1494252806975822
0.28787877924242444
2.176470569342561
0.8904109772002256
1.9230769166666666
1.015947460124468
1.553571427924107
1.4063636503148762
1.5486542493309159
0.9883720948620877
1.4421252357071102
1.2925169780508123
1.0452961956743438
1.446537240503179
