1.3714788709214443
1.3025514425770754
1.526666670639111
1.4496644293085896
2.3913043444675486
1.5396195221156381
1.4493294243520354
1.4413793139719382
1.794939140298045
1.3347965251388374
0.0
1.3862068976047561
1.2957746462606625
1.2056737544519893
1.17721519
1.3638545970076972
1.2056737544519893
1.6612068993013078
1.638888889521605
1.2857142841205054
1.3222474149402426
1.6708904155366862
1.3207423817343187
1.3743765888891595
1.366666668671111
1.5467625913286063
1.5470352980895177
1.3888888895216052
1.3165467652637026
1.818840579064272
1.5886524794648156
1.3172413799733649
1.7071428624561225
1.6293706258017506
1.4088609802292256
1.4125874094195314
1.648601397679104
1.5219618675121762
1.3698630173146933
1.3405797089823568
1.4539729899814655
1.4829787191972232
1.4486666687913778
1.2162162147187727
1.4187097852078145
1.401709398376666
1.6482758668661117
1.2672019313190477
1.7532653395275657
1.2543706286688836
1.5495086908648146
1.1862069009978595
1.6568493196078065
1.6241229251972105
1.4890510936672172
0.0
1.554910029760855
1.5870967762414152
1.5405260310693367
1.2071428595275508
1.3818149055182534
1.8618665273500048
1.3812949622887012
1.435714287094898
1.6621621610390798
1.5684228787575951
1.274805671236634
1.618659820213337
1.7680403406737346
1.401408449321563
1.098591544903789
1.201388890945216
1.3916083918088902
1.1448275858948869
1.5434782628071833
1.359435626096095
1.1984386307690686
