1.179361180317418
0.779381433014348
1.158424899870386
1.0340909275852275
0.8863636389204546
0.7638888978009258
1.1870689884399528
1.0915940274950802
0.9253637185601072
1.0518934200244312
1.5009868180104748
1.6729559773228908
1.0961538252847636
1.119047607142857
0.8462222436920888
1.0013175261041418
1.2064000086786562
0.9942438531317079
0.9162776344451854
0.7887501590043614
0.7050092672144181
0.6349206222222222
1.452941169435294
0.6710875218174333
0.5347222259085649
0.910541308894587
1.5789473967007075
0.9771428855885718
1.0144603913042773
0.9236453134544336
0.9019607767973857
0.8315565347993513
0.6282051205769232
1.6993788796786389
1.2584415489580874
0.8006535744371825
0.4191176289381488
0.5666666723333332
0.7446808786328659
0.6392045460472624
1.553246778337663
0.710553820617591
0.7071428408571432
1.0
0.889298040455871
1.2133333282933334
1.89999998575
1.075324657812245
1.3818181928727273
0.8659226121237676
1.4685314615893197
1.0729508235831766
1.714285705714286
0.4489795802915452
1.3297273103448275
1.25
0.7857142916071428
2.02991452533421
1.3264957333333334
0.9558823553308823
1.2567191776298894
0.7206896544857312
0.9877894655804631
0.3285714389761903
0.0
0.758188153610606
1.736111102334105
1.6485507557451171
0.8724489975393588
0.9824104883373458
1.1615487561215578
1.1569979562405541
1.527777805277778
1.120673089385517
0.8689839727587294
0.8744318233489153
0.5609756196073765
