2.2093023283558675
0.0
2.700000027
1.0108107730357934
1.4876033350864015
1.7237945111125952
1.4651162484045432
0.859195422479687
1.0499999842500003
1.5041666822526043
1.2695312301635746
1.9811320941616235
0.9616724859471403
2.1756757065084007
1.112727280738909
0.0
1.0658016582877945
2.5850339948771346
3.3428571333061226
1.6931216888888887
1.4551440514531324
0.7924528203203988
1.0012804067446934
1.2749999799187501
1.6658436045864964
0.9162978003859211
1.6121211741212131
0.0
0.716981128017088
1.218487407167573
1.5756097776632958
0.0
1.035439137408268
0.9440298663861665
3.0555556234567915
0.830075199353813
0.0
3.7916667203819454
0.7364341215431764
1.0206379003669979
0.7796610177420281
0.0
1.2931034407847801
1.715686308419839
2.4428571759714295
1.4751553105455042
2.0931774507332053
0.0
2.0597015195901096
0.8845528514074955
0.8076922999260356
1.52380952
1.2571428609142856
0.6096256706008178
1.12500001125
0.852130346983248
1.518610426367566
2.7941176224048445
0.11607144162946419
0.5770992309142825
0.7954545441115702
1.5555555382716053
1.2743243464002925
0.8895348888926448
1.3968253714285717
1.0714285666666667
1.6551723909631395
1.9615384675739647
1.5569023753206137
1.5632515994432061
0.7880184161483574
1.617454077186538
3.4666666782222224
1.1106811268983217
0.0
0.0
1.105454561898182
