1.2636986335991744
1.4857447394861474
1.680272104783192
1.3873239387819878
1.8108108079656684
1.1664910481273727
1.3893571736099704
1.3129251696506086
1.7265347563740678
1.3659732855232145
1.2388845731530715
1.49999999722973
1.2753623162570888
1.269503542923394
1.5251872900915053
1.2272957950062897
1.1103448270791914
1.635787675714487
1.4172661854800477
1.5442176827109075
1.1799063433322587
1.2812499991342907
1.7217265900818988
1.3520589927592184
1.321678321638222
1.3541666671412036
1.391114467743607
1.2550335548677987
1.4100719420216346
1.2463768136609956
1.26530611857837
1.1589403994728302
1.2482758623419739
1.699300695972419
0.0
1.3557046962506194
1.2379870133085682
1.381715047174517
1.317567566407049
1.3125000014236112
1.10558804427918
1.5482517473855935
1.9401785750317602
1.4652777776195989
1.3798410300817563
1.0258436229712373
1.385135134199233
1.377087869975784
1.347514182467896
1.1616666683704444
1.1810699571839278
1.2887323938781987
1.876858106839961
1.463709993891
1.3958333328587964
1.51310393490743
1.4027273446514557
1.5331901922319464
1.0599055457959352
1.11594202821046
1.615445229176042
0.0
1.6408450649732196
1.2582781484645411
1.4482258083202912
1.5478618699067266
1.3566809441310406
1.5457608580904754
1.430026762276908
1.2380952386264983
1.2867132865528876
1.1223021564908648
1.4999999969852942
1.5714285747755101
1.372262773416804
1.3970370415156546
1.3544487047246048
