1.6951296992919958
1.5848083552680505
2.9970030544909645
1.2047619238373015
1.7586207060285375
1.9555555989037048
2.1882613670040434
1.2198253597311814
1.4999999760937504
1.1166666830277778
3.1499999446562503
1.5518072280342576
1.4661653845666802
1.6140351136189315
1.9542483238626174
1.7013888831163195
1.693798472500451
1.6666666499999998
2.3571428702380954
1.3856197722699406
1.2117945386430695
2.2666666183111124
1.7788461576322114
2.758064511680541
2.665847609927619
1.32920535387703
1.3172514468274856
1.7951219356216541
1.4198286558580742
2.2749999829374996
2.036217306475756
1.989966565261015
1.4417613881525218
1.54985751210461
2.9333333333333336
1.0111110998333337
1.7647059
1.9499525120484098
1.591836735451895
1.3554817346148498
1.73333329962963
1.0606060506152433
2.3809523846153846
1.484737446310385
1.185225230855661
0.9876543111111111
4.750000074218752
1.4702380613095245
2.4761904814965985
2.072072104329194
1.6010638421457675
1.710904441370701
2.63999996832
1.172747247778964
2.405977630766817
1.3843454147158325
2.699521555087429
1.4743589369329393
1.2999999755000005
2.1890096430673704
1.0689654962306778
1.144796403828188
1.0754314411792987
1.3986013630984404
1.7333333391111112
1.3749665356701604
2.42857144
0.6521738971644613
1.3566790116015712
1.991379318928359
2.374269001969837
0.0
2.6761005750403477
2.7537662506187752
1.68552568734041
1.416121988594512
1.3334979625449668
