2.5299145339381988
1.119298263563509
2.24264705
3.177777861051854
2.3933823388624567
1.6666666358974365
1.4075268816002429
2.708333303240741
1.36354166019987
1.6235294222698964
1.9076087028260869
4.685185079334707
2.409523838093878
1.9788359714688837
1.714285727142857
2.857142912244899
1.510416669852702
2.7804878523497925
1.6402366889980882
1.9499999664000003
4.387096706264309
2.354124727406694
1.8688524484466544
1.9431818296642562
1.5295358769561502
1.611607150218431
1.4376811410846464
2.702702679693207
1.845678987825789
1.2478485196171953
2.0026350522082836
4.277777846697532
2.5083333249916664
3.0789473635595566
2.3353534896455477
0.7147335433466653
2.3502304229344433
1.7299144860013156
1.1522910934775978
1.8461538177514798
1.6322580547752341
1.8378377841928424
2.13333332
1.2820512725838265
1.4347826072400756
1.4268775077418807
1.6888888551111119
1.8765431738225886
1.9230769199704143
2.5231637790753627
0.8139535235803145
2.5142856741224495
0.0
1.3920903878709185
1.4908008785057205
1.8133333093973332
1.529411735017301
2.7529411505605537
1.854545425336364
2.6888889035555557
1.9607954351898085
1.0388888936111111
1.5556992270166592
1.5576923405769234
1.2749999799187501
2.50253294256397
1.720647812113787
1.558974386061539
2.086956485444235
2.30496454440169
1.721014481293321
2.121819502018204
1.6847290383811793
1.5288461493195267
0.5779816596481777
1.3131312854096524
0.9047619021768706
