1.4236111119020063
1.1361577436950774
1.5608108093508035
1.1623376630291786
1.6666666666666667
0.0
1.2459639141281322
1.4751773031909863
1.7016023090734687
1.3842277619054473
1.4130658435628143
1.3013698661681368
1.3049645358724409
1.2040816331084272
1.7322491463460574
1.4075765304317165
1.1958041930373124
1.07315436284825
1.2836879377767718
1.5306122427349715
1.6553219869896474
1.4706521732736295
1.5042601252040675
1.3680346990756524
1.3884892116463952
1.383561645297429
1.4493294243520354
1.3426573392488628
1.2275862104456599
1.3453237390973551
1.279720280682674
1.5241379328675386
1.5664335672355616
1.5277777790432099
1.4447066202996743
1.3239436615651656
1.586643839963408
1.359435626096095
1.4897959172289323
1.2344827610777644
1.4442798382516104
1.439361698044364
1.224496644788388
1.3945578206626867
1.4862096122377033
1.3970370415156546
1.429530204334039
1.3947873851151145
1.2297622004952062
1.1755244748668394
1.4304884603925412
1.1586206928142686
0.0
1.4312473430586161
1.2133333377795557
0.0
0.9984779339684328
1.599930934209829
1.2287782076890124
1.6304347824795211
1.3910649260367374
1.5848446197266393
1.2352941155190311
1.5068493196078063
1.5143548406636835
1.383781863009915
0.0
0.0
1.7404025065490478
1.1678321695564575
1.3356643333786493
1.4014598489903562
1.4755244737199864
1.2027027033765523
1.398601397679104
1.9680566362416467
1.287813891327676
