1.3276845642930273
1.4291938955654875
1.4785714290316325
1.4166666692948717
1.1914893595986118
1.4688125097338651
1.2061991011171656
1.2244897930723309
1.2148148153817284
1.065627027510687
1.2823045287336687
1.1554054025976992
1.3333333353580248
1.4921874980480956
1.0379746864076822
1.0193758597329867
1.2826086978481412
0.5578231282650747
1.3055555580864198
1.509554135969005
1.1322287167301048
1.424822690993411
1.3798410300817563
1.1519795693550006
1.076388888097994
1.4685314678497725
1.1799063433322587
1.1351351355843682
1.279720280682674
1.4460431652129806
1.187499998576389
1.1830985908172982
1.6884057936137364
1.1151079130324517
1.442143328199818
1.160839157951978
1.6187931061276575
1.2846317612987008
1.3266666695457778
1.435714287094898
1.5115846455111908
1.37548387274256
1.7083333368765432
1.23287671502158
0.9520071973626671
1.1598397548393318
1.0273972615819102
1.4512647852020895
1.3744255204206304
0.9886524794648156
1.1620587709937036
1.0890410987370989
1.4921768681090748
1.2064941697438196
0.9328859057447864
1.4245307739440507
1.118908377807274
1.0391627873833236
1.4606701964269588
1.3185185228828533
1.3232804261718065
1.7873137550962435
1.035460987133444
1.1139240478737382
1.564473681328601
1.1540740751593086
1.093333334936889
1.0952422536748836
1.1318587106288105
1.0579710111342155
1.1020408165542135
1.304347824795211
1.3900709166239125
1.1575342498836554
1.5102040771928364
1.425838980688723
1.3305114673280927
