4.0714284900000015
1.4755077382324229
0.0
3.33333332
1.0
1.4444444500617282
1.369148937401652
0.0
1.208450695869867
1.38562092
1.7608695498629492
1.5661016667785126
1.4426229694436983
1.3553555810287894
0.7777777648148146
0.8904109772002256
1.8749999765625003
0.0
0.7360000011776
4.0
1.4062499849609378
3.6382978878225445
0.0
0.8502024400010656
1.388888875
0.0
0.0
2.109090945745455
1.4094915001006614
1.8046874808251956
2.1857142714402333
1.2666666768000001
0.0
1.7365491558176516
4.200000084000002
1.5569230529704146
0.0
2.333333380000001
3.3333333499999998
3.204225329547709
2.0394088498827925
1.9047618857142858
0.0
2.785714364642859
1.3619318266774276
0.0
2.5362318933207306
1.9340659626739929
2.084210510958449
1.5375000221484378
3.124999948437501
1.6615384667076922
0.0
3.4541063020373874
3.518518472908094
1.2962962689300415
3.487179515345168
1.90476191292517
3.4469697082506885
1.9515151418505052
1.2833333068645836
0.0
1.5739645037323622
0.9333333286666666
0.0
1.2439024089886976
2.2479338921312295
1.1637930822235436
1.8981693113123073
2.0712945695822085
2.4750000247500004
2.081081093736304
1.744186026230395
1.6731855518037853
0.0
4.615384544378699
1.5064327422412822
