1.5714285714285714
1.2851458876166193
4.6636362703636385
1.3235293836591695
0.9777777997777779
2.527777722761439
1.6075268560518559
0.9058823561384084
0.7233273129535103
1.6470588314705883
1.4702702893440471
0.9870130161747347
2.47500002475
2.4621212314264804
1.1796296421280867
1.0937499931640626
3.4363636482347104
0.9176470501868513
1.2115384675739647
1.9329445967644434
1.2906162593538886
4.1818182137520665
2.136363642871901
1.1447811483889399
1.4912790597099783
1.7380171734740535
2.5999999832
0.9965034884548145
3.7317072642831652
0.9565217349716447
1.412872863041041
0.5911111386400005
1.9833333276666667
1.8131868331318681
2.2792022666666663
1.7608897016760277
2.0833333499999998
1.4397163200211258
1.0685514696080198
1.208888891911111
1.3909091114008265
1.9246753445009277
1.534615393296923
1.75
1.426691719436585
1.174825135771921
2.295082021230853
1.6982248635411923
1.6
1.4672153466724558
1.2046620032151099
1.588157891868092
2.7500000350000007
2.9914529999287747
1.2568306012631014
1.9515152044848496
1.9103313992527615
0.8889705895544118
1.6363636363636362
1.2320000177408004
1.3714285557551023
1.7187499767578127
1.4075304768755315
0.6071428618265305
1.145454524836364
2.4428570940000007
0.0
1.2127659504798551
1.0916179333333333
2.107774985515814
1.598684216088989
1.236246494565976
1.8333333516666668
1.7937545509191624
0.0
0.4340425458497057
1.205940608148613
