0.9906040272445386
1.257988375161503
1.276595740350083
1.316901403408054
1.3263888880979937
1.07162944951178
1.0816844294018753
1.1449275367485823
0.9695705103331204
1.0328661983561715
1.1453546003505255
1.2708333357060184
1.1586206928142686
1.057553959465866
1.2553882961787919
1.1729246484241511
1.1925925925475995
1.1602430562001351
1.128571431667347
0.9657534300431602
1.1725730529299085
1.1011824316883903
1.0722871969721026
1.2636371582591854
1.1523178839594754
0.9659863944819288
1.0997424285609656
1.1180555538155865
1.1333333365728395
0.9720279707848795
1.1267605602082922
1.1294964058485584
1.2027972046417916
1.1448275858948869
1.0226757332932266
1.1048951052560028
1.2653448296805707
1.268899039914792
1.1328671344711232
1.1360544220722848
1.0841432413215795
1.2551020385964182
1.095689656985969
1.1118421033466066
1.250970020466087
1.3005829926669907
1.1712328778663914
1.1931216970729404
1.2064941697438196
1.1485815570253006
1.1680911691367322
1.1126760554433646
1.3465686263948482
1.310094404724109
1.1654676290399046
1.270248735932728
1.3331594509862095
1.4622770901179316
0.9444030148769409
0.9637681158128544
1.0269118041920227
1.1478003800318868
1.100000001757143
1.2411347474010361
1.4583892623322372
1.1278482087763149
1.1663982800725805
1.1745502977047757
1.2846317612987008
1.0281690095298552
1.2238805981109377
1.1439393893273646
1.2112676061218013
0.9271523184921714
1.2608695649590422
1.1868880382403664
1.250970020466087
