1.1714285736040817
1.250970020466087
1.4344827633398336
1.0915032693399975
1.3071428612846938
1.1227978335243032
1.417283953242401
1.2773722598465553
1.2297622004952062
1.3520589927592184
1.067816679226895
1.2056737544519893
1.6811594179647134
1.4335664327644384
1.34195298592077
1.0193273774113003
1.1499999997071428
1.352127655738645
1.3793103469726518
1.2430555566628088
1.476337447903521
1.2426369897058547
1.46389555040568
1.1856925444813495
1.1172413833664685
1.1172413833664685
1.434156380241198
1.3310344868927468
1.1180555538155865
1.302158272447596
1.0
1.151724142182164
1.173611111902006
1.3125000014236112
1.3192559056319562
1.4748201449459137
1.1350671145510338
1.3522573651277618
1.44202898589477
1.2430555566628088
1.3067156953000973
1.410234899896739
1.4466312015698404
1.5170068027590355
1.1256151232863691
1.2067696854210097
1.63636363740623
1.4873694232785448
1.2689966916580337
1.0987410079847058
1.1945679056186995
1.1459854018093665
1.4403594759944893
1.0730864197071934
1.1594202880466289
1.54146986615654
1.2350617306114238
1.2324208236670635
1.3253736149269433
1.3028168986431266
1.2724622770958125
1.2349181296881755
1.1142857137836735
1.3918918898703434
1.3403846146347498
1.2654320982030178
1.2533803621368784
1.0040539406504152
1.8149911837992692
1.157142861577551
1.0791366898411054
1.3142857172979592
1.3333333375710594
1.1231884038594833
1.2275862104456599
1.3521540172855082
1.5896990728766094
