2.1784896490697454
1.0373533455147101
1.6233766517625237
1.1052631637119115
1.2764590993507674
1.3204063110375668
1.2352941236418686
0.7996153885519527
1.0909091070247936
1.36263736
1.3315217064276759
0.7965367999999999
0.7763157780851802
1.1900871160544262
0.8913043656899811
0.8105263401052635
0.8654275738687076
1.2329748841345824
1.5220588470566612
1.9066667068800003
0.6345083269243879
1.47058825
0.8624999841875003
1.3884615253076924
1.6727941386374083
1.5447154578623836
1.3989441846255366
0.9610636373008863
1.637999998362
1.4560000250432004
1.4117647107266438
1.4000000090000002
1.2909090916727273
1.2580645173309053
1.2923076724260358
0.8602597420212245
0.5575757547878787
1.0432692072762577
1.12500000546875
1.3675213321279864
1.3037036888888889
0.9291498059658002
1.1215277686035159
0.9285714355357141
0.8914285800244898
1.2089552254444196
1.4829629795002475
1.0123967138054097
0.9367346877600999
0.9135592925699518
1.2654587420567007
1.4924662829348891
1.6985294317474051
0.9642857115306123
0.7265624926208497
1.0408496721936273
2.514285733142857
1.1682539989206355
1.161405643727513
1.020697299992555
1.593406599927545
1.1313131152076321
0.9924952907500116
0.26000000935999984
1.2681704602167705
0.8944444418888888
1.0205643447784625
0.8686956679655957
1.5599999955428574
1.301001237547866
1.7515384345917164
1.177626595415662
1.3454737181748215
0.9547591163560772
0.6853303663920327
0.6381766431441303
1.2664948286483158
