1.6581818665309098
1.4457142775131429
1.4895470571386082
1.33333332
0.7142857096428571
2.604651207084912
1.3699633703663001
0.6825484568085729
1.343209905272977
1.1618357438727858
1.3142857018345866
0.7122806950064636
1.2063492300453516
1.1702898482971016
2.1794872036291917
0.7907573858868469
1.3333333100000004
2.5869565348393193
1.0495436628798092
1.5288135299908079
0.42222222560000006
2.125000011953125
2.7586206653983356
0.9158249022263035
0.963934423870465
1.767441830870741
1.4694348285229664
1.1541586012904028
0.846153833277592
1.7924242574760103
1.2818890866421144
0.5546995329711943
1.065261237976393
1.1212121351515154
2.9473685041551265
1.4812646449671747
1.4841270269161004
0.9218950011000704
1.27667986230452
1.0855875643990052
1.8243902222403334
1.0
1.4893617125848801
1.6799999865600002
0.7583333336250001
1.2081521647205815
1.0230768998153847
1.369212978147184
2.0809523348095245
1.6406249897460938
0.772200786726495
1.1392445207253346
2.2
1.804081651486881
1.3888888912654322
2.4999999812500002
1.6370369970765442
0.935064928618654
1.2307692202197802
1.8890200606060608
1.719685025402195
1.4912281072206839
1.5882352920934257
0.4772727315340909
0.6818182
1.5752895411228223
1.3636363809917353
1.0
1.3838709963121754
1.4308176034101696
1.299253028337735
1.5797429842877542
1.4618736512854031
1.9209663256171376
0.9022112924170265
2.0263157934729916
1.06102940247859
