0.9974832218781812
1.2176465502278901
1.2702702711687364
1.1282051290138067
1.0891719705302447
1.2685470101272023
1.0612175412047737
1.0689655176313912
1.1050252129210842
1.1370549306650486
1.1579570497478275
1.1283783799132578
1.138888889521605
1.1153846161124261
1.1695489397134384
1.1754080712115735
1.1544117636862024
1.1122340393979175
1.2746478833386234
1.0993377489917107
1.078947366433518
1.2481292494931047
1.263686676574378
1.1970303644614662
1.2094594590476626
1.0136986335991742
0.9764044126655144
1.2340425499743475
1.2027027033765523
1.2536231893100187
1.1034482764470868
1.173611111902006
1.2198581551209697
1.1366906493069717
1.2312961032364276
1.1180555538155865
1.2846666685508445
1.1871391789835535
1.1689189194804601
1.1958041930373124
1.1659429591712158
1.1381034501596197
1.0971830967371554
1.2162162147187727
1.1868880382403664
1.078947366433518
1.166666667577778
1.2075837793855126
1.0722871969721026
1.146481483859369
1.0259342115540675
1.0
1.3625
1.261965164827302
1.1739130452867044
1.1517253361691107
1.0841895693989543
1.199019349790016
1.1135802501665844
1.142857139138322
1.1314451675739032
1.182249851086853
1.1188811169964301
1.3448275881569558
1.5410839152217712
1.2120601326861522
1.038986355059762
1.173985162908665
1.4144120466257815
1.2173913051228733
1.3082706765990164
1.1838235236040224
1.1739130452867044
1.0758620682634958
1.3669064753718752
1.1822023380599471
1.219092329066323
