1.0811643865237381
1.1264127935891615
1.1748251754266712
1.1904761875542598
1.6056337972862527
1.705413110351968
1.2687189360438231
1.5068493196078063
1.0605526154031042
1.3189010600243927
1.2585919253658164
1.7050359710108172
1.2739726045862263
1.2808219185775942
1.598032967480599
1.3846276398511326
1.3453237390973551
1.130308222274817
1.3673469351325838
1.0714285718469387
1.6596959731189052
1.0047697349912137
1.2443415672190785
1.438229037966724
1.681481483191221
1.276595740350083
1.290384278100759
1.6277372265831955
1.2028985478827976
1.1714285736040817
1.372262773416804
1.2551724186292508
1.0758620682634958
1.519736838911011
1.2515262473102258
1.154929575512795
1.2158620709779786
1.5817901256009945
1.2193548409281998
1.1458333328587962
1.1121544084019925
1.48133562049681
1.2917808254569336
1.4966442985892527
1.7882310499751033
1.6442124452258573
1.6052631570429363
1.3875507221608108
1.4400973716505396
1.303214288134541
1.4267959225879716
1.3785714331316328
1.7305194809689661
1.22583353878424
1.258741257337767
1.2614275655619043
1.2454515921794311
1.3713335037692667
1.2048339381045061
1.0882352918122837
1.1663982800725805
1.5040564375075334
1.3049645358724409
1.3333333296145127
1.5905172440118907
1.580424552935557
1.181069962132236
1.51310393490743
1.6169410143705227
1.356643356723556
1.4577464741559214
1.1459854018093665
1.2777777790432099
1.325925929120439
1.1956521722337743
1.1200420270353417
1.3210752095856022
