0.0
0.8222730868596823
1.4022435787359775
1.6696428283035718
1.2987012688480355
3.9000000975000026
1.6588235785411771
1.0253967928253975
0.6639194124213393
1.2444444255555558
1.9375000206250002
1.7462365546333682
1.2610586293737576
1.4010988959520072
2.686046456032992
2.171428605085715
1.955555562888889
1.6914285870628574
1.5625
1.3002506582339999
4.200000072000001
1.726011946709782
0.6426332459390142
2.0491071183105474
1.625
1.6629108163237454
1.0584432185770398
1.7747252672527474
1.0170940345299149
1.2847222083333334
1.6304347648865787
0.8141711131939716
0.6794117747971455
2.4096385372332705
2.5974026654073215
1.343209905272977
2.040000014688
1.459459478612126
0.7909604467490184
1.4565217371455577
1.1424607069891943
0.7816092261276264
0.9530791565446352
1.0370370384773664
1.9055069239235218
2.3076922338461556
2.4144518223211384
1.187301585206349
1.4369748223505407
1.3033333094388895
1.530994173608837
2.0082417822605967
0.8035714024553574
0.9272727165818182
1.1618829211894037
0.5135802476268861
1.5875331916902964
1.2500000225
1.6540540223140985
1.7027301297259176
1.3229974071125534
0.9018640453416257
1.8404731449278808
1.859838246298124
2.7200000020400004
0.9562499945015626
2.4679583225516115
2.72000000224
0.8719780199118131
2.12121212
1.4553191551290179
1.3508771806483602
2.249999956250001
1.6239316108152533
0.9227272527897727
0.9549071454495566
1.0774161578411852
