1.0933503911112783
1.1944174073132594
1.482534216128777
1.0225564235377922
0.8888888888888888
1.5452381054523812
0.8264617592901826
1.2023270964979658
1.3116370871377636
0.8956521637164464
1.4626984080668932
0.860869579151229
0.6758893301660079
1.0202429158025337
0.6562499958984376
1.091108569848195
1.066951533995727
1.8161764286764714
1.6911765098235303
1.3534988430822639
1.3240740497325105
1.531737774603068
1.376190479659864
0.9886153848154615
1.270251723807084
1.3189338230066636
1.2345237919014882
0.7525691760117449
1.298611098077257
1.4905734652915903
1.5603260603364133
1.123196438218332
1.0878913002821684
1.102514500436232
1.046439639562921
0.9801802051482837
1.1666666599358975
0.6253464235707688
0.6561403632280702
0.8265270035394845
1.354166676070602
1.0704032862190165
0.9117647048442907
0.7162105300853187
0.8039215880392158
1.2251130770362
1.192640663647187
1.1203661662579847
0.8516842753588857
1.1886922979150194
1.2304761981485717
1.3146330236691266
0.8421052584210527
1.2127659626075147
0.9116409795050449
0.7727272760389611
0.9052109149059472
0.8388157934056332
1.1638176642236466
1.0515982148327143
0.6869918752280388
1.1120879116601858
0.8927368952787129
0.5210937997417086
1.7563775043230698
0.8974358965384616
1.1404561799127815
1.002857139991837
0.7707509832094862
1.0253968172587555
0.723419527326913
1.048697085624437
1.1962962995333333
1.2063492
0.6723076819644972
1.4827067815763695
1.1730769098742606
