3.7317072642831652
1.3660714316450893
0.6875000206250002
0.6594203102110904
1.916666638541667
0.9066666473244449
1.309677415975026
1.0312500010026042
2.941176442041523
2.489177461179514
1.3684210591135735
1.1056910393813209
1.4827838562648636
1.0668948835108594
1.0326087091209832
1.2499999718750003
2.559845514662424
1.5139751650069766
1.4250000222656254
2.7575757825252527
3.3000000330000008
3.062499980859375
1.5967741893418315
1.7045454643078513
2.4825784594586566
1.475155304077775
3.0193414747482112
0.0
1.5714285923809523
2.5714285832967034
3.2210526714182834
2.4675324832349466
0.0
2.2000000330000007
0.0
0.8441558570484062
1.3783783381446317
3.7254902326028456
1.774872464279223
2.279279292383735
1.9662309643748133
2.0652174182419665
1.8181818384297523
1.8225705920910182
2.0634920383125475
2.301923056117234
2.600000065000002
0.904090933150364
3.888888845679013
2.6530612380258227
1.8957871355280949
2.6833333165333335
4.333333463333337
2.651162786073553
1.1396396226990504
1.8789474050817179
3.166666619166668
1.4259259346399178
1.2434782574291117
1.1573532889080136
1.9513457544535961
0.0
2.1272727609223145
1.9487179287310983
4.621621600387144
1.5298563690902112
2.6322580237585855
2.8800000460800006
0.8555555937703713
1.942857118571429
1.2068965230083237
1.8484018111334213
1.551020389171179
1.5047438594435947
0.58333333625
0.0
1.084507022090855
