1.1505102020467166
1.0123456757096576
1.090909092361275
1.2048192793104953
1.1972789075422277
1.4464448056838444
1.3057792060989366
1.2661870492562495
1.312558535275959
1.2470925013418437
1.3450746763104477
1.1478873231303315
1.1499999997071428
1.374100718830288
1.2273349271436929
1.5546737256015368
1.2302158260649034
1.2848591527579847
1.2551724186292508
1.1554054025976992
1.0533867205044685
1.0961805561645448
1.240479915509048
1.290384278100759
1.304347824795211
1.3445945946320306
1.2038705385108985
1.2361111133256173
1.033112582997237
1.0416666657175926
1.1041666671412036
1.1780821974741977
1.1188811169964301
1.2551724186292508
1.1985954549071427
1.2230215826064903
1.0785947703958736
1.096707821859282
1.7071428624561225
1.2957746462606625
0.9855285747980188
1.314673912471881
1.0392361116884645
1.3426573392488628
1.0831390831702719
1.145549055652936
1.442176866156694
1.1612200427848263
1.1718247943063693
1.3168402785093558
0.9865534311084967
1.1448275858948869
1.2426369897058547
1.2262215245472314
1.2733333337342223
1.4107684028268703
1.4283781556941868
1.4329681761696311
1.127078193653048
1.1418439659805844
1.0049562954664935
1.391114467743607
1.2269503525476584
1.2987012989087536
1.271266234096433
1.309677977169411
1.0266040684057396
1.215913204686696
0.9769489742786299
1.2932330850245917
1.4135338361162304
0.9928571439867347
1.0689655176313912
1.0704225353739338
1.0567375852291132
1.0191858502573068
1.1631205640762536
