1.6922818798760868
1.1874129790413797
1.2551724186292508
1.4000000021866668
1.8627450986697425
1.29941073628447
1.184378275410945
1.2645161293735694
1.3704543502291284
1.5150751616740166
1.2497232867581625
1.5890410987370989
1.359712231913462
1.2056737544519893
0.0
1.1729246484241511
1.9302325628700199
1.2181159414993699
1.300751880811804
1.1744966439628846
0.0
1.6701048941705707
1.3892042846304749
1.4699814006026888
1.2432432429437545
1.7058823465570934
1.3201534862701667
1.3265306096265443
1.316901403408054
1.2847222223804013
1.2068965528941735
1.4896551740518431
1.5869565226433524
1.3333333296145127
1.366666668671111
1.2866666704204446
1.328453944921269
1.1763171619555204
1.3262411281525073
1.2605633785736958
1.3919753068844307
1.420862071317289
1.4855072457309388
1.2206896598135553
1.3138954524428497
1.3474670098164971
1.2578616352525613
1.317436159910784
1.6650422304854484
1.0923357646692418
1.7325379087513575
1.4074074098820302
1.4689490417790783
1.3131150449363267
1.279720280682674
1.3363147109320537
1.303568409735804
1.4552469169195819
1.2213460813178658
1.2370370421212622
1.2417052435559834
1.4690429777536713
1.3455882332990916
1.4868421019979225
1.5408940436128458
1.3451716602607444
1.3619326798287286
1.1914779802397555
1.477274811508422
1.2878787848668505
1.2518518545964334
1.3129770983765514
1.4055944035493178
1.0728476869382921
1.5971223014367786
1.631405988224033
1.293552813774196
