2.1590612295229055
1.222377619655729
2.7142856600000007
1.8636165973327534
1.1948051710642607
1.5750000157500001
2.6718750417480472
1.943181834952221
2.343750022558594
3.4999999999999996
1.7435294112818822
1.1686991977153978
2.888888912962963
2.0289855085696282
1.0222222426666672
1.3067193995209492
1.3996289269647015
1.0765957504074242
2.2352941590657447
1.552287609336153
0.5026454860768177
3.1527273040690913
1.011235943693978
1.6813186606624804
1.135302220239097
1.6285714641964288
1.5555555711111113
1.6505791562000416
1.4913657892240413
1.3468013333333333
2.0999999832
1.3484432417745946
2.6825068513351495
1.4132231641923367
3.033333242333336
1.3698630187652467
1.5441176528492648
2.114457799735811
0.7647058868512112
2.0212766043458577
1.9585610056824632
2.5
1.7569444459085648
3.126436857613953
1.7412390679359842
1.7843137137946943
2.6250000065625003
1.8307692494792902
1.5241935426781998
1.4120667611227655
2.3863636184659094
1.6063079622936656
4.8611111321759255
1.2413792932223546
1.2785752314935641
1.7400000111360001
2.0779220727272727
1.0060362112250971
4.062499887265627
1.8775509915743445
2.462962998734568
1.0884184538139514
1.57894736
1.4571428892000002
1.3125000032812502
1.6084655722751329
2.1525974010168243
2.549999949000001
0.0
1.2945590807449778
1.4976465914347146
1.916666698291667
2.0404663903785414
1.5476190764119606
1.3959183556668056
1.3207547162335351
2.5301205281100314
