1.8131867773351653
1.1084639883013736
1.866666704000001
1.749999986875
0.0
1.6666666499999998
1.0919540045382483
2.14179890869455
1.0952380742025702
1.6851851664609054
2.7272727768595053
1.1020408142798834
1.3665071935411737
1.4110644315076029
2.3181818666528935
1.7433962221388397
1.4807692499053255
1.9047618999999998
1.7187500309375003
1.7915058293331947
1.3124999917968752
1.0576923165769232
2.224390247361095
0.0
0.7669173008013456
2.5904762152707486
2.331797230099599
1.330645130150885
1.3194263520856078
1.4482758538287752
1.0872093244605194
1.344537827582798
2.075320480779247
2.8499999832
1.6500000165000002
0.9180327998656275
1.144654103251454
0.28405314854940894
1.2627451017001154
1.8214285389843754
1.8921233265504793
0.7738095325793651
2.035714226208792
0.8085106417383432
1.7142857387755106
2.4761904814965985
3.392857167091837
1.3076922986390533
1.7294117691529411
1.7242105428059835
1.9249999795468753
2.0164383711840874
0.0
0.0
2.138613833594746
1.4583333192708334
0.5604395771090449
3.2558140454840476
1.5059523898267433
1.30622486917856
1.4729951007765434
1.1648745246656649
1.1426282025020034
0.7897435645325446
1.1454545735702482
2.0740740380658442
1.9545454473863637
2.386046495535965
2.087912073457312
0.7190265439002663
1.8749999765625003
1.265454540898909
1.5728155535771515
0.797940787319559
1.288950742727195
1.3300000239400003
0.0
