1.104870130157109
1.071460755359698
1.2565789436063017
0.9760479031625372
1.2400000002186669
1.0254837185025927
0.9365919214726945
1.1478873231303315
1.2220458558409424
1.0536659095649448
1.0195767210363567
1.1678832084895305
1.1812080522877348
0.9708029184410463
1.0706153984994484
1.0262134287019546
1.035211267686967
1.2441379330937457
0.9574468038086614
1.2391304320699434
1.1588693945757669
1.1958333339976852
1.0891443208372042
1.1012679333099542
1.0551724163671818
1.0
0.8782601604883369
1.2269503525476584
0.9788732370779608
1.057553959465866
0.9246575348620755
1.0
1.2620689692613554
1.2056737544519893
1.4157264979430655
1.1891891864937911
1.122619045633463
1.2235544882183844
1.1013513516882762
0.9726027440345281
1.0548217192700298
0.8866564408474538
1.3501724160278716
0.9727891144698968
1.1288746806682552
1.0465465464550363
1.078947366433518
1.0492926000668295
1.4068627391572952
1.1364130429841683
1.2176465502278901
1.0143884928161069
1.1904947940228545
1.0398924978886255
1.0620689669992867
1.1156462565301495
0.9914005977788699
1.233586791713662
1.1631205640762536
1.0740740745240056
1.1453546003505255
1.5772052252562876
0.9930069941297862
1.1351351355843682
1.3440397384816893
1.0264060386257812
1.0412698445052155
0.9956083700757947
1.0602268945539008
1.257142857477551
1.1666666685648148
1.089552236796614
0.9929077967577083
0.8857142862163264
1.0410958951810847
1.2995359381573448
1.0266040684057396
