1.1842905397403445
1.1539324871866112
1.1830985908172982
1.575342470754363
1.1338028125907558
1.1481106601219013
1.4187097852078145
1.1095890463276412
1.3545470316542867
1.0632813133412933
1.1364396679179867
1.1021897764782354
1.1006711413828205
1.3191489307258186
1.4728019158967554
1.3233276826222267
1.1773049589296312
1.1755244748668394
1.1506849358922875
1.0965517258149822
1.2229679336468327
1.1175347228430748
1.0972977651203928
1.0907668219592674
1.2377622397271262
1.2042253479646896
1.0323261855983465
1.2916666657175926
1.0143884928161069
1.0337837838960922
1.020000002296
1.2887323938781987
1.1095890463276412
1.1438356219009196
1.3476165904755502
1.4316546782961543
1.0668367328069555
1.120811291367221
1.3040540550648285
1.289655171789774
1.0560440562993123
1.2812500007118055
1.179856115956731
1.3125000014236112
1.0955521739604168
1.201316871895265
1.3586206894211652
1.2105672092528295
1.4400973716505396
1.599290775604849
1.046090538200933
1.3333333353580248
0.9605345913157906
1.101018289764788
1.1347517685538957
1.010109592889977
1.272272273464681
1.3569739894837616
1.0123456778573203
1.1544117636862024
1.2994287831039661
1.0266040684057396
1.3000000052714287
1.2416107382180983
1.4102836839424575
1.1751705101117929
1.0458670639564867
1.0728060499622039
1.2365079381535147
1.4191176451524654
1.2222222209567901
1.090225561777376
1.1448275858948869
0.9577464799305694
1.172413794078478
1.2365079381535147
1.2133260683745302
