3.26719578047997
1.1948051710642607
1.5682539429206355
1.0111110998765434
1.043392471640116
1.6999999949
0.0
1.445714295627755
1.5692963919549376
2.1111111660000006
1.733333291733334
0.8870214910492303
1.149999998275
2.9166666547348483
1.4218749662304695
0.0
2.09090909946281
1.4166666383333335
1.1904761785714284
0.7547169863652545
1.8333333333333333
4.634146420582987
1.091476079844918
5.200000062400001
1.3194444257523148
2.3872340273155275
2.3222222598000006
1.145454553785124
1.512605077251607
2.555555521481482
2.4999999781250004
5.352941085155711
1.0606060768044077
1.9599999983199998
1.1428571702857147
1.2833333192166667
1.6428571322959182
2.4999999812500002
2.4657534584349787
1.4728681989003065
1.9298245575253927
1.2749999872500002
0.93333332
0.6842105086703602
1.8529411753806226
2.6086956068052936
2.701754412017544
0.9150090682887361
2.4266667205386674
1.4823529677176475
1.4437499846601562
1.1014493034971649
0.54545455
1.7843136772087667
2.4999999812500002
1.1333333361666666
1.2253561551330805
1.5964912028624192
0.0
1.6524590201521099
1.0415019918005672
0.6581196665811966
1.1958042080688545
1.6217948306262333
0.8235294064359862
2.400000028285714
0.0
1.222222222222222
1.4084506703035116
1.7951219356216541
0.8484848333333334
1.2846219212164618
3.248089351086144
1.5200000273600005
1.5260869687967866
2.437500043417969
0.0
