1.4090908937190083
1.0913107309600234
2.7428571115102045
2.7083333205729168
1.9000000256500003
1.698529378411765
1.3392405311385998
1.330645130150885
3.422222277358026
2.8430768796553854
1.6285714633142863
1.7424241930555566
1.3037037330370371
1.0210084144389524
2.019230795192308
1.9061462057334084
1.8687499661513673
2.2276729294349122
2.0263157628116346
1.65266110932373
1.7569378354147573
2.260387844536376
0.9545454614876033
1.0849999773200003
1.8030303095385676
1.2923076903195267
1.4711538421694712
1.4545454545454548
2.0946428870663265
1.5001602596893229
1.8507936518412698
1.4042553641149849
1.8586956380316637
2.263182693702161
2.8448043847546
1.0222222484000003
2.6078431542099194
1.818930051723823
1.1086956586814745
1.596330292071375
2.3611110959876545
1.3934719708909276
1.3863013670144495
2.85714285
1.4415954050010964
2.5850339948771346
3.42105266831025
1.4715719014279482
1.5919854324196003
1.1829836934043232
1.9374999681250002
1.6894127311461085
0.0
1.346262633472666
1.3665147038124608
1.8071428578657143
1.8404558209686614
2.0564516200676377
3.428571477551021
1.4707305429746875
1.2971342623192268
3.499999947500001
1.3260619841013077
1.0630251916536615
4.523809556122449
0.0
2.1506493828439197
1.6803653030187027
1.1908283712420349
1.5131578589254393
2.2938689766016043
2.171945743199362
1.7341269844411373
1.96969695
1.9249999675156255
1.3768115983931948
0.89622641002136
