1.512918694361027
0.9354219750633828
1.5370370384773664
2.2860962264273357
0.5661764903211508
2.310569160516757
3.199999916000002
2.615384636508876
1.7255639000784102
1.6477612156720878
1.507389184970274
2.857142912244899
0.6394230565282917
3.187499968921875
3.921568647058823
3.4999999999999996
2.3255813799351004
2.522727295227273
1.3246753363164108
1.490909111818182
0.0
1.8319327486406332
1.9089834506765253
2.567567595325055
1.380952369115646
1.1734693820553936
1.0457746342546124
2.962025266401219
2.2439586201766915
2.102857130725275
1.904651137637913
1.0961538252847636
2.0320855851895967
2.8260869919092633
1.10476192
1.2393442917210433
2.643356577461002
2.8148147725925936
1.4591836586880467
1.911025142174575
1.8184885102830457
5.516129023361082
2.1857143169387756
2.6086956068052936
0.0
0.0
0.0
2.7777777666666665
2.406249986464844
1.642857169964286
1.6799999865600002
2.585480119425654
0.0
3.0676692032053823
0.9836065737436172
1.0795454422778927
2.565789479355956
2.3317972152779842
1.2777777733156968
1.7140081044364
2.3791283901562976
4.5245902203063695
2.1752645554238317
1.0
3.8863636593285125
1.388888875
2.5679011996159122
4.442307595772931
0.0
1.6844920124646117
1.5098039117993078
1.8025209990051905
1.7272727410909094
1.6742267771980024
1.9480519629206021
1.4079418903074434
1.8071428578657143
