1.4096551447227588
1.1035653548387097
0.6261859822733674
0.6071428376275515
1.4197801746813197
0.5473684251578949
0.8442644842874844
1.3142856928816327
1.5394736441031862
1.6426783811519725
1.493181841323347
1.1932748508067252
0.8536050727953944
0.8552631646468144
1.4545454991735547
1.1842105528047095
1.031746036984127
1.2954545401549584
0.8893280513833994
1.3112944388980712
0.9827586019619502
1.2861538094437877
0.9312253187620557
1.527272760436364
1.3983855559468539
0.9675535331294856
1.438684207061316
1.0909356629090643
1.1451282334492883
0.8739595586350406
1.0964383711840873
0.8571428228571436
0.7688172001977108
1.3164893570269354
1.0474716055130084
0.7865259707818711
0.9522303883530534
0.9024999819500005
1.467084612180305
1.26482215
1.3117968748047388
1.1515151574203575
0.7903225566077007
0.8120404664381322
0.7661290371514048
1.289634145658834
1.8907562876650663
0.8056338036417378
1.2714285708653061
1.6964286115066969
1.3499999832000003
2.5641025714285717
1.0624999893750002
1.0514706138480394
1.4338235214460784
0.9166497584386045
1.2468030869565216
1.5144230842848556
1.2925170354227407
1.164186144141328
0.6417910279349522
1.0679079656402175
0.9370370152769549
1.0532915027132206
1.203703717345679
1.607142886071429
2.2631579092797787
0.884895119092562
0.8957142811135713
0.7463235282044767
2.167741915773153
0.8318479
0.8457361450948322
1.1338709858417342
0.771739132915879
1.216931193558411
1.8461538461538463
