1.2776408429110295
1.5443813597097524
1.2054794534396698
1.5782312882289786
1.3777777788576133
1.0703962695228086
1.8412953996342194
1.153333336358222
1.3919753041463612
1.2476091109899565
1.2672019313190477
1.388059700944531
1.2482758623419739
1.3000000052714287
1.260895421178884
1.250970020466087
1.1642857175908163
1.253547296450306
1.4609929025220059
1.21014492947385
1.3944894131781853
0.9842715256557827
1.1302215493978673
1.26222847445119
1.186666669873778
1.275167785345705
1.2324208236670635
1.2364864872726442
1.160839157951978
1.0536912776055132
1.4081632606386227
1.3165467652637026
1.0625000014236112
1.2808219185775942
1.181786032162956
1.5281690095298552
1.383391607617683
1.3316761977174534
1.2727272748124603
1.2377622397271262
1.2794924559886072
1.2902097894879945
1.1011824316883903
1.2818791936705554
1.2342296644773416
1.2708169154019378
1.3219178137586791
1.4133397482891792
1.2480974146523216
1.354720278962394
1.2916134562068085
1.3546099236748654
1.3120000019242666
1.3287037025437243
1.173611111902006
1.1564013242240543
1.9800290447616837
1.3015872974257638
1.392872775197524
1.2158273391480772
1.2176465502278901
1.411580589726906
1.4632352910586073
1.096153846760355
1.400833335387889
1.2476091109899565
1.0599055457959352
1.1987876623400773
1.4022862426121494
1.2027972046417916
1.306666667249778
1.2028985478827976
1.2340425499743475
1.0
1.2605633785736958
1.2673068137395995
1.5522633752099864
