0.0
1.2189468385243116
1.6301369883017454
1.3691275184036755
1.9463087278978424
1.5409202691532062
1.61975309015097
1.2344827610777644
1.4358105393967497
1.7492737799652647
1.2752926098117643
1.8248175166316798
1.5874125848462028
1.2847222223804013
1.4969430762639102
1.317436159910784
1.2198581551209697
1.3498239413805793
1.4507042217734576
1.5241379328675386
2.2624906788976475
0.0
1.3568244181149025
1.3953953952733817
1.5033112604719092
1.3916083918088902
0.0
1.3642384129696066
1.3194444447608025
1.5744680787958354
1.279720280682674
1.4413793139719382
1.6573426550168713
1.3958333328587964
1.559044124997609
1.4705882310380625
0.0
1.6737448611214925
1.3310344868927468
1.6785714325459185
1.2333507200281395
0.0
1.6665467637888827
1.361702121101554
1.076963484178827
1.570168802801062
1.3799999998906667
1.5185185170820823
0.0
1.3303191451622152
1.5770555086392215
1.3472222238040124
1.601143789593874
1.3522573651277618
1.4825174795902
0.0
1.272272273464681
1.5393201458611512
0.0
1.681481483191221
1.3663126992356291
1.4801192017601972
1.3333333333333333
1.296052626823061
1.6270979011876374
1.4145104055192068
1.3842277619054473
1.2796948173416298
1.7803320601881356
1.248226944827725
1.4265734268942247
1.4222222223572016
1.364285715247959
1.464285717005102
1.6083916081911096
1.9963739944076229
1.5691358079141093
