1.6842105339612186
0.9027777749565973
0.0
0.4926686291505059
1.4318181635227276
0.0
1.4852409711537427
1.7076502494961034
0.9313725581507114
1.274999994402439
1.684981647769513
1.6041666335807294
0.909090888636364
1.5886970297510652
1.4545454991735547
1.0428571220163267
1.1342894479128456
1.9558823333823534
1.687045909396141
2.147368457218837
0.3947368547091414
2.045604415909552
1.3545150593281954
1.2499999718750003
1.63636364
1.3971774110168445
2.448979620699709
0.8267974170687447
0.4750000135375001
1.2921433887298113
1.3845969532868028
1.9319999761168
2.3425925396673537
1.6757812167260746
1.7499999850000005
1.132352954656863
0.518181807818182
1.3731343326620629
1.0967741765660772
1.8095237688095247
1.8130540111377262
0.7375776552727521
1.0541666467735218
0.7816376951348759
1.4097222353877317
1.3269230752644232
2.648148099465021
0.935483886810614
1.3571428164285722
1.4616596791228058
0.8330578642404208
1.8218806108626144
1.9258373390833545
0.43678159526357524
1.0021977884175826
2.6801214971856013
1.2035087723719298
1.8758621051890616
1.1707316981618086
1.456371635064211
1.5515872743367352
0.9066666689333333
2.682352977467129
1.360215032043878
1.2962962689300415
1.1186440644785982
1.903448253545779
0.0
1.6190476517006807
1.0555555573148148
1.5931034551426873
1.6700367416371786
1.7711863995346175
1.9654150447314054
0.0
1.1617346966804665
1.3682758605591439
