1.1142857111020408
1.9290779975614911
0.0
0.0
0.0
1.8387096560665974
1.6089552356132768
2.0862068903715816
1.1234567664060358
0.66666668
1.3636363809917353
1.749169405452948
3.58490564008544
1.9764437942776307
3.3846153494674565
1.4285714346938776
2.63888890912037
2.0072727681163642
1.4604037049751892
0.0
0.0
0.0
0.0
0.0
1.4328808414988319
1.2587064759278237
2.6653845574637587
0.6999999895000002
3.096774233506764
0.0
2.1885058050194224
0.9276241282575695
4.391891847379474
2.1935483531321545
3.2380950946938825
1.7448979301020413
0.0
2.2214425601289167
3.666666646923077
1.0674418666711736
2.6772486659872348
1.5652173640831761
0.0
0.0
0.0
1.9355191344314253
0.0
1.6959064302493077
1.131073430356986
1.3768115983931948
0.0
1.1135531213247865
2.2857143154285717
1.6817204486798474
2.1935483531321545
2.3102678554101566
1.0896226388367747
0.0
3.039999920200002
1.3019517917411794
1.1534954328312748
0.0
1.4141414192837467
0.9166666941666669
2.6250000065625003
1.4901960930411382
1.8200000313040003
0.0
2.15873016798186
0.8712121273898071
0.0
1.5806451470863685
1.1912225862068968
2.6526316061717456
0.0
0.0
1.3228758510380627
