1.0961805561645448
2.104232806622147
1.23287671502158
1.1428571420602527
1.9428571460367348
1.2109704613320513
1.4866614843431265
1.380952380686751
1.3568244181149025
1.2601225903439874
1.4312473430586161
1.5442176827109075
1.2727272748124603
1.2657342632079809
1.460084392541457
1.378513260912019
1.4370370409064472
1.576923076040882
1.3561643893319573
1.431506854469882
1.2832550826198506
1.105392155995771
0.0
1.5151213861134716
1.6887417274286214
1.095890412728467
1.1889966049083207
1.3517241387890606
1.3706293684639836
1.2617449686960045
1.0884353710000463
1.4429530209837396
1.535714288852041
1.5214285768255102
1.2959200116095497
1.061224485469943
1.5588541675326968
1.3592333582605687
1.1564625820361887
1.3028168986431266
1.2752926098117643
0.0
1.4895683463953728
1.361842100649238
1.4130658435628143
1.4264870958250615
1.5342465811897166
1.391114467743607
1.599930934209829
1.361785716814745
1.4283781556941868
1.4551724152361476
0.0
1.9409110317642666
1.6544117606714965
1.657972986305224
1.2809271854895166
1.7769144413835443
1.193869733148474
1.2269503525476584
1.5149286349931101
1.477477478326029
1.564285718762245
1.298611109054784
1.6212418287937973
1.435951312238436
1.4011936897513484
1.5154430408893165
1.6510067120742309
1.314685315768008
1.3356643333786493
1.2246376807718966
1.5454545438906546
1.5241379328675386
1.676258991277884
1.5947911409446334
1.1845133093335138
