1.2100694451167053
1.1463326051793647
1.1126760554433646
1.1041666671412036
1.0
1.078766546997046
1.080747411161657
1.0193548409281998
0.9583539110055858
1.1703003212190062
1.2118590602437298
1.1214285756540816
1.121621618701607
1.1276595711272068
1.031100683124624
1.2148148178727969
1.0437956193457296
1.0039383589148998
1.138888889521605
0.971631204477642
1.1478003800318868
1.1275000016536667
0.9698696333035695
0.9989371279443451
1.1677419353132155
1.1690140802777227
1.0056414045175082
1.0340136055180713
1.0592592620488341
1.1956521722337743
1.1267605602082922
1.342465755732783
1.1714285736040817
1.1408450707478675
1.0782380031292673
0.9735099379465812
1.1011824316883903
1.1703003212190062
1.1408450707478675
1.1824817522617082
0.9766997000393808
1.2189189180953253
1.0811643865237381
0.9870967762414152
1.2526867403256738
1.1050252129210842
1.2119205344405948
1.3616762271351952
1.0715087389796127
0.9891608386074625
1.0531112789475616
1.20529801892724
1.3618881111262164
1.2119631335854144
1.0563380248343583
1.0177544003942218
1.2107107125603307
1.0756172851808985
1.1845133093335138
1.1102941117506488
1.1453546003505255
0.9600955781420588
1.0206896575514863
1.1986301394483019
1.2865517262673958
1.2054905754109384
1.1056825127498369
1.0155723545435773
1.0055055021584423
1.1323529377184256
1.160839157951978
1.0277777790432099
1.0563380248343583
1.041958040955548
1.0069930058702137
1.0723365370389202
1.1143085546146105
