2.1020115121638425
1.8756410427723864
1.5681818053977274
2.7567567176406143
1.1769230805443787
2.310810800193572
2.7387387512296084
1.4615384643491125
1.8214285854795917
3.6666667216666675
1.8464528590230262
2.079027359272457
0.0
1.6826923125
1.711711713099586
3.3333333499999998
2.6959706477542977
2.2884615657211542
1.3745300916863503
1.9883720796133044
1.5
1.5995454523026136
2.2800000177840003
1.8028845899639425
1.880184318605619
1.5024077220001082
2.6444444679506174
1.8447916570721028
1.3275861993430438
1.711111138679013
1.722222212436869
0.8774193412528619
1.8112155705929693
2.776659908683652
3.3681819091227307
1.6285714327591836
0.0
3.6666667033333336
0.0
2.6354166473128258
2.8749999472916676
2.3636363571900825
1.0030864166571407
1.9444444228395066
1.238095260544218
0.0
4.200000084000002
1.5147541217027687
1.1657142910432654
1.2436363516522315
2.25806449099896
1.3574660630290125
2.185714237316328
1.378787875027548
3.58490564008544
1.8424242209292934
1.3382352712889278
0.5337209333355868
1.6227272806301654
1.105263157894737
2.056910591681539
0.3376623570011808
1.52000000342
0.0
0.0
1.924999998075
3.748148063467766
1.755434817857987
0.0
1.1983470934738065
1.584905675329299
1.8708994904079956
2.2619047347619055
1.1949685347454613
2.5666666769333335
1.4000000280000007
1.3125000206250002
