1.3768115983931948
2.4803922020934266
0.5813953537047051
0.0
1.480920311785447
1.2133333282933334
1.0279297731343784
1.7692307243195273
0.9096816065590934
1.7387499749546882
2.095857999394993
1.9719101400549175
1.6414141399956352
1.2173924747478173
0.5666666610000001
2.545454576694215
1.0294117647058822
3.1500000315000003
1.1049999817930003
1.5260869687967866
2.538461469230771
1.2499999718750003
1.1930232477679825
2.2551020522157437
1.071428586734694
1.340125414509832
1.6179653653692538
1.2719008445612323
3.1818182252066123
2.0212766043458577
1.65217392
1.7186813240540033
0.0
1.6937143067424
0.9428571522857144
1.6338028430866895
0.0
2.6823529157335644
2.9247311521331953
1.2881744997445035
2.102857116496327
1.6249999451562511
1.943661947740528
2.507142810900001
1.0842857217208164
1.6602563700961546
3.4090908808884297
1.232142849872449
2.17777783688889
1.8749999868750005
2.1249999787500005
1.3447580906700036
0.0
1.9973684005533243
1.4021390649550176
2.5572649089213244
2.8800000460800006
2.0383275740082443
1.854545419103031
0.9390789479149342
1.1696130229344195
0.7529762175026578
1.6121212338080808
1.3571428164285722
0.0
1.7818182075041324
1.7596491643730383
1.1747407578476057
2.0406976328927806
1.4065934133333335
2.6552287567954638
1.3194444257523148
1.5854875169800238
1.5646258937803699
2.248888883041778
0.7600000136800003
1.1818181785950412
