2.1590908845557855
1.101398570898333
1.2257960014156024
1.266666623238096
1.024851683183867
0.9545454583057851
1.1997736412874018
0.8657407233410495
1.556324123735627
1.6502474048038862
1.7478658664608493
1.28104576
1.6157635225411928
1.3855421594933954
0.687500008203125
0.6345083269243879
0.8470588385086506
1.6303696527088296
1.047794127127101
1.0069124199111261
1.215789444926114
0.8979591985422742
1.0286399843612632
0.9986504615592237
0.8839285625892855
1.6639344541655474
2.8166666957361115
0.9854291758158799
1.1372548838985006
1.3237210682295557
1.8586207109423307
1.9870130351829995
1.4749797299233889
1.2509804135098044
1.208791237802198
0.9646739129415761
1.3759398625134267
1.1702362630732883
1.1638071931946714
1.4382059410830188
1.3591954030999802
1.1851852
1.0087912231039728
1.4506920251699573
1.091476079844918
1.3990783210055002
1.9615384474038462
1.490322571751301
2.6000000312000004
1.1915991096085585
1.1851852
0.9100000156520002
1.5627906604445654
1.125
1.2520816806346389
1.2366012851607844
2.0816326897376096
1.0749999810000004
1.6346154027218938
1.1866604754037486
0.9577433582412874
0.5836734795218659
1.0408695815144349
1.0468319335587282
0.5253896443665652
1.0833333369444444
1.4101790911868517
1.2222221755555565
0.8931159435688406
1.364309192894994
1.2463768076244486
1.09668109726267
1.8549358614708857
1.6235504038086455
1.1934426363826929
0.8096866137665891
1.2885154041216487
