1.2430426591812642
0.7333333198245615
1.0606060499999999
1.335714231852042
1.1285266189168743
1.4102564
0.7428571271260506
0.8440384648711908
0.9945164372695473
1.4335839871929825
0.9837209194121147
1.1458333356770833
0.9567682294365274
1.2539567209448061
2.0
1.0555555790123463
1.3592307818058462
1.5187376264906702
1.0003789103396012
1.0140508854109875
1.15
1.1108366282859474
0.6089743650641026
0.7737556342613787
0.7472527433385662
1.1529545652220043
1.0733024727051184
1.228282861502296
1.7897566339966136
0.8916323478707516
0.6338982862384377
0.36111113428240776
1.121212109090909
1.205882361695502
0.789930565782335
0.6019198377708495
1.0043478217202269
0.45562129776058263
0.5741758085164839
0.8526347755690394
1.7181818271818183
0.9659090928409091
1.388888875
0.8884803888825062
0.6557377043536683
1.5032679500000001
1.5772059294301484
0.6153846101098901
0.8624999924531251
0.7311827890834613
1.5496855501611486
0.8749754979169841
1.0476189987301598
1.3595706689312312
1.5506756459194673
1.0727554213747497
1.3003096173700506
1.0833332967708342
0.8515607376901437
1.4628482919097279
0.8763482404775275
0.8431952392899413
1.047314589353942
0.5777777652592593
0.0
0.9540816393440233
0.9575757454545453
1.847222202291667
0.9457013662789461
0.976833986734321
1.1164529786814459
0.7435897584615384
0.9273118460726882
1.3421915780518792
1.177976926244793
0.896139710997817
0.7686274618509802
