1.2382444898173173
1.5400000264000004
1.33333332
0.8425925832304527
0.63194446603588
1.2571428665714286
0.0
1.4560000250432004
3.4482758620689657
2.0072727841454556
1.5542857213910206
1.2068965230083237
1.375000009625
1.3394891109808693
0.0
0.9714285853061227
2.2619047697344326
0.42222221377777797
1.1333333434074075
2.25454544
2.7083333499999998
2.592592576748972
1.282499992625625
2.435897410913873
0.8076922999260356
0.5841269839183674
3.466666554222225
1.2063492003174603
0.5427938008580389
2.545454576694215
0.6666666666666667
1.8333333180555558
1.1257731770001067
2.11111106888889
1.3200000132000003
0.4194915290735421
0.7402597427833529
1.3425620090696846
1.1473922968970232
2.0634920383125475
1.5809524
0.0
1.243243240219138
1.637037026962963
0.0
1.4973262036169177
0.0
1.7801339371813094
1.6450216222156633
1.6363636519480522
1.4247618709028576
1.8288769811418684
1.218749971054688
0.9500860654451194
1.9590114931520444
1.386408709009472
1.711711713099586
1.900000009
2.7017543639242847
1.0851995167809667
1.7371323157858463
1.1978609729160115
0.8999999844000002
0.0
0.0
1.2337662572803672
1.7896389684234137
2.405442191567736
0.0
2.1945946329505728
1.8245614121514313
0.6029962373757524
1.7537547032074667
1.8000000077142857
1.390109862127159
1.357142867012987
1.25
