1.4015306097660003
1.102486049047907
1.592857148672449
1.3602941132580018
2.0694444447608027
1.536489151308258
1.5114883423674936
1.5073529369647491
1.1380161795387855
1.2411635395648315
1.3223765428626737
1.3308270701260672
1.160839157951978
1.2602739766034903
1.9542557853035958
1.275832915002282
1.559440561365348
1.153125000640625
1.4726027440345282
1.1417910466941412
2.1266542327529883
1.0396428590736224
1.5928515932347684
1.3320337843883587
1.4755244737199864
1.3560606044605141
1.312558535275959
1.5774647877563976
1.4782608700819155
1.2167832163822192
1.5034013572048683
1.538461538020441
1.187919466115941
1.6000000011310345
0.0
1.248226944827725
1.0649350652116714
1.4472265671314481
1.5244755262800138
1.1907894697801247
1.005165918566905
1.8173758813691463
1.137328770239257
1.202531644124339
1.4812999211551914
1.6578994465255512
1.4228187905058332
1.4493294243520354
1.4245149965026707
1.2998188400145716
1.3005829926669907
1.5563380248343583
1.7172077926538203
1.0972977651203928
1.3546099236748654
1.1440450902796355
1.718135972307376
1.74268077809355
2.10096398301634
1.1489361692228761
0.0
1.3590394104357244
1.1148648630304967
1.3819444461844135
1.8406690109735173
1.7159618175433706
1.182249851086853
1.0990320147232928
1.1215916176414327
1.2269503525476584
1.3724137963405467
1.0551724163671818
1.3426573392488628
1.2112676061218013
1.4545454561093452
1.507899507268308
1.3400834907482615
