2.1979797735855526
3.088235330449827
1.4942528606817285
1.71428572
1.6223776136417427
0.0
0.5543478459711723
0.8831168869016698
1.9463414925080313
2.240740759074074
1.5692307740591718
1.6363636519480522
2.366292168065901
2.0276497810019327
3.2500000568750007
1.069444461674383
3.887323895481056
1.7812500100195312
1.4166666383333335
0.9000000090000001
1.5756097776632958
1.6041666335807294
1.8409090644886368
2.600000065000002
1.3492063792743767
2.5147058742171278
2.415458956521739
1.3818182
0.6896551766944113
2.439130462403592
0.8693181798424587
1.5945378415453537
1.3232142592500005
2.1768292151992874
2.2285714307999998
0.6933333435253334
0.7285714429346938
0.9454545751272732
1.6190476262433866
1.7448979301020413
1.5692307740591718
0.7333333406666668
1.9204851796953673
2.6285714745714297
0.7777777691358027
1.4285714346938776
2.567567595325055
2.615384636508876
1.0989382137078683
2.702702679693207
1.0111110998333337
1.5111111223365081
0.1434240472575084
2.8273809612670067
1.318681323076923
1.8133332946488898
1.444444498370372
1.4444444348148147
0.5250000013125
1.3140161727737376
1.8487395041028178
1.8976744177771772
1.4918919031818847
0.0
0.0
1.4392026405263076
1.6734417409156257
0.7373271966106734
2.787878857575759
1.3800786439652746
1.0734463023939482
1.243622469780658
4.27499997541875
0.9272727392727275
0.47556389538237054
1.52000001026
1.68096054793359
