2.4285713982142862
1.060714291607143
0.3870967791883455
1.390909108909091
0.0
1.462365554131114
0.0
1.45454544
3.220000064400001
1.9249999795468753
1.486956510425331
0.6275862042996434
1.490322571751301
1.5115005208751768
3.352631559537396
3.642857080408165
1.9038461784497043
3.499999947500001
0.7916666711197916
0.0
1.6846246925085155
2.1083333350902778
1.2748917809671387
0.0
3.8923076324260366
2.351761252564874
1.5384614994082846
1.103448274435196
0.7457626966015516
1.530054632016483
1.2875598173277765
1.1631579135969532
1.7473118044716156
4.0
2.2826086857277885
2.333333307407408
0.0
0.0
1.5384615198224854
0.8397932879033713
0.8761904915238098
0.921951185982154
0.8279220826638135
1.1317460292513228
1.1688311536515434
1.107692321723077
5.0
1.3541666319661463
1.5113636496126033
0.0
1.679012343813443
2.357142880714286
0.0
0.8202020137895317
1.2377782486198856
0.4135135055785246
1.3049645328987476
2.352941198269896
1.3725490220299885
0.0
1.0510849877253245
1.2711864551565644
1.0795918275481051
0.0
0.5112781938741591
1.5079364978835976
0.8333333499999999
0.0
0.0
3.7317072642831652
1.1828254851727658
2.200541980283782
2.8465116444564633
1.6249999878124999
0.6133333267911113
0.0
0.0
