1.0528911546003286
1.019681515208834
1.187919466115941
1.5944055907164163
1.1418439659805844
0.9704142054445456
1.2476091109899565
1.0915492925213253
1.0447926577956754
1.1156462565301495
1.019425020128993
0.8926174502923291
1.0709219800824907
1.0555555580864198
0.944823109231643
1.0907668219592674
0.9290780141019063
1.0807823110135824
1.184397162171923
1.0519480542992072
1.209190672755106
1.1006711413828205
1.199019349790016
1.1310344846306777
1.073333332640889
1.201438852231251
1.0689804012201507
1.0283687897067553
0.9403973549493443
1.0397351039410552
1.0489510468257615
1.1986301394483019
1.0466666702017777
1.076923076040882
0.9752024285983113
1.235714289437755
1.449642859835051
1.1043771060954533
1.1066666661564444
1.0620689669992867
0.9715800822704349
1.143537412943403
1.2171875006762154
1.0779220761241355
1.2931422903321803
1.248805979746443
1.2402597391533141
1.1822023380599471
1.0880994331775111
1.1116197164310653
1.107025491587788
1.0281690095298552
1.1455882343956172
1.3026506879778879
1.1654135319803267
1.0448034620227304
1.1661197050426788
1.1703003212190062
1.1003757364780975
1.1044776136756516
1.107025491587788
1.2672019313190477
1.2285714334244897
1.1806451643621227
1.352127655738645
1.3067156953000973
0.8768909748559589
1.060704055230986
0.972384665840344
1.1176470577595157
1.1619718278952589
1.0277777790432099
1.098591544903789
0.9347826072747322
1.1095890463276412
1.0812127273393517
1.1675227496579925
