2.111111083744856
1.4807692141105773
2.045454582644629
2.2392856851241074
0.9913043526748582
1.6961538012181963
1.579550869693596
1.762189096507909
1.2778904616842695
1.9280396534187152
2.4820000343740003
1.7727272403409093
0.8421052648199446
1.6934046342490652
3.7037037222222224
0.6975945044510574
1.817413371619927
4.832251102373222
1.0942249265343076
1.6520763071172633
2.6635944413378922
1.7680778400151482
1.9363166875142568
2.6206896795719388
1.7524509183792905
1.8333333516666668
2.578124957138672
1.1904761785714284
1.8966942263711495
1.6190476259863944
2.0945533949121278
2.7368421573684216
2.1234773277350696
2.753623238090738
2.3717948499999997
1.25999998992
1.8055555499382716
1.1162646822498201
0.9419152380952381
1.5768116035437936
1.5586297773764108
1.3090909180909092
2.751572335392192
2.3817663627511143
1.6524590556280578
3.3249999335000013
2.7321427966454097
2.0339622736902814
2.8711863760430925
1.4989010780131868
4.170731739869126
1.600000023314286
3.157894803324101
1.960784314475202
1.5093749741811526
1.9791666584201388
4.761904742857143
1.711111136207408
2.455357135797991
1.7847457508239009
1.3163501827383632
1.6470588429065747
1.3581267310443275
1.6392857103241072
0.0
1.6
2.1390374722239702
3.6400000626080007
2.258181859163637
3.041958062166854
2.1132075538981847
1.8488943570871241
1.6190476259863944
2.7736549206467003
1.5726495327284689
2.2909090916727273
1.4074074062904176
