1.089510488900973
1.5005691207076053
1.3561643893319573
1.5547945231638207
1.5205479475905426
1.3122900107237903
1.3713335037692667
1.408450701704027
1.2809271854895166
1.3704543502291284
1.320450883773717
1.5510204026988754
1.1476510051601279
1.3150684941508726
1.6154394669879897
1.5503755473844054
1.1631205640762536
1.3168874205325642
1.5208333357060186
1.2040816331084272
1.8914879759893641
1.2373214308693112
1.4731375068520896
1.7767699667893864
1.738255036807351
1.5248226909934108
1.0917453408430755
1.4054054067531045
1.308823527372405
1.1760563384348344
1.3785714331316328
1.5724137929474435
1.1785714296173468
1.3900709166239125
1.1500602312013664
1.321678321638222
1.4057142883248979
1.6169410143705227
1.921428572139796
1.2444444483588477
1.4862096122377033
1.3803333353578222
1.3970890449235316
1.4679487230029584
1.4503108265239408
1.4891278368891974
1.4054054067531045
1.5222132104022852
1.2349181296881755
1.5339160830579488
1.3291341207784022
1.492857146915306
2.0572694977098736
1.181069957747361
1.4710144944328924
1.242539036982784
1.6571960111156054
1.929325459740873
1.3220932404376955
1.0935251826572123
1.154929575512795
1.6967483858646508
1.500000003153846
1.7655172445774079
1.6199300690238154
1.272663143934946
1.1691879664746119
1.4898820283852425
1.2217965127809045
1.3142857172979592
1.3636363625937697
1.153846154816568
1.0979020993857889
1.2978723384457522
1.431506854469882
1.214814814684656
1.6478327450910712
