1.181125830786939
1.3182343016677944
1.2569444433371915
1.2432432429437545
1.184397162171923
1.0452402011390252
1.1763171619555204
1.0729927009046831
1.1122482137405953
1.1648909192188792
1.1380161795387855
1.1931034516299641
1.514705876944204
1.1276595711272068
1.2120063643587895
1.2672528663793186
1.2642857193479593
0.9761904744638807
1.2463768136609956
1.1428571420602527
1.3140381051611554
1.2113636356859503
1.109419924135397
1.1406711845509783
1.0872092977244456
1.225352110886729
1.2312312291680871
1.1468531462115505
1.1328671344711232
1.1544117636862024
1.0684931511465567
1.2097902105120053
1.1449275367485823
1.2275862104456599
1.058108559885223
1.1351351355843682
1.093791946749178
1.1810699571839278
1.1891891864937911
1.1319444461844137
1.1957908717566945
1.0852941167958476
1.2812500023794644
1.1140939580325209
1.067816679226895
1.0552936784778606
1.2251655654673042
1.3700918946255363
1.1725730529299085
1.1116197164310653
1.2916134562068085
1.2408759093942139
1.0314062511603321
0.9590643269175131
1.1527777761959876
1.154929575512795
1.1522092251143512
1.289053499090612
0.9988477359983101
1.1804511297201652
1.0325925947144692
1.0539489290519148
1.0347222223804013
1.3517241387890606
1.0796666682501779
1.0730864197071934
1.1050252129210842
1.2097773938644591
1.3220932404376955
1.2137931035262781
1.1167883202504127
1.0
1.1666666645959596
1.137681161099559
1.291970803618733
1.4006426553442264
1.3372028786601815
