1.2917808254569336
1.6070102751848891
2.006622520943818
1.484076427864822
1.335714285337755
1.6065366519326143
1.3864734273682
1.4661654127921306
1.5698693864188973
1.4524959709626828
1.490783025865159
1.6857142885591836
1.4722222209567901
1.2222222209567901
1.4603230048998448
1.293552813774196
1.5000000029285714
1.2498387112901144
1.7986111147492285
1.3125000014236112
1.1993394664980774
1.1853741475632837
1.1718247943063693
1.2687189360438231
1.9781021873344344
1.398601397679104
1.181069962132236
1.6180555538155863
1.356643356723556
1.3076923041635287
1.6357615924608568
1.2746478833386234
1.2027027033765523
1.1301369883017451
1.7453977683868152
1.2666666670716051
1.5757462700678326
1.289700665177262
1.3684210523476454
1.4295774646260664
1.2380714032175195
1.2932885911248142
1.3784482781436385
1.3034482787091557
1.3305114673280927
1.5651869291767746
1.3154362407981623
1.5008201662932474
1.251751751316384
1.3003731354928714
1.3864734273682
1.2229729703898833
1.708333335838889
1.279894185091232
1.5746268660369793
1.6636032664756255
1.377341056067288
1.2464936562987188
1.464670340809446
1.63200000545792
1.217749151934312
1.6169410143705227
1.2222222235720164
1.5540540536796934
1.6960431666878006
1.317436159910784
1.209190672755106
1.1256908528861562
1.2884399542442295
1.2340425499743475
1.3284671540710746
1.2408759093942139
1.0884353710000463
1.1258278164755933
1.374100718830288
1.1881001360767225
1.4144120466257815
