1.4243433190975785
1.3135524974567807
1.454081615204082
0.0
1.376518225288728
0.8444736453101221
1.057513891132483
1.2499999718750003
1.2258064803329867
0.9341053129738878
1.222222222222222
1.0967929787819362
1.0714285741071428
1.2032221773939158
1.511111063762964
1.0416666649739583
1.3392234510496877
1.5454545623140499
0.9243026085443198
1.0461538539252748
1.6227272471693184
1.991342
1.4648469764194614
1.1665541789760894
1.0439560376923078
0.947293422807851
1.3672014272653874
0.9753265846728923
0.781218776988466
0.8542716893168986
1.0248033861413939
2.7277627444332007
1.2031250297363285
1.6966101259592081
1.2432184069186207
0.810561348167691
0.7222222390740741
1.5277778
0.8873626336263737
1.119078099369173
1.8525640995463513
0.8866666699600001
0.9138655225654968
1.0455789326525056
1.3842856900403573
2.2647058903460207
2.210526327423823
1.2671735375448139
0.953371157693214
1.6217948677403846
1.577044993591591
1.39402176865659
3.777777758888889
1.203007515829046
0.8909090616363642
0.9300699231277813
1.6163265333061225
2.849999943000001
1.1888586863196333
1.1685187241379311
1.1313448682243923
1.2602040672105375
1.7272727202066114
0.6446886664468866
1.991379318928359
0.7446808786328659
1.8578465714285717
2.3602484720901975
1.0584741389362395
0.9947482188356764
1.9591836461807584
1.0167992758620692
1.2030075426310138
1.7968749986523438
0.9387755122157434
1.5555555666666667
1.0001698019882168
