1.0320689672254935
1.259969803352496
1.1231884038594833
1.111111110478395
1.4859154894604247
0.9792764319980176
1.2061991011171656
1.2681159406080655
0.9847988567615802
0.9240202198351759
1.033733263886648
1.0979020993857889
1.2344827610777644
0.9928571439867347
1.1250306270000396
1.0851287018940166
1.1942446028735572
0.8467391322229274
1.0563380248343583
1.0214285738969389
1.096707821859282
0.9591071446383418
0.9987571441605733
0.88888889
1.3496503508533424
1.0333333335155557
0.9847988567615802
1.3108108107359386
1.0287769797329331
1.0215827362745198
1.3237410087221158
1.1690140802777227
1.100000001757143
1.2127659518786782
0.9607743278483063
1.0948905075848472
1.0865000015935333
1.0875875852110894
1.2483660106548764
1.2394366156516565
1.120811291367221
1.0603448293412603
1.089510488900973
1.1409395968352778
1.1156462565301495
1.138888889521605
1.1597222252276236
1.1380161795387855
1.1957416354221415
1.1219594587013788
1.012345682503193
1.1379310352627823
1.2588926179566011
1.0190946512280055
1.0067567556711103
1.1431748200383955
1.2480974146523216
1.1589612642631084
0.8706172838102387
0.9097222252276235
0.9748513956515437
1.172189733498598
1.11594202821046
1.049689443334748
1.1638709692437046
0.9663299640172285
1.0589668580492715
1.074267503175235
1.033005792050466
1.248226944827725
1.1555555552855967
0.8785714302030613
1.0
0.9352517970757207
1.1764705836245675
1.0539489290519148
1.0793391419841996
