0.0
1.4606701964269588
1.7310344857617121
1.6107382566217736
1.7323943632691927
1.5442970843491812
1.3568244181149025
1.2928571434010205
0.0
0.0
1.4186612910962453
1.622222227216461
1.335616441741415
1.201388890945216
1.5743777065400177
1.4027273446514557
1.5827338145199523
1.31496710284085
1.4921874980480956
1.2957746462606625
1.4211775891770766
1.3572413815568132
1.3282549667283547
1.335434723871107
1.486301372017264
1.697841727552404
1.4679012375832452
1.444444447144033
1.136986302293113
1.3513513503031411
1.5422535200694307
1.7391304350409578
1.1944444476080247
1.356643356723556
1.2895726520247066
1.1780821974741977
1.286146494357682
1.46389555040568
1.5602836839424576
1.676258991277884
1.660246917635029
1.5301785742703315
1.3859154906153541
1.5971223014367786
1.261867501951773
1.397322204539737
1.4161073821809829
1.4661558119439821
1.2966345402647521
1.2592857166243878
0.0
1.2551724186292508
1.5033333355382223
1.1931216970729404
1.1301369883017451
1.365389518133714
1.2689966916580337
1.3823754787018627
1.2283127588681921
1.2481751782876018
1.3624802723721863
1.6896191961583902
1.1200000028426667
1.6209150293169292
1.7757042223509225
1.4022862426121494
1.4738562023524606
1.470464135261369
1.322798357806771
1.190140843199762
1.4000000011714286
1.269503542923394
1.3985507260586012
1.2030075170818024
1.4374999985763888
1.38047138118575
1.3216735236509298
