2.6322580361768995
1.1309523928571428
1.7561121121950882
0.8615384331076924
1.0483333115166669
0.8406593218846153
1.228183594393957
1.3864265617575453
1.3713450180961666
1.1688311478896107
1.3129973198207265
1.1227272836797522
1.295977025157055
1.7327861310141146
1.3356009381114353
0.6333333205000002
1.0224798551910788
1.828333840248196
1.0777882069875073
1.1632184049655174
0.3977272959943183
1.6083099619647865
1.2715652803929303
0.7806122120007296
1.1974306890136626
1.0225351885387821
1.6312479452441089
0.763128201616117
1.3715624854271486
1.3418079021449776
1.0962541482757295
1.466666610666668
1.4903492719594438
0.7670777833255036
2.701298714191263
1.0131579000692523
1.7490118937252972
1.4230768997781067
0.8604728612825558
1.8081760719573996
1.2923076798816568
0.8814814767242798
1.090062136920065
1.3269840823492072
0.9655172338585017
1.0218487679889559
1.06617645
0.8990384555618991
0.9653092005337046
1.67202025273815
0.5384615169230772
1.5081967250201558
4.615384544378699
0.8411764756124568
0.6031745790476195
1.4742014753967727
0.8076922999260356
1.055172434168847
1.5558155005020966
1.8239855803383591
0.5154639331491128
0.3288461508738906
1.39141516120679
2.089285671629465
0.35968379477917173
1.7835366272572135
1.1002849602318956
0.7479717131985976
0.9401709257478635
0.8250825066823514
1.3547236914235943
1.4978081897536502
1.6361451873444546
1.4746676323503087
1.4688721377120524
0.8431372719953867
0.6348070663702984
