1.2
1.7656565875004593
0.987096769735692
0.7276595775645089
1.0878913002821684
1.4243433190975785
0.9187859067809991
1.6901408212656224
1.7405405661446314
1.2499999912500002
1.3680672047711324
1.9472049399669191
3.3529411468858132
1.213235299567474
0.0
1.300769219369231
1.6446644669422388
1.8183624484005074
1.0266666784733334
1.3999999748
2.121212142424243
3.42455477915149
1.2587065025024138
1.5166666914848486
1.4550339321631351
1.2657534087055735
2.084210510958449
1.0811965741452991
1.5853658681588345
1.168014358867755
1.9575757637575757
1.7599999667360005
1.600732580653236
1.4651162534424018
1.410256374457594
0.8522090058913182
0.0
2.0816326897376096
1.6981132292274832
1.392795889931713
2.1590908845557855
0.8653845897559174
0.9794086149921172
0.6069819687643048
1.3820512928039448
1.5555555711111113
1.330065398300654
0.9154679710647488
1.4613401869019025
1.677685964928625
1.4544279050819426
1.1487179384615385
1.7499999890625002
1.3680000038304
1.1074447672175907
1.6
1.83006535
0.3523351710462014
1.2833333357395833
1.2083333333333335
1.095652178200378
1.5714285624489797
1.8022598992521308
1.2432113181362794
0.5394456271460395
1.285024166761185
1.0823529617093426
2.567567595325055
1.216216199780862
1.3131312854096524
1.3808975870999696
0.7345491470251568
1.4444444283950622
1.7238805972722209
0.7601139631589354
1.22807018721145
0.9367032348623543
