1.4902960498862967
1.005458974276059
1.3108108107359386
1.4379561994426981
1.5190839663597693
1.2194871808552479
1.0985027556070843
1.1985815570253004
1.2996329641218698
1.0955521739604168
0.9774372079626547
1.2661870492562495
1.279720280682674
0.971830984695497
1.1694514805151957
1.1177983528432214
1.0333333335155557
1.3570422512275344
1.361702121101554
1.096774194060354
1.2008514280565816
1.1150337830303827
1.1964085273027085
1.2357599025971198
1.191780825456934
1.225352110886729
1.337995335335387
1.0939597330579705
1.2132352895512544
1.0212765922800664
1.1258741228666438
1.173611111902006
1.4820143884043266
1.3082191801595047
1.0990675971685888
1.2094594590476626
1.573090278651717
1.0816844294018753
1.5957446768915042
1.1690140802777227
1.3210752095856022
1.220238093079851
1.6849315114655659
1.2620689692613554
1.067816679226895
1.38047138118575
1.2243589757741615
1.0706101764536762
1.0492926000668295
1.0530821946659787
0.9926246590889933
1.1164383603190093
1.4548387115546306
1.0397063724056037
1.2814814856208505
1.352946312032463
1.2480974146523216
1.3427640603293134
1.4033205634261856
1.015503879861787
1.235540002185849
1.2203619199187998
1.1854304669567124
1.1960784320030757
1.6849315114655659
1.0406630373199086
1.1232876743103772
0.973101266651723
1.0472541513885587
1.1562500006005858
1.0397351039410552
1.0212765922800664
1.2573529354573962
1.078571427860204
1.4244604348377412
1.238990236333424
1.019681515208834
