1.07625000199875
1.3131150449363267
1.4689655221555291
1.2066666667031112
1.2816901414957351
1.33019361098061
1.0873342520329896
1.2028985478827976
1.298595151114916
1.0191858502573068
1.0841432413215795
1.5281690095298552
0.9510489531742383
1.099290775604849
1.3042971333868212
1.0629629621169312
1.1468531462115505
1.088184934488178
1.0680272110361424
1.1360544220722848
1.3638545970076972
1.0249999981870748
1.1743209903890042
1.5285749337805197
1.1959459477054422
1.1126760554433646
1.2373113883262843
1.0915492925213253
1.231292513060299
1.0563380248343583
0.9727891144698968
1.1914893595986118
1.248226944827725
1.3098591510255901
1.0657824925226744
1.0704225353739338
1.526896554251415
1.5619047667578232
1.2244897930723309
1.2638888923688272
1.1143085546146105
1.3026041673903357
1.1921985781781599
1.2352941155190311
1.0860927179650015
1.2075837793855126
1.2810457493220557
1.3220932404376955
1.2567049816662703
1.0758865217705347
1.2105672092528295
1.0145985377867761
1.2014900692487829
1.3568244181149025
1.0965517258149822
1.2711429111864596
1.0190946512280055
1.4737549322232906
1.1031077049982472
1.0148148185492456
1.199019349790016
1.4769152756901789
1.3150684941508726
1.2978723384457522
1.3208053696593847
1.240479915509048
1.3305114673280927
1.4889567885334456
1.1951303149695167
1.229166669988426
1.0070422523824638
1.0780141833247825
1.0281690095298552
0.9794520580258961
1.635135132814098
1.3497942323410093
1.2270856684438096
