1.0455000015334002
1.256457401116433
1.1134751762738293
1.2624113454967054
1.1655172434463732
1.1310344846306777
1.1822023380599471
1.0845070401388615
1.142308977606548
1.2654321027786597
1.24141659464882
1.102739726719835
1.4444444476080247
1.1259259303352538
1.429937152906329
1.2533803621368784
1.1879699255073775
1.017572463325693
1.4125874094195314
1.0684931511465567
1.1957908717566945
1.202951389557195
1.5800800779864326
1.2968611321854684
1.26896551989346
1.285714287387755
1.1610118281616715
1.177777780072428
1.2323943632691927
1.1470588176773358
1.0797101440233146
1.23287671502158
1.1164383603190093
1.43065693054931
1.0155241562990729
1.2142857120037105
1.1654109620970166
1.274805671236634
1.2187500011210937
1.0399999991253335
1.335733881436519
1.6656250009253473
1.2315298518491313
1.0479452091724526
1.2584019193102232
1.4879443187199777
1.238709676566077
1.1548239634322275
1.1921702364881073
1.1826923070306616
1.504458163474699
0.9383561684612498
1.706040269143372
1.2740404796513571
1.3453237390973551
1.270989404690767
1.1062055476844908
1.3919753068844307
0.9064794609883822
1.1678832084895305
1.308818343859234
1.309677977169411
1.1914893595986118
1.3103448293412603
1.4350000023751723
1.3005829926669907
1.1185357823113085
1.3375244267130972
1.2365079381535147
1.2000000035142857
1.2408759093942139
1.0652173927252677
1.0
1.177777780072428
1.5205479475905426
1.8126459790455096
1.1043771060954533
