1.2472027965050612
1.5185185189718076
1.4701986774746723
1.4090909076387248
1.401408449321563
1.8071057459029236
1.4247828090291792
1.3309859139476297
1.7612041318115181
1.4833676267963154
1.7038775813455591
1.8642857181765307
1.513513514112491
1.19847328143931
1.3679269033100145
1.8892366522998818
1.1791044797126309
1.1011824316883903
1.5244755262800138
1.080536910904914
1.2767162018916252
1.4902482227227
1.198286721009833
1.3793949920106343
1.5743243206930242
1.4178082208707075
1.1631205640762536
1.2068965528941735
1.3241379306054695
1.1351351355843682
1.3378378389609205
1.63636363740623
1.2281879215683977
1.6524822621206174
1.96575343004316
1.9000000041
1.498620692135648
1.3823754787018627
1.3356643333786493
1.3150684941508726
1.0477423782949693
1.331802718732866
1.3490808785834505
1.400000004524138
1.1610118281616715
1.4037860077922195
1.6737588602162867
1.6074407741841619
1.8137860119798812
0.0
1.386030327001086
1.3142857172979592
1.3951388896639663
1.3663126992356291
1.340425528821488
1.218178624426766
1.4159606225495733
1.4561136504277088
1.375934618097012
1.2246376807718966
1.127078193653048
1.4524959709626828
1.514705876944204
1.4929577418428883
1.8591379341116765
1.2602670679750378
1.694129502309703
1.1987876623400773
1.6325856323111227
1.3904109649052356
1.3868613112035804
1.8194444447608025
1.1407407428104253
1.226666668999111
1.4388489217545675
1.2859526160230053
1.583597884369539
