2.4156862679377165
1.3737089011554586
0.0
1.462365554131114
1.6250000112500003
2.2166666381666675
1.3434343233700645
2.409523787340892
2.7204301048942074
3.7499999531250006
1.2839506222222223
0.0
3.8863636593285125
2.7802197699293565
0.9251700796579205
1.292740082335778
1.8072288938888086
2.663157926507849
1.4977231244322018
2.9230768930966473
0.0
2.6718750417480472
1.710000004788
1.1769230805443787
0.0
1.8002915065270428
1.6217948306262333
1.0483333115166669
0.0
1.4805194513577336
1.9038461188202669
2.7017543639242847
0.0
2.8809524193027216
4.199999916000002
1.1428571734693882
0.0
6.111111246913583
4.249999957500001
0.0
1.9576270834731406
1.1111111
0.0
1.6
0.7037037037037037
0.0
2.615384636508876
0.0
1.63809524
1.5104894998386231
2.35507248936673
1.1388611097856691
0.0
2.062499972929688
1.3160173318693429
2.9166666630208335
0.8499999866125001
3.4999999999999996
2.689075655165596
1.4823529744359867
2.3387096994862127
0.0
1.3522355478443646
0.0
0.7968750037353515
2.0681818332231403
1.6285713960000006
5.018181876575207
1.5
1.5599999988300002
2.852830192985404
1.3202292927542778
1.4171511875084508
1.322222210166667
1.7794117580449826
2.717647068415225
0.8730158887301589
