3.181818190495868
1.1236559223812002
1.4912281072206839
2.500000037500001
2.7000000270000006
0.9904761998857143
1.6666666785714284
1.6318681333186815
1.7043189310638953
0.45901638271969897
1.8637206641075237
1.7225274255494514
0.8824242487776971
2.0192307497596156
2.6190476789115658
0.0
1.5237698016079149
1.5323806468040322
1.2886247650517555
1.826086970283554
3.2842105747146824
2.1000000360000004
2.6415094720897123
2.1590908845557855
2.1272726965454547
1.8941177038823538
1.6666666666666665
2.0744680795891806
1.6659959607594865
1.5648147853909469
1.5659091141157024
1.8133332946488898
1.4993686854192971
1.6105263357091417
2.1666666991666674
1.2249999816250003
1.6081080818444125
1.3543956172056515
1.3571428164285722
2.567567595325055
1.3748443388334841
1.3062499966601562
1.7045454161931823
1.6816091938000395
1.5271629887652676
4.885714347134694
3.3333333499999998
1.6712963228317903
1.5476190651587303
1.1382775146420183
4.038461499630178
1.5346851049607215
6.500000162500005
1.6707616757288004
1.9999999650000007
1.6071428611607141
3.4615385365384634
1.140350879713758
2.7500000275000005
1.3251050493930072
1.0725850006659174
1.542207766298702
1.0146923966872585
1.0439560447912088
1.4181818284958678
1.1745762500838843
2.3529411999999996
2.8499999978625
1.3951367940457868
1.8027027032571217
0.9743589736094673
1.476454303863537
1.4444444283950622
2.0803667938037935
1.6500000165000002
1.749401946536216
1.0064516443142564
