0.0
2.389610377972677
3.392857167091837
0.0
0.0
4.27499997541875
1.1400000205200003
1.0937062800968265
0.0
0.0
0.5425532067270259
4.101010177230896
0.8869565469017017
1.3818182019173557
0.0
0.0
3.2967033329308055
1.7843136772087667
2.3773585129939483
2.6503623184766854
0.0
1.1111111
1.6732804380610673
3.196307088094445
1.6630435046526468
0.0
2.4
3.103975481176108
1.5831485205310698
2.518518553497943
1.3508771616989845
4.012345666628563
1.4856297701646728
3.336666676163333
2.266666686814815
1.669090889309091
1.9411764523183395
1.33333332
1.2777777415740748
0.0
0.0
1.4526315728310248
1.084507022090855
2.857142912244899
1.7769230856710059
2.6292682742688878
3.428571477551021
0.0
1.0928571529660713
2.587499977359375
0.0
2.6057143021861227
1.6999999949
1.179487166709402
1.2125874198848845
2.4999999812500002
1.6426666602602666
2.8739495633489867
1.3999999790000004
1.4120689776728597
1.897959197230321
2.9615384119896464
1.4730639614104006
1.1818181785950412
0.0
1.7058823332733568
2.0999999832
1.3725490220299885
1.318840580856963
1.1199195060898348
1.7250000146625002
2.1083333350902778
1.9174041266543975
2.1313980189749695
3.499999958
0.8749999945312501
1.739926757192167
