1.1400000205200003
1.7634423685832532
2.4505928443375153
2.9874213547881814
1.002849
2.2083333499999998
1.1342592596193417
0.9615384599852072
1.3333332933333342
2.7529412148498276
2.237762180957505
1.2272727272727273
1.83752416739372
2.3534883625148733
0.0
1.1368421213684212
0.8888889
2.2635814751608243
1.4807692498076925
1.1447811435091657
1.1094674258705055
1.4571428195809533
1.5438596816885968
0.7912088179120882
2.4613003465536916
1.3961538499615387
2.338983006446424
1.1785714351190477
1.490322571751301
2.185507222475111
1.6427432454881226
1.1590909315909093
0.5100000033659999
1.1182795903942655
3.2684210130346263
1.3670284945062678
2.428571463265307
2.55555555
1.6551723909631395
1.1309523932043648
1.490322571751301
1.6545454311871663
2.967032908199494
2.1978021815722744
1.1940593969732378
0.9557692350406803
1.0108695701086958
1.3859910516466738
1.1009485283623341
1.3621621790971514
1.339901523804995
1.5024077220001082
1.0528075066981646
0.9892200242912045
1.6329729500647188
2.4838709653381894
2.0693153163671245
0.9638817289577162
1.1893162383182116
2.0119047499107143
1.443396221240655
2.4384384932483845
1.2150434085492514
2.600000065000002
0.5094007126574458
1.3131313200211998
0.0
1.3894736739722993
0.6628571454422857
1.7076446405451726
1.0310641212228107
1.0661538733526157
1.5252144017361724
1.6618075653656215
1.8333333516666668
1.289135253714672
3.3260870093052937
