1.3549657571368925
1.4711786134325024
1.419580421024011
1.5000000056164384
1.3262411281525073
1.4577777817380742
1.3309159943603268
1.0915492925213253
1.377914954793286
1.335434723871107
1.1901901904120338
1.7536231863390044
1.4475524445048655
1.208633095689664
1.3839662432664543
1.6425476300938284
1.3129251696506086
1.2794827607384542
1.335616441741415
1.190140843199762
1.2637335347370737
1.4797535186257686
1.3057792060989366
1.381715047174517
1.5
1.197080290048484
1.2884399542442295
1.3219178137586791
1.3125000014236112
1.3560606044605141
1.374100718830288
1.2517482514675533
1.7279411725248703
1.3525179884550487
1.2864372421039314
1.652173909426591
1.6690878367100759
1.4432766080788673
1.3862068976047561
1.1805555552391978
1.6753608051965734
1.4474662152381985
1.4557971008163202
1.3469387751686797
1.4738562023524606
1.381715047174517
1.4093959738561326
1.378513260912019
1.263686676574378
1.2758741251603503
1.3522045907969513
1.154929575512795
1.3535256441491619
1.496187358760653
1.385714289144898
1.2992829920004012
0.0
1.378513260912019
1.3112933971723328
1.2481202979704902
1.4278606957562932
1.5731414899087348
1.2993197240964411
1.6858974381213019
1.6894827614170747
1.4335405952162121
1.593760426085297
1.230446810778608
1.4144120466257815
1.0729927009046831
1.4565217371928167
1.7957746462606625
1.120805371860727
1.4013605406506549
1.484848481083563
1.7649447670119438
1.5390390392303792
