1.3441558548005565
0.0
1.3000000180000002
1.2952380882068029
2.372093048907518
1.2749999872500002
0.0
0.0
2.195945923689737
1.493710695318619
1.9463414925080313
1.1338028276919263
0.8309037897822336
1.2707722258064515
1.0
0.0
1.559856626169962
0.0
1.0246575642493907
1.2925169780508123
0.0
1.2962962689300415
0.0
0.0
1.7448276003460168
1.5060240902888664
1.9472049399669191
0.0
1.711111138679013
1.6281094453176284
0.9047618776190481
5.0555554993827165
1.1552511276261963
0.0
0.0
1.0140161602098356
0.0
0.0
2.5
0.918367341690962
2.0403225684690427
1.0285714244571427
0.0
1.233766225708985
0.0
0.0
7.0909091424793385
3.164383521763934
0.0
3.3000000330000003
1.5833332858333342
1.5028248559417792
0.0
0.0
0.7953051430262517
1.8749999765625003
1.083333314375
0.0
1.1882716090192045
0.919354837226847
1.1874999833007815
2.2985074745221654
1.3631068121297014
0.8884615191545863
0.0
0.0
0.0
1.4583333096354167
0.0
2.1362433686042523
2.2000000330000007
2.080733933118761
1.4999999662500003
2.200000022
0.0
0.0
0.0
