1.6722222401111115
0.9067029201815534
1.3482758303995246
0.9191918997867567
1.3599999864
1.1052631557756234
1.3028571554514288
2.07168454598682
1.2852941251352943
3.818181833253589
1.857427665079339
1.3764705821314878
1.2592105475921054
1.5249230518006156
2.0879121
1.8917749135126778
1.2029629729876545
1.3428937270176553
1.3573407176702146
1.1643655343943764
1.0
1.1701261538461538
0.5416666734374999
1.5911949223187383
2.406249986464844
1.4814814666666667
0.91925925483786
1.435551301957676
1.3054695772706855
0.8605442003644318
1.9455882024352944
0.8525640772115389
0.8771929853000923
1.5555555382716053
1.2894737132236844
1.692537310551125
0.8006279685803995
1.8803418666666667
1.4814814613168727
1.418764304347826
1.4499999695500003
1.1623931688509022
1.66666668
1.2820512690883195
1.5569230529704146
3.1250000644531264
1.368421065235457
1.1164178974800625
1.339989872823324
1.4868896999407146
0.6351648396483516
1.542940685636419
1.8333333333333333
1.8506493798367352
1.546218466852341
1.0117302226411882
1.9861111248611114
1.7416666749166665
1.4456796549793096
1.1401709189097817
0.9293103364958383
0.9915865108706434
1.6783216922059758
0.9198067403774562
1.5059523898267433
0.6710526532998617
2.013071905130719
1.2772486957977662
1.509803951764706
0.8169761156661905
2.130434795179584
0.9333333393333335
1.5384615198224854
1.5700483335223696
1.214285711972789
1.1784126784287832
1.1367521029487186
