1.338194445187886
1.407232289483029
1.4892086318627398
1.5960264939502653
1.3333333353580248
1.225335376063758
1.1614508553690164
1.269503542923394
1.111456441336248
0.940035274270139
1.2333507200281395
1.5255474441195587
1.1956521722337743
0.9503546063819728
1.3473048916024892
1.4158680803267871
1.158273379682211
1.2917808254569336
1.328767127750047
1.3503649607512387
1.1889966049083207
1.2354304666851892
1.4214442806066967
1.2773220629304654
1.2905405381820672
0.9520547964439858
1.2324208236670635
1.2137931035262781
1.2818791936705554
1.3472222238040124
1.1079136695740386
1.1857142856306122
1.5217391299180845
1.1780821974741977
1.2938856037551205
1.3587786238995399
2.1187919471619296
1.3867749051692464
1.5369127540417098
1.1408450707478675
1.2636371582591854
1.320673079970784
1.5887500029505357
1.1895424853415353
1.3856930180547715
1.1388888861915205
1.4755244737199864
1.0685871062881038
1.3875507221608108
1.2902097894879945
1.4530948147088119
1.022388062258855
2.085590278936439
1.227738372545423
1.2714285753612247
1.2974683525017108
1.2350617306114238
1.4852662849141707
1.1618195375148266
1.1021897764782354
1.1914000151716733
1.5077488778503578
1.3055555580864198
1.5616438371551886
1.9938356219009195
1.3025986361943505
1.10875955069199
1.1704820878851572
1.3670361353230076
1.2094594590476626
1.3623188418714554
1.3125000014236112
1.107142857770408
0.9090909064844247
1.6241134724138624
1.4242656481505087
1.4113724399233436
