2.51999997984
1.6190475808547016
0.0
0.6122448944606413
1.0644257967100568
0.0
1.2401960824437717
1.23499999764875
1.1538461378698224
1.1086956586814745
1.6666666499999998
2.3877551071574343
1.1399999917919998
1.7333333573333338
0.0
1.3475177227553945
0.0
0.0
1.169072149521522
3.5384615017159766
0.64999998635
2.591549276611784
0.5666666723333332
0.0
1.3050505338226714
0.6710526532998617
1.2063492300453516
1.7142856946938776
0.8
0.8333333333333334
2.533333391600001
5.207547047974371
4.277777846697532
1.5428571384489798
0.0
1.680555570408951
0.0
2.5714285285714293
5.0
1.42499997755625
2.545454576694215
1.1086956586814745
1.5638297833838841
0.0
1.5659340471428576
1.7272726754545464
2.2312499817714846
1.6639344308667026
1.0909090641322317
1.2727272691919194
1.736842092465374
1.5202324856305283
2.4242424000000002
1.0363636514380166
1.6196013625511865
1.1627906725256898
1.0916179618323594
1.683277954224935
0.0
0.9523809666666666
0.0
1.5079365036281178
0.8974358798323473
0.0
6.176470660899654
2.6379310854221174
0.0
0.0
2.2033613616994
1.27840909375
1.9883720796133044
0.0
1.7692307420118347
0.0
1.069014088572307
1.2962962689300415
1.228501245713527
