1.4844827610777644
1.3287037025437243
1.5958904127284668
1.5845070401388612
1.4391891906491965
1.2977895661480656
1.4530948147088119
1.3181818164876034
1.4875283438996099
1.3704543502291284
1.1940487532683175
1.664335660887085
1.8571428621632653
1.4296296346688615
1.2589628460115652
1.1322287167301048
1.1857142856306122
1.2865517262673958
1.4265734268942247
1.4121621624242149
1.4503108265239408
1.8630067554979683
1.3748748731250846
1.4661558119439821
1.5
1.3611111104783953
1.5732399039370002
1.7028985508538121
1.2876712381854005
1.73287671502158
1.1483870996753383
1.3928571451581633
1.666666662789598
1.3333333296145127
1.7049638416268396
1.6402877680865378
1.6578859067078735
0.0
1.4444444476080247
1.2661870492562495
1.3902880697724227
1.2393790839952583
1.443661969390994
1.5347222223804011
1.36841209454082
1.3382377851732543
1.73287671502158
1.9391410148915929
1.3522045907969513
1.3884751733660279
1.4187097852078145
1.3093525218052895
1.674166669122111
1.4087887393517264
1.591240876130854
1.4127988766182218
1.4552469169195819
1.3542637591696702
1.4552469169195819
1.3970588191846887
1.529443111747801
1.731257828957424
1.3900709166239125
1.657718120399081
1.498620692135648
1.5320164654469575
1.6211211222830264
1.5930028113016683
1.7216763200841099
1.30147058739295
1.492857146915306
1.4028776985632212
1.4545454561093452
1.3055555580864198
1.3020134241484618
1.7461264424481047
1.3232804261718065
