3.2558140454840476
1.1936842110327273
4.1999999664
0.0
1.1929824643028624
0.0
0.0
2.019230749815089
0.0
3.869047596017574
0.0
0.912698403267196
0.9435897408678502
1.8648648789773559
0.0
0.6333333574000004
2.4719100733493247
0.0
0.0
1.4166666383333335
1.3255813922660897
0.0
0.704819280674989
2.5
2.224390247361095
0.0
1.5454545623140499
1.1309523777210884
1.7733989962289793
0.540540557195033
1.8749999765625003
1.8857143045714289
0.0
1.4583333096354167
0.0
1.4215384685368049
0.0
3.8888889407407414
1.3888889090909091
0.0
0.0
0.0
3.238636369819215
0.0
0.0
0.8749999945312501
2.394736828240997
2.615384636508876
0.0
3.499999958
0.0
2.0802631970453604
0.0
0.0
1.7099999901675
0.0
1.8333333092708335
0.0
6.181818024462814
1.154198461828565
1.1168384710472243
0.0
2.1452145374881546
1.1208791411411665
0.0
4.620000113960003
0.0
0.0
1.8046874808251956
1.2522935670053026
0.980392176239908
0.0
1.2422717545891142
4.3749999726562505
0.0
1.2962962689300415
1.615497081174977
