1.0899647868902003
1.248805979746443
1.3263888880979937
1.5804195789759892
1.3040540550648285
1.0306686752700638
1.0991181678983624
1.4999999969852942
1.287813891327676
1.2654321027786597
1.2133260683745302
1.073333332640889
1.0583941571325057
1.1148648630304967
1.3465617524685396
1.1297190918276583
1.0719424463826923
1.3596938751461196
1.102739726719835
1.105960269935529
1.1776266034953542
1.2865517262673958
1.1725730529299085
1.2148148153817284
1.241379311709869
1.19548872129459
1.0602268945539008
1.1006711413828205
1.0952380909880142
1.1942446028735572
1.1617647036656575
1.1904761875542598
1.189781021155096
1.2214285715540816
1.044670216860965
1.2708333357060184
1.3530000019844002
1.1680911691367322
1.1688311684854105
1.1824817522617082
1.0406630373199086
1.2314748210298379
1.270108695099953
1.1972789075422277
1.2898033862307035
1.2054905754109384
1.3129251696506086
1.332425557159399
1.1023319609529847
1.2666071452094134
1.1050252129210842
1.139860140341337
1.0735207099321278
1.2654320994152488
1.4492753615437934
1.2645747896936765
1.226882515140499
1.182249851086853
1.1215916176414327
1.2246376807718966
1.4679012375832452
1.3474670098164971
1.3428571472081632
1.4635761619613175
1.5375000008541668
1.0913229984643318
1.0458670639564867
1.101959429320437
1.4451601380673218
1.2589928057978366
1.1760563384348344
1.0489510468257615
1.0774647877563976
0.9797297274461286
1.2043795589418722
1.2955192952192898
1.1714285736040817
