0.939583333855324
1.1143085546146105
1.0810810791344048
1.3219178137586791
1.191780825456934
1.0649350652116714
1.033005792050466
1.2928571434010205
1.0492926000668295
1.111456441336248
1.0821626259290968
1.1408450707478675
0.9930555566628088
1.1014492769124133
1.1572015017856747
1.0747505543143852
1.0567375852291132
1.0179794548437793
1.0
0.9148936134329259
1.0458670639564867
0.9390322592761706
1.0193273774113003
1.251751751316384
1.2361111133256173
1.0633802772168222
1.033733263886648
1.0066225209438182
1.0070422523824638
0.9650349649146657
1.0428571419367347
1.0828025448099317
0.8741721889548704
1.1164383603190093
1.051282050037112
0.9115646234217224
1.0662751682146074
1.0263090666642356
1.3795620423101924
0.9612903234339231
1.1121544084019925
1.2087931054490368
1.2041958035221283
1.1095890463276412
1.3382377851732543
1.1363063740446282
1.1857142856306122
1.1691879664746119
1.0485008856615017
1.2794827607384542
1.2884399542442295
1.2158273391480772
1.5511666689417112
1.1763171619555204
1.039473683216759
0.9552375726281576
1.2089883680640203
1.1881001360767225
0.9912551441618084
1.1126760554433646
1.0619010602450902
1.320450883773717
1.3829787191972234
1.1812080522877348
1.406089746834566
1.0263090666642356
1.0258436229712373
1.002182455451888
1.0891443208372042
1.2074074110968451
1.2676056309561594
0.9166666685648148
0.9154929540864909
0.9517241399200951
1.1151079130324517
1.0841432413215795
1.183551193163607
