1.096360758522212
0.0
1.342465755732783
1.4081632606386227
1.6164383603190091
1.2392596386153554
2.1167227795151202
1.7142857103012634
1.5478618699067266
1.331303910085764
1.3335036200002819
1.2411347474010361
1.1586206928142686
1.2230215826064903
1.1755375979287475
1.9089947129738472
1.1959459477054422
1.9035714252045677
1.415384619266272
1.5724137929474435
1.8028073767200201
1.5959731550050897
1.8131564398326774
0.0
1.380281686399524
1.302158272447596
1.3265219250921743
1.814569538473751
1.2447552455973396
1.3591549292521325
1.3862068976047561
1.6800000015306669
1.7234042480187113
1.9178082264871459
1.3451186517847227
1.124137933998573
1.8059523777581794
1.6363943914695736
1.469798659786496
1.2222222209567901
1.5221083921358627
1.2396959451083136
0.0
1.2344827610777644
0.0
0.0
1.483443713931845
1.5574548883594657
1.9313545143791362
1.4075704201562191
1.773350365280028
1.2097902105120053
1.6748365999935921
1.749223143436748
1.2746478833386234
1.4847849841338958
1.156966492638173
1.739332175599731
1.2247258912029504
1.2222222209567901
1.3146433504525796
1.6967483858646508
1.5182481752261707
1.3943661969390995
0.0
1.7115196756197983
1.5961070553931127
1.4226785874558443
1.854787186374944
1.3333333314351852
1.5870967762414152
1.3382352933196366
1.2867647014046282
1.1273885352979838
2.3884892116463954
2.09752198654498
1.9473593995540885
