1.1061151087094352
1.1763171619555204
1.082278478154943
1.2857142841205054
1.2364864872726442
0.9770066875099971
1.0722871969721026
1.0482758657350773
1.1326944642614296
0.9734093080155599
1.0816844294018753
1.1959459477054422
1.1294964058485584
1.0909090886501378
1.2896049116747683
1.2302812094334896
1.1448275858948869
0.9748251742798181
1.087837834805515
0.9864864831172389
1.227738372545423
1.0392361116884645
1.1670096050927832
1.2008514280565816
1.1156462565301495
1.0206896575514863
0.8924626376980951
1.2361111133256173
1.0633802772168222
0.9276315798701523
1.1126760554433646
1.357615897456252
1.120805371860727
1.1489361692228761
1.2933038180527363
1.0
1.8045774617387424
1.1539324871866112
1.1931034516299641
1.1347517685538957
1.1072530891206598
1.1505102020467166
1.314673912471881
1.0791366898411054
1.2302812094334896
1.1031077049982472
1.0855263127371884
1.073907237112225
1.1714285736040817
0.9072635129004977
1.1977047426235976
0.9583333342824074
1.2208598702786118
1.152949247307194
1.0743243234632944
1.1256908528861562
1.052571335099186
1.172189733498598
1.1223832529902682
1.0839160819110958
1.181069957747361
1.1926264195688396
1.1176470577595157
1.3421052617382272
1.4323717981772683
1.0747505543143852
1.0191858502573068
1.2484730453155395
1.13354198907007
1.035460987133444
1.1597222252276236
1.2686567165092448
0.9507042217734576
1.0208333357060186
1.285714287387755
1.2030774742595314
1.1610118281616715
