1.9883720796133044
2.545454576694215
0.0
2.2000000219999998
0.9558441619888682
0.8555555937703713
2.1980676724427646
0.679824575894506
0.0
2.3508137670989084
1.6105263357091417
3.0329670782948925
0.45238095561224495
1.2479474431176039
1.8486486401548576
0.9934640744457263
1.9116882808716484
0.5124223621199028
0.0
1.606280218777568
1.8712121426997246
1.0421456035724668
1.3372433862302529
2.2261904879761905
0.0
0.954545452376033
1.0888888686666671
1.6666666499999998
1.8333333461666668
1.9920398089540359
0.0
1.1395348487398602
0.8741964975796533
1.4541322344224268
6.500000162500005
2.1308340838752455
0.587837846575968
1.181467176517792
0.6989247381269512
2.156862769965398
1.6962305577118604
1.875000057421876
2.3071429095285723
2.0879120867075236
2.688311741100355
3.9531249512036135
2.615384623431953
1.9444444228395066
1.6049382666666667
2.126814342951512
1.304012359750086
1.2592592578600823
0.0
1.4897727338394886
2.1048387190133977
1.2749999799187501
2.177339923424495
1.2844444391555556
1.4293785230786171
0.30874999969125
0.8840169601089529
0.9743589884122289
1.4380165175561779
0.0
0.0
1.3860182395149712
0.9178743989287965
2.0540355188815904
0.6603773779280885
1.4415954050010964
1.7121951484693638
1.086885244722521
1.75824176
1.7727272856198346
1.0317460357142856
1.3475177227553945
1.405555556726852
