1.6223021594405052
1.570624540758549
1.4609929025220059
1.63636363740623
1.3928571451581633
1.2492507516231819
1.614089610425684
1.414285719055102
1.5809233907696532
1.4187097852078145
1.3692157369562703
1.4202898530056711
1.592857148672449
1.1094890513570248
0.0
1.525749560976392
1.111111110478395
1.2285460958055427
1.298611109054784
1.1458333328587962
1.3404853149083893
1.5659722230922068
1.5331901922319464
1.4731375068520896
1.3133333328595558
1.1180555538155865
1.0760597421952112
1.2642857193479593
1.3333333314351852
1.2739726045862263
1.4172661854800477
1.2928571434010205
1.308823527372405
1.2753623162570888
1.5804508686901144
1.4930555566628088
1.498620692135648
1.4552469169195819
1.8750000028472222
1.464285717005102
1.2373113883262843
1.3871666687011779
1.7034172674125305
1.4121621624242149
1.5732399039370002
1.3497942391232778
1.2675159220365937
1.4693072690107263
1.5185185198201059
1.4305755405975362
1.3877851420354859
1.30147058739295
1.528813556039835
1.3825317872082372
1.5208333357060186
1.239803094994335
1.326993660319599
1.7035334218541243
1.1729246484241511
1.4427480884016084
1.4704875147189251
1.6358919300133803
1.2380952386264983
1.6081081045891163
1.8103896108598414
1.2162208516479003
1.080747411161657
1.4488396646937998
1.3990054857772254
1.2198581551209697
1.2600000025146667
1.4626865669815106
1.1489361692228761
1.0952380909880142
1.4788732370779607
1.3963388685180782
1.3965936697280976
