1.9278688856097828
0.5467289915835447
1.6105263357091417
3.090909170991737
1.5736433958482061
1.776623440608536
2.4904214469216543
0.7954545416942148
1.093750006152344
1.5468749887207032
0.6944444422839507
1.8077428082682334
0.678571446214286
1.0802348646607516
1.6696428283035718
1.327561311757026
1.3720565052164164
2.980519529592681
2.1685714434416328
1.740294462524799
1.166666653703704
1.3634085408574068
1.6673076984129809
0.9900000099000001
1.2564102398422092
2.0689654835315103
1.5476189989795928
1.5207373357514493
1.5318302064575144
1.3296568895258891
1.4702702893440471
1.3513513195763334
1.596515594027726
1.8232322929178146
1.8457143197746944
1.8934426521284606
2.0744681012675423
0.8620689605231867
1.333333380000001
1.145454537818182
1.9000000342000005
1.57894738199446
1.513186840592308
1.1904762
0.9916666637447917
1.9058380307714897
2.374999952500001
0.0
1.7894736884487534
1.2727272692561982
1.3571428164285722
1.2047619009755102
1.2800000364800004
1.458333314823718
1.6215213230017795
1.3068181711647728
0.0
1.665306135612828
2.409523838093878
1.4973262058823527
1.7676768059228654
1.7794117580449826
1.3878504722421172
1.0305719610681237
1.2413792932223546
1.358823549594291
1.4702702893440471
2.0681818026704546
1.2530864612694856
0.9719008161592786
2.0222222434074077
1.3392857187499998
1.5714285923809523
1.2062936999394835
1.0529914588639053
1.6179205366980949
2.7999999916
