1.0662751682146074
1.118113136672937
1.321678321638222
1.4295774646260664
1.6315789447724576
1.196524965164296
1.3402886406924701
1.4275362286546944
1.261867501951773
1.272663143934946
1.0266040684057396
1.8085106345857853
1.4680850999486945
1.2244897930723309
1.1462297094270137
1.3473665537750839
1.2537313457496102
1.202951389557195
1.1830985908172982
1.1933333354835556
1.5800800779864326
1.1208633101588943
1.425547996934405
1.5289910604617782
1.1884057965847512
1.1438356219009196
1.2884399506235757
1.6474820174442315
1.1956521722337743
1.2608695649590422
1.048611109054784
1.471830984695497
1.112582785448884
1.708029196381267
1.2347272399602929
1.124137933998573
1.4059121612122216
1.407232289483029
1.3472222238040124
1.229729731601534
1.3713335037692667
1.1993197257699106
1.452697842771725
1.4172661854800477
1.290384278100759
1.2654320982030178
1.5793103492347205
1.293552813774196
1.3521540172855082
1.2487676035232098
1.4441854442270292
1.268456377020855
1.6070987622575825
1.3046426690625756
1.2638888923688272
1.4404546597651822
1.3497942384184622
1.4347150726171636
1.1718247943063693
1.3262411281525073
1.342295382635872
1.22583353878424
1.1250000028472222
1.2789115641325373
1.6638698675722463
1.3919753068844307
1.2308375512452068
1.138192931952871
1.322798357806771
1.44202898589477
1.3812949622887012
1.1631205640762536
1.076388888097994
1.0616438371551886
1.5073529369647491
1.357130077960668
1.4693072690107263
