1.6674295746465981
1.144997874446893
1.4206896564204516
1.1164383603190093
1.432624106999648
1.2161890391768453
1.2420978868309278
1.401408449321563
1.4201971781440266
0.9875028378036782
1.2365564673435798
1.3611111104783953
1.3071895413276946
1.2608695649590422
1.1199200528054103
1.3614303996327122
1.6764705806098616
1.3045454548842976
1.1095890463276412
1.2448979586144662
0.9983822926869775
1.5448214314403828
1.046090538200933
1.3429075324547213
1.1034482764470868
1.2978723384457522
1.377914954793286
1.1944444476080247
1.5410958951810847
1.3032258059396462
1.1250000028472222
1.26896551989346
1.5205479475905426
1.2237762222524329
1.1634188061063477
1.237410075422597
1.3332167824709278
1.5672610893246899
1.173611111902006
1.2054794534396698
1.0331473037894447
1.2542763134789647
1.1805172433332698
1.129870130423343
1.3067156953000973
1.2380714032175195
1.338129495638942
1.1680911691367322
1.2818189924329633
1.139738806990811
1.1970303644614662
1.0
1.222115387435651
1.1062055476844908
1.0694444447608025
1.2307414111428054
1.0190499576638343
1.0589668580492715
1.1579570497478275
1.3732394340170602
1.5223824319995598
1.3287037025437243
1.1654135319803267
1.2945205521767686
1.2830419573241723
1.3614303996327122
1.5410867292845476
1.4218831322517345
1.0961260100901395
1.4671532810016517
1.2260274010302121
1.1037037055484225
1.2676056309561594
0.9583333342824074
1.5890410987370989
1.1579570497478275
1.5147690929195212
