1.364889707398897
0.8704952462039609
0.8441558570484062
1.2923076916615386
1.5113636468039773
0.8406593634065936
0.7520347989453163
1.2876253970103244
0.9775678672343951
0.8699763336854287
1.0669129404399293
0.8760715993673026
0.7418181805818181
0.8792155454852039
0.7932692306039664
0.805263132609474
0.8980755654785416
1.3131313
0.6944255711624744
0.7142857142857143
1.774475511876192
0.8506944196831598
1.0842391345764415
0.740322577301769
1.0230768880000007
1.2085385811767928
1.0465638300713462
0.8520028357219185
1.072098154731027
1.0796432400042983
0.982226231359114
0.8475200309534812
1.8095237552380963
1.8778110336988283
0.9374999753906251
1.3978494761012834
0.7214854070355803
0.8134722361886724
1.171428587665306
1.1187096888187302
1.12128148484885
1.036363641570248
1.7233559910844765
0.6286046666779341
0.8892093409480732
1.0697479168260011
1.3398693
0.6693363849889196
0.5325443877924443
1.0650749334982434
0.7557355145038712
1.0378510357142856
0.0
1.1708901970745795
1.4653595223764713
1.554285668175239
1.1319273570613648
1.3043478415689984
1.0231617705193015
0.7795951484038355
1.0806650348595954
0.9122807203601109
0.9051724013079668
0.6049606675177839
0.7342657198628296
1.3262131035158002
1.3372434223857725
0.8915694830561521
0.9032258052029135
0.9060606087217632
1.7399267344169718
0.7030302882666668
0.8337958897904915
1.1083710354071068
0.8229545551751033
1.4907407155795618
1.3990914942386703
