0.0
0.5174999943865625
1.9999999400000013
0.7222222390740741
0.9423076808653849
2.110344868337694
0.9733950309867281
0.7792207825602968
1.8080356836495541
1.1667589919826797
0.7653061395043734
3.355263185972992
0.9395604451616653
1.0422794007215075
0.5769230680473374
0.8657825149716386
1.2631578814404434
1.7391303871455583
1.825396806534392
2.285714285714286
1.0638998497337504
0.9836065735017472
1.209090937763637
1.6231884190296155
1.2627960179733069
2.533333391600001
1.3216783199838624
1.0189145034205394
1.8327067741145626
2.1127608812466416
1.2480000019968
0.890625031728516
1.0391752570088213
1.4732620512056394
6.000000090000001
1.2
0.8870967759963581
2.2750000322291672
0.9545454306818186
0.8589506023824589
0.9836065735017472
1.2339743650579387
1.662499995190625
2.3800000336600005
1.02164504
1.7980768920192312
3.536000074419201
0.9166666758333334
1.15229111607893
1.785714269132653
1.0784314009227225
1.342448983633936
0.8389057340231533
3.0894309625024796
1.0251303969469328
1.4055555238004123
2.1047618404317476
1.4882154764207736
1.7989418293239274
1.4817518408247643
0.5338983194728527
0.6638198760361531
1.5231035321080124
0.9722222154166668
0.4766666445233334
1.6000000096
1.6450216222156633
2.566666645106667
0.795454543068182
1.3636363791322317
1.5626262498597083
0.9175141486701142
1.8333333516666668
1.4368650248760853
0.6397849631599029
1.0225564235377922
1.5658901811314474
