0.9500000267187503
1.2362637220467037
1.4775254900352932
1.0793650649735453
1.2461873708206246
2.7474747478910317
1.2606952197593588
0.8275862146551723
1.540616250580232
1.6653061178099124
1.1357649452585743
1.533333347388889
0.8260869419754254
1.3113715533868986
1.159090892820248
0.7258064564828304
1.699999983
1.0946745521051433
0.8921568466176473
1.2073170878941109
1.404334386759655
1.4425438768584182
1.70833335
1.6666666821212122
1.02500000860625
0.57685906105941
1.1074829793858116
1.3612665643049362
1.0104315025353594
1.6315789749168979
1.0857142775714286
1.1010284279168492
1.2179487106410258
1.5692307592269232
1.3217138519809573
0.7423409395751017
1.2999999772500006
1.413841778158097
0.8936955218753836
1.2567050228880972
1.3942029042848143
1.2530864166323732
0.7099999996749999
1.1103896101092088
1.0692982320628657
1.1298701362987014
1.269841295283447
1.1066176284007356
1.4285714346938776
1.3308854134156332
2.209302320443483
1.0706618920815825
1.9615384479585798
0.81599999184
1.3667984266023716
1.2066165632302475
1.1650921961901801
1.104006836504318
2.097756354798756
1.2880733967406783
0.8540510480815864
0.6283068905874217
1.1008836515418368
1.394927541326402
0.930946310988547
1.1307691860044389
1.6000000152727274
2.2916666170833335
0.9200845654327154
0.6315789443767312
1.363917507775109
0.9654320990809327
2.06682207899037
0.8593406657210483
1.4105338924735453
0.9882353212401388
1.4913657857142857
