0.9613793119360761
1.1478003800318868
1.0
1.2464788738087682
1.0962962993108367
1.1826923101014957
1.2148148178727969
0.9520547964439858
1.0961260100901395
1.1173296759470541
0.952795933631794
1.11594202821046
1.098591544903789
1.0227272690564737
1.3610528975973515
1.0470150539644247
0.9925925937624144
0.9231788102702513
1.1468531462115505
0.971631204477642
1.1272217783624914
1.02500000257947
0.9908064042814002
1.1062055476844908
1.0362318841871456
0.9859154894604245
1.0419032149692065
0.9664429528723931
0.9007092185795482
1.0258064528074922
1.1739130452867044
0.9664429528723931
1.0069930058702137
1.0709677412528615
1.019993894026197
1.1142857137836735
1.235616441741415
0.9503653275707824
1.1188811169964301
0.9459459435500366
0.9463231327769609
1.1477112656658401
0.9831632635671942
1.0198675519705276
0.9779121509234207
1.0404663907169258
1.1103896087299714
1.0802883408377
1.0467792037267851
0.8977586221756004
1.1063492090546485
1.0
1.0512820537080867
0.9783743491188085
1.061224485469943
0.9794972339783147
1.152949247307194
1.4493294243520354
1.1310344846306777
1.1126760554433646
0.9505230404413108
1.3025986361943505
0.9787234019043307
1.1073825497076708
1.2707191815636143
1.0640713702620752
1.1037379950576323
1.0451828428028793
1.0539489290519148
1.0866141721607043
1.2302158260649034
0.9370629356995452
0.9784172696247605
1.0579710111342155
1.0555555580864198
1.1406711845509783
1.0765084309974506
