1.46729452456793
1.2671537738131975
1.4379084959964117
1.4415584402445607
1.3237410087221158
1.314102562220201
1.4247828090291792
1.3309859139476297
1.3983479890635595
1.3036681756141495
1.3673240319135906
1.3605442151446157
1.2836879377767718
1.0068027199879679
1.3028371920874546
1.6062551436891743
1.3013698661681368
1.3815217385297733
1.4068965551562427
1.0774193584224767
1.2264957275739643
1.2996732015950274
1.3331594509862095
1.5362168711685498
1.3541666671412036
1.2028985478827976
1.227738372545423
1.6107382566217736
1.3028168986431266
1.3455882332990916
1.3013698661681368
1.3517241387890606
1.654929575512795
1.345070418712557
1.8105413118391898
1.5255474441195587
1.572602744034528
1.5888203044937892
1.415492954086491
1.257142857477551
1.275832915002282
1.4307291674615163
1.3120000019242666
1.217687073084363
1.4084809438803705
1.3798410300817563
1.3354838706264307
1.2340272155365983
1.65912208772729
1.4780797095022842
1.2287782076890124
1.300699298293315
1.5538216530818696
1.3544487047246048
1.3262411281525073
1.221562041648938
1.5638995350023164
1.3474178361733782
1.065627027510687
1.1438848927653846
1.3976414254307237
1.8779745938211705
1.4379561994426981
1.5379310397869204
1.7955172443512009
1.199019349790016
1.4462081088706524
1.1564013242240543
1.4900017342422507
1.3875969011958416
1.2933333360302224
1.156028366649565
1.2152777776195989
1.1021897764782354
1.5973154344687177
1.5995061774126091
1.5898104652003202
