1.2646103899388599
1.3901930090588286
1.2206896598135553
1.7659574442100499
1.2808219185775942
1.2775997137653332
1.464670340809446
1.445205482452618
1.3638545970076972
1.5288485733503359
1.5490927148519837
1.2147650994153418
1.2867132865528876
1.1904761875542598
1.7773539139105587
1.3867749051692464
1.304347824795211
1.38061224245606
1.4893616980443638
1.105960269935529
1.7323943632691927
1.138888889521605
1.461484958093265
1.4187097852078145
1.2957746462606625
1.2993197240964411
1.297704863475586
1.398601397679104
1.3472222238040124
1.4366197170085302
1.4565217371928167
1.5306122427349715
1.536231881216131
1.4532374086713937
1.219756741532772
1.3125000014236112
1.345748296939493
1.2705278015854473
1.513513514112491
1.2416107382180983
1.3733920402106898
1.4557971008163202
1.5090277786161266
1.5793103492347205
1.2909105966272123
2.024691361217996
1.2467532446095462
1.303568409735804
1.2587719257075254
1.2158620709779786
1.3055768460230237
1.3401360496024806
1.7172077926538203
1.1977047426235976
1.3286713275084356
1.3723557923647072
1.6144597749429075
1.504458163474699
1.3586744622340208
1.2189781027140498
1.181069957747361
1.298595151114916
1.4927536213799621
1.4625850316988294
0.0
1.5013017499976975
1.1914000151716733
1.184355732989539
1.1415812926479962
1.385135134199233
1.7553956870182703
1.374045796987355
1.3546099236748654
1.1818181812968849
1.4264705851319204
1.4068627391572952
1.3614303996327122
