1.5079365036281178
1.1046133703703702
1.7790697777852895
1.4166666941666668
1.4285714285714286
0.0
1.1526586693647043
1.1244444246542222
0.0
1.8888889056790124
3.423423477550524
1.040816357011662
1.0379487149546351
2.10909092
0.0
0.6375000090843749
1.6509434250089003
1.7280219752197803
1.1712962855594136
4.135135055785246
0.0
0.0
0.0
3.7532466753719023
2.2222222083333336
0.9488372266792863
2.631578995152355
1.9215686637831608
1.4476190700571432
0.9689922445466017
1.6333333205000002
1.8486486401548576
0.0
3.4545454152892567
0.0
1.3538461571266271
0.0
2.2488889389777786
0.6219512231528851
1.5906976636906436
2.580645207492196
2.959064377581821
0.9696186114072779
2.110344868337694
1.067510552982428
0.8866994774248348
2.6373625901944218
1.5591397933957685
1.9230769199704143
2.02840908629907
1.1890244011191258
1.4721074514260895
0.0
3.800000068400001
2.0305785234042073
0.0
1.598877964195358
3.0799999648880005
2.6464285602830357
1.2380952498866216
1.777777766666667
1.4553191551290179
0.8002822793011466
2.56499998525125
1.9499999536875012
1.3986013846153846
0.0
0.0
0.0
1.272727290082645
1.9774011524657664
3.1451613365868893
1.7796610229819017
1.696969709090909
0.8399999932800001
3.7499999531250006
0.6538461493195267
