1.6723684205496636
1.0271244447739607
1.4093959738561326
1.335526315434557
1.5410958951810847
1.0512820496329816
1.2492776439736804
1.279720280682674
1.3189010600243927
1.2058823495717994
0.970455513054547
1.3000000052714287
1.2183098585042649
1.2720588214457178
1.173053581159051
1.2411635395648315
1.2411347474010361
1.2867021240093557
1.1338028125907558
1.1048951052560028
1.289700665177262
1.137328770239257
1.3238366591195319
1.0896776429664876
1.2000000010933334
1.4264705851319204
1.1776266034953542
1.1812080522877348
1.0547945231638207
1.2411347474010361
1.0980392160015378
1.3521126710950209
1.2344827610777644
1.3262411281525073
1.1359490603232008
1.047619045494007
1.274506576599593
1.2602670679750378
1.486301372017264
1.343283582546224
1.2297622004952062
1.0961805561645448
1.4829787191972232
1.2450331174378315
1.227738372545423
1.673182439818435
1.4901960746482121
1.1121544084019925
1.3404853149083893
1.0722039453933085
1.1294196682064686
1.1250000028472222
1.8723333360794223
0.9641387392471016
1.1304347795085068
1.1976630928964123
1.138888889521605
1.261965164827302
1.4037860077922195
0.9586206905521998
1.0123456781383782
1.7110067768264674
1.1468531462115505
1.2214285715540816
1.8662068996406183
0.0
1.0991181678983624
1.2381555172994316
1.1680911691367322
1.0851063807514711
1.1818181812968849
1.187050359415144
1.0416666657175926
1.0069930058702137
1.1338028125907558
1.3990054857772254
1.2443415672190785
