1.439212332710171
1.2813606132691688
1.3310810777492696
1.2957746462606625
1.3205128225345166
0.0
1.2927927900724374
1.401408449321563
1.3659732855232145
1.3067156953000973
1.3402886406924701
1.5416666657175928
1.6376811581285446
1.2042253479646896
1.3487455426432724
1.3823754787018627
1.2753623162570888
1.526896554251415
1.3194444447608025
1.2123287730474763
1.587857265857143
1.4076666687312447
1.1177983528432214
1.7209876578574486
1.469798659786496
1.398601397679104
1.2587719257075254
1.4788732370779607
1.2721088385663382
1.4662162133336378
1.32857142932449
1.249999998614865
1.4285714261807578
1.5771812094941668
1.3789543794490788
1.1689189194804601
1.5652027016451335
1.330089209834893
1.2756410294822484
1.3243243220781595
1.2203619199187998
1.690485076140733
1.093333334936889
1.335616441741415
1.4501167821282996
1.278410894873256
1.436241612658889
1.4718500979521982
1.5939059577477845
1.352127655738645
1.4818393263122438
1.5785714307887755
1.561904759142209
1.436436434029435
1.4137931057883473
1.7130211538668412
1.51167834303265
1.6040688561621372
1.6578994465255512
1.2554744531663913
1.2207697871772607
1.4711786134325024
1.4130434773566476
1.2448979586144662
1.4604575151944126
1.1459190684143996
1.4599815205469715
1.132952757934939
1.5253586911315145
1.2534246626121224
1.0215827362745198
1.407142857184694
1.863309356592309
1.2262773716074378
1.157142861577551
1.4229474213018474
1.8149911837992692
