1.3058219213858135
1.3762607888552203
1.9507042217734576
1.4055944035493178
1.1779141069419246
1.4704206438140492
1.4900017342422507
1.4785714290316325
1.2740404796513571
1.4838491507776688
1.477477478326029
1.486666671513778
1.4829931972409645
1.2500000014642858
1.275981612466277
1.6585237662169539
1.3333333314351852
1.2218543077106268
1.4275362286546944
1.2123287730474763
1.4028218730338122
1.7130137033233253
1.2827667900897721
1.4119558125306078
1.234899329893248
1.2517482514675533
1.156966492638173
1.4109589068793393
1.6796875000500489
1.2206896598135553
1.5107913681372598
1.6733333359208888
1.1428571420602527
1.2885906019954054
1.4385964903762696
1.2727272748124603
1.780608978468072
1.4187097852078145
1.5140845047649278
1.2432432429437545
1.3160493850155204
1.2171875006762154
1.33456375892667
1.3333333333333335
1.1754080712115735
1.6717023999468639
1.0754716963616946
1.494738585568351
1.4451601380673218
1.2041958035221283
1.3389088043082693
1.4125874094195314
1.7288333358689556
1.3663126992356291
1.3061224440844093
1.5154430408893165
1.3875507221608108
1.4482167380267872
1.631405988224033
1.2941176413840831
1.3191170948195197
1.60232197065485
1.2058823495717994
1.678082197474198
1.6477848086665197
1.251371740417429
1.435951312238436
1.4969430762639102
1.4400973716505396
1.5114503798158616
1.4895104911946793
1.338129495638942
1.279720280682674
1.2317880809806587
1.5661764688592128
1.4690429777536713
1.6301742851509837
