1.3891447342831544
1.391114467743607
1.9577464741559216
1.6081081045891163
1.4615384619795588
1.3177028508704187
1.4472265671314481
1.3239436615651656
1.562096316646335
1.5040564375075334
1.2569392678887004
1.3649634985380148
1.7916666657175926
1.2054794534396698
1.3928950597327678
1.2308375512452068
1.3472222238040124
1.1496621613853635
1.3310344868927468
1.7872340364901163
1.7542702567240283
1.5519366170953184
1.5470352980895177
1.4937408253181867
1.173611111902006
1.4397163102419397
1.3309159943603268
1.3776223743341973
1.3040540550648285
1.4500000049785715
1.3741496551205516
1.1428571420602527
1.7101449265028354
1.2585033985904022
1.4206514174184788
1.3172413799733649
1.5721283773161294
1.1192835981082532
1.3873239387819878
1.5136986335991742
1.4144120466257815
1.468243242251187
0.0
1.2894736805193907
1.6168398621703883
1.4287715550956834
1.4041095928879714
1.342295382635872
1.183446357436429
1.4805555563780866
1.8501490036140398
1.1095890463276412
1.1033439469362853
1.185890655916654
1.2993197240964411
1.215913204686696
1.2689966916580337
1.4737549322232906
1.3659732855232145
1.2279411755395762
1.2220458558409424
1.6099108354777283
1.186666669873778
1.4339622618155927
1.428166668761311
1.223251030540695
1.2240781091052984
0.0
1.1901901904120338
1.3500000032214285
1.609929071744882
1.1748251754266712
1.2805755420723566
1.5367647029119809
1.7591240846203846
1.5390390392303792
1.227738372545423
