1.4503401334891943
1.2431009435854532
1.1986301394483019
1.4379561994426981
1.0972222238040124
1.0651147055379466
1.0985027556070843
1.2794117614251732
1.2469953448599882
1.1062055476844908
1.1431930798827878
1.435714287094898
1.1250000028472222
1.0500000038071429
1.0176222394633028
1.1659429591712158
1.2285714334244897
1.2670138895927856
1.2739726045862263
1.2739726045862263
1.0670670686033332
1.2707191815636143
1.1000823066801209
1.1163537992228871
1.1959459477054422
1.2251655654673042
1.2770112153382918
1.340425528821488
1.4589041160517922
1.1748251754266712
1.2045454525688704
1.111111110478395
1.5793103492347205
0.953333335264889
1.138284704090954
1.2246376807718966
1.3620805374612406
1.0689804012201507
1.2777777790432099
1.2876712381854005
1.1918395926472636
1.152241381217503
1.303214288134541
1.124137933998573
1.1569664859808757
1.075180931020989
1.190140843199762
1.0470150539644247
1.2327202446223995
1.0108620706386682
1.0599055457959352
1.1654676290399046
1.6965517269460166
1.0697837270360744
1.32608695768431
1.3274778267677263
1.0123456841434129
1.038303261883264
1.3160493860635392
1.0068965506321046
1.2891020554597854
1.3131150449363267
1.2753623162570888
1.3776223743341973
1.7154513898419177
0.9698696333035695
1.225084990771702
1.0952422536748836
0.9916855625997398
1.2302158260649034
1.0676691744157387
1.0863309332995186
1.0714285718469387
1.1014492769124133
1.1751824773829185
1.1655295640371823
1.04876099327249
