2.166666673888889
0.8870967759963581
1.8225705734703284
0.0
1.5454545520779222
1.8660713776785725
1.4253521180964095
2.318181824504132
1.477162271708217
1.5
5.396825539712778
1.0550239239738102
1.702127684291535
1.9000000221666669
5.181818078181821
2.3906249633935555
2.090643313990844
3.217204236636838
1.888059732772333
2.461835766759085
1.4055555426712962
1.701261666835497
0.0
2.959064377581821
1.5098039117993078
2.7567567176406143
2.142857173469388
1.3461538197485208
2.3565891270777
2.6888889035555557
2.8508772040858723
2.51851854090535
1.321138210254313
2.380952363636364
3.520833350711806
1.0133333642400004
3.055299530072841
1.1020407988338194
2.0606060506152435
2.1120689243162905
2.4561403760849494
2.746478853898036
3.9583333168402777
2.8499999978625
1.866666627000001
0.0
1.3866666645866668
2.2390243585698992
1.9999999650000007
1.5833333061904766
1.5405405180569758
1.8954703674411493
0.0
1.276166462718252
1.2053571224330362
1.2800000364800004
3.97727270232438
0.0
2.654166622588543
2.228571414244898
1.906158348035506
2.4000000240000006
3.186274548851404
6.10714285932398
0.0
1.2592592578600823
2.518518553497943
1.9250000330000003
1.0925536639098232
2.4
1.1627906725256898
2.132653053527697
1.5689922318703806
1.0476190435374149
1.5882352984775083
0.8804347772495272
1.9973045882978182
