1.8474399336057368
1.0937499988281252
2.246808562924401
4.636363733305787
1.0022637254703617
1.5209790238159566
1.0153846356142011
1.0804944875371565
0.810526305124654
1.7032966999999999
0.6250000137500001
0.8902173805369566
1.5866666797226665
1.470427336454964
1.3737373533394552
0.0
1.7418244421410947
2.496983411754059
1.0377907155685508
1.4883720994970253
0.7142857387755105
1.8875817479764714
1.2546257993616656
1.5094339745995016
0.973544954846729
0.6774193440218523
1.0723039339358662
0.9559748493058028
1.1926328333333334
1.8666666455111116
1.4545454736363637
1.3573717851186518
2.1857142850897957
1.6306122768658895
1.9710144387649662
0.6420545658196115
1.2391110695656304
1.71014492
1.4166666525
1.169452887316821
1.3338013198134957
0.5277777623842593
1.185089419616367
1.247474761781451
1.1874999681250005
1.2121212000000001
2.4568966188228316
1.3749999726562503
2.357142880714286
3.6666667033333336
1.1562500102539066
1.4930862141398529
1.3142857331428575
1.1704545350297004
1.1222439505707318
1.1979672740478504
0.8103896135955473
2.409523840190477
1.8798511302795098
1.6743243564916
1.5685096291499212
0.668335233681841
1.2756302614327237
1.1282050903353062
1.6335754671988072
1.2403698092893891
1.3725490180827888
1.8000000288000004
0.7346437515054122
1.1666666375000005
1.0951111405696003
1.6591549626929183
1.4615384834615388
0.9127154959273979
0.9106753939578796
2.7259259109982366
1.7588357926774179
