1.3786971807683992
1.2689966916580337
1.762237760272874
1.530201340213504
1.2534246626121224
1.3141025661467238
1.2865226348814014
1.3758865217705347
1.5508274207068726
1.3167573181444714
1.2038705385108985
1.5857142868020409
1.5410958951810847
1.1857142856306122
1.1210126591108187
1.185890655916654
1.4676259014875006
1.212676054288435
1.3475177262481766
1.3680555538155865
1.4979979949337854
1.2653448296805707
1.4452107328748316
1.3798410300817563
1.63636363740623
1.2430555566628088
1.4503108265239408
1.1292516965060853
1.4482758646040428
1.2152777776195989
1.316901403408054
1.471830984695497
1.7956204350727263
1.2756410294822484
1.2140612065987888
1.249999998614865
1.5306666689116444
1.5348466777223828
1.6369863079095515
1.5704225353739338
1.4971309297231592
1.5052447544026601
1.4592013896995564
1.4965986372169005
1.5396090522442274
1.504458163474699
1.5850340082169465
1.913749372503423
1.114948281408819
1.1350671145510338
1.3864734273682
1.1458333328587962
1.360339503485749
1.3616762271351952
1.3958333328587964
1.6578762343932645
1.1638531918190351
1.5466392311370218
1.2620576175843512
1.2794117614251732
1.3296480595489386
1.7092503124452534
1.4812030043665556
1.654929575512795
1.6455782283819707
1.2939252754416661
1.3708847759004914
1.7349005477933868
1.2809271854895166
1.372262773416804
1.4705882310380625
1.2727272721625345
1.1449275367485823
1.1760563384348344
1.3380281663300932
1.461484958093265
1.3616762271351952
