1.9782608910680533
1.1706818271120867
2.2915751030472005
1.409638519060822
1.5917312825431165
1.8181818
1.4340080648614144
1.5398140255413226
0.6913580444444445
2.049107097484057
1.1291269394856467
2.295285301688947
1.7105263090027703
1.1268809614684205
2.1984391930706226
1.6529304243066458
1.0544444506122221
2.566666708018519
1.0733333313093334
1.4142857284285715
1.2696762420041903
1.619047615809524
0.9166666385416671
1.1309523673809527
1.5906976636906436
1.917808207474198
1.944444458169935
1.7777777691358028
1.4858490707333571
0.9848484819444445
1.7120743083773449
1.1882426885797532
1.175958197267783
1.5904365408321637
2.1999999760000004
2.0072727681163642
1.9534884175229865
1.9062499734375005
0.0
1.3979666353005737
1.912320481442129
1.3220625425294232
3.0000000300000003
1.0
1.19999999235
2.075098784456092
3.7142857978571455
1.0598596896551724
1.0510203955685131
1.6236734626789504
1.603333320896667
2.008241727417583
5.687499864921878
1.851179699195194
2.1725752788434494
2.1567567622527393
2.695945918153762
4.66973898718597
1.33333335
1.2165725048347111
0.9282792537307819
1.3909091041558443
1.9389204818581327
0.9312865230293937
1.8888888511111113
1.0389473556884212
1.3684210786842108
1.1229314558422614
1.4893616978270712
1.32416524391668
2.1666666739583333
0.9953873280913941
0.8896734325853692
2.112487104263212
0.8720930131151975
1.401260483774098
0.7930113579602538
