0.0
1.3897110686320207
0.0
0.6153845905325448
0.0
0.0
2.787878857575759
2.1242235810113423
0.0
0.0
1.692307649349113
3.8152174219919663
2.132307702805207
2.352380998342858
1.5088235245302766
1.5454545623140499
1.0908789609085918
1.5967741893418315
1.2571428665714286
0.5816326598271553
0.0
0.0
2.0212766043458577
2.01481483272428
2.4137930822235436
2.0740740380658442
0.0
1.2638888941550925
2.345678993667124
3.720588284537198
2.0740740380658442
2.192307648461539
3.6842105457063714
2.7488425635464893
0.0
1.9090909229752067
0.0
0.0
1.911025142174575
2.705882383979239
1.57500000825
0.0
0.0
2.208730144507275
1.4755153220689952
0.0
3.399999966
1.4814814666666665
0.0
1.6398148278942901
3.800000068400001
2.3581560249283235
0.0
0.5014285700245714
1.693548359781478
0.0
2.331428571739428
2.684210572936289
0.0
0.0
0.7272727297520661
1.1632652847563516
1.34456264801978
0.912280694192059
2.4324323879474075
1.4166666383333335
2.833333319166667
3.7090909866446298
0.0
1.6531249867817384
0.5185184997942389
1.5753086081141296
1.8157894660387812
2.0597015195901096
1.2068965230083237
0.0
0.0
