1.375206612965921
1.0141339740116797
1.095190732433425
1.0581915160655453
0.8922425452255458
1.3301894319482344
0.9799668052292779
1.1308267331272346
0.9994249234474971
1.2716311839962544
1.285239399587325
1.0476878459725325
1.0832596737761093
1.3753136068454177
1.1186746146546716
0.9734716877106799
1.3061221467671438
1.38231064686391
1.1106585124583486
1.3490263078653884
1.0205881671965134
1.4151770229376144
1.081521263804481
1.2727319679589808
1.1543685549571665
1.082660843577607
1.4753231654322483
1.0133424276828022
1.2479489315081616
1.2316230904119065
1.2831483320028891
1.1055241093697352
0.973116092701882
1.4088482313092165
1.5997806113263502
1.002637140846113
0.9085171866433225
1.24299665468497
1.0459732556511114
1.1156291678047345
1.4043636625398823
1.0387276569789936
1.087222516426818
1.1825804803239024
1.0860550583410427
1.134325299433405
1.7038026164807727
1.0280845331228212
1.2249854867939252
1.3801358332038576
1.175323088368524
1.3932691814396019
1.0214727915365545
1.2173970571940396
1.249355803862509
1.1522707054644734
1.4977351335233207
1.192505730637181
1.3538729155104006
1.1416585458340878
1.0397147298841396
0.8671065262637264
1.184045937370017
0.8212715854180278
0.8181210141770839
1.1247653825407646
1.3490491657516726
1.3092536809662785
0.9211223092832792
1.2062786383025097
1.2610752644140897
1.1349153587848537
1.3573302913210932
1.4126079350917813
0.8791914974398166
0.8884837205393485
0.9430006014518364
