0.32051282
0.25757576
0.32727273
0.23076923
0.28104575
0.27142857
0.33333333
0.25757576
0.37878788
0.275
0.3
0.31111111
0.325
0.22727273
0.44166667
0.15555556
0.22727273
0.34285714
0.37894737
0.40659341
0.48333333
0.23809524
0.30769231
0.35714286
0.33333333
0.35555556
0.28571429
0.43589744
0.28205128
0.38461538
0.23715415
0.27472527
0.4
0.33684211
0.31818182
0.54285714
0.28571429
0.19444444
0.25757576
0.39285714
0.23636364
0.10714286
0.35555556
0.32967033
0.16666667
0.13888889
0.38181818
0.36111111
0.26797386
0.1978022
0.31868132
0.25757576
0.46969697
0.29090909
0.325
0.33333333
0.38095238
0.37878788
0.26666667
0.33333333
0.41025641
0.41025641
0.46428571
0.49450549
0.13636364
0.12727273
0.18333333
0.33333333
0.42222222
0.26666667
0.33088235
0.27472527
0.33333333
0.33157895
0.34285714
0.33333333
