2.3
2.40740741
2.14634146
3.01234568
2.27160494
2.26582278
2.49382716
2.56097561
2.90123457
2.40740741
2.72839506
2.79268293
2.23170732
2.24390244
2.14634146
3.15189873
2.47560976
2.18292683
2.46341463
2.56097561
2.01219512
2.9125
1.9875
2.48148148
2.48148148
2.22222222
2.31707317
2.35802469
2.43902439
2.35365854
2.45121951
2.72839506
2.56097561
2.45121951
2.28205128
2.35802469
2.6375
2.76829268
2.35802469
2.3164557
2.65
2.58536585
2.5875
2.71604938
2.64197531
2.36585366
2.45121951
2.34146341
2.54878049
2.54878049
2.24390244
2.32098765
2.17283951
2.30864198
2.37804878
2.86419753
2.08641975
2.90123457
2.6375
2.48148148
2.0
1.98765432
2.27160494
2.56097561
2.6097561
3.025
2.69135802
2.08641975
2.25316456
1.97530864
2.51219512
2.93902439
2.13580247
2.07407407
2.26829268
2.32098765
