1.8
2.11111111
2.19512195
2.09876543
2.04938272
2.26582278
1.85185185
1.92682927
2.03703704
1.90123457
1.91358025
2.07317073
2.04878049
2.01219512
1.79268293
2.02531646
2.12195122
1.92682927
1.95121951
2.15853659
2.02439024
1.9375
2.1625
2.2345679
2.14814815
2.20987654
1.84146341
2.03703704
2.09756098
2.15853659
1.96341463
2.0617284
2.07317073
1.92682927
2.19230769
2.03703704
1.85
2.20731707
2.0617284
2.03797468
2.2875
2.12195122
2.0125
1.98765432
2.04938272
2.42682927
1.87804878
2.17073171
2.17073171
2.2195122
1.93902439
2.01234568
1.86419753
1.87654321
1.75609756
2.54320988
2.20987654
2.03703704
2.0625
2.01234568
1.75609756
1.87654321
2.03703704
2.01219512
2.26829268
2.65
2.11111111
1.91358025
2.13924051
2.40740741
2.03658537
2.12195122
1.91358025
1.85185185
2.32926829
2.20987654
