2.325
2.04938272
2.36585366
2.2962963
2.49382716
2.11392405
1.96296296
1.97560976
2.56790123
2.01234568
2.02469136
1.81707317
2.29268293
2.20731707
1.90243902
2.49367089
2.45121951
2.08536585
2.1097561
1.75609756
2.01219512
2.45
1.9375
2.16049383
2.30864198
1.82716049
2.09756098
2.02469136
2.74390244
2.04878049
1.8902439
1.81481481
2.14634146
2.65853659
2.06410256
1.96296296
2.3125
2.12195122
1.97530864
2.30379747
3.0875
2.12195122
2.95
2.0
2.17283951
2.42682927
2.67073171
1.97560976
2.76829268
2.07317073
2.34146341
2.51851852
1.92592593
2.7037037
1.90243902
2.74074074
2.01234568
2.56790123
2.6625
2.22222222
1.7804878
1.87654321
2.37037037
2.20731707
2.35365854
2.8125
2.41975309
2.02469136
2.91139241
2.16049383
2.35365854
2.13414634
2.03703704
1.72839506
2.02439024
2.2345679
