0.72222222
0.33333333
0.33333333
0.22222222
0.25757576
0.2
0.1
0.4
0.23076923
0.46666667
0.55555556
0.35714286
0.23809524
0.5
0.63888889
0.25
0.0
0.66666667
0.33333333
0.66666667
0.2
0.26666667
1.0
0.25641026
1.0
1.0
0.5
0.71428571
0.3
0.5
0.52380952
1.0
0.33333333
0.52747253
0.19047619
0.8
0.23333333
0.15238095
0.4
0.29090909
0.66666667
0.42857143
0.27777778
0.38888889
0.47619048
0.15
0.44871795
0.44444444
0.31868132
0.35714286
0.35555556
0.66666667
0.31617647
0.16666667
0.30555556
0.08888889
0.33333333
0.23076923
0.33333333
0.5
0.53333333
0.30909091
0.17582418
0.30909091
0.2
0.18181818
0.52777778
0.33333333
0.33333333
0.33333333
0.57142857
0.25454545
0.38181818
0.5
0.53333333
0.0
