2.5375
2.2962963
2.64634146
2.61728395
2.20987654
2.39240506
2.39506173
2.26829268
2.56790123
2.33333333
2.20987654
2.54878049
2.42682927
2.17073171
1.80487805
2.30379747
3.0
2.29268293
2.23170732
2.42682927
2.03658537
2.3125
2.3875
2.28395062
2.69135802
2.35802469
2.03658537
2.09876543
2.91463415
2.19512195
2.26829268
2.38271605
2.67073171
2.26829268
3.12820513
2.27160494
2.425
2.19512195
2.37037037
2.15189873
2.4125
2.62195122
2.7125
2.32098765
2.44444444
2.82926829
2.25609756
2.46341463
2.48780488
2.08536585
2.42682927
2.92592593
2.56790123
2.12345679
2.13414634
3.02469136
2.38271605
2.56790123
2.35
1.9382716
1.95121951
2.25925926
3.13580247
2.42682927
2.52439024
3.1875
2.03703704
2.56790123
2.10126582
2.58024691
2.19512195
2.34146341
1.95061728
1.82716049
2.81707317
2.61728395
