0.53333333
0.44444444
0.0
0.33333333
0.35714286
0.46666667
0.33333333
0.5
0.24444444
0.66666667
1.0
0.30555556
0.0
1.0
0.60606061
0.27619048
0.36263736
0.5
0.6
0.5
0.53333333
0.66666667
0.5
0.0
0.33333333
0.3
0.66666667
0.33333333
0.32380952
0.0
0.26666667
0.0
0.0
0.73333333
0.7
0.5
0.0
0.33333333
0.16666667
0.35714286
0.3
0.24444444
0.35897436
0.35714286
0.28571429
0.33333333
0.35555556
0.53571429
0.52380952
0.4
0.4
0.40952381
0.37878788
0.5
0.26923077
0.0
0.57142857
0.24444444
1.0
0.66666667
0.38888889
0.7
0.0
0.38095238
0.0
0.33333333
0.4
0.3
0.33333333
0.33333333
0.53333333
0.66666667
0.43636364
0.6
0.46428571
1.0
