0.50909091
0.16666667
0.41818182
0.33333333
0.39285714
0.3030303
0.0
0.17948718
0.0
0.66666667
0.42857143
0.23809524
0.52777778
0.17857143
0.33333333
0.33333333
0.33333333
0.43956044
0.64285714
0.66666667
0.4
0.26666667
0.39393939
0.40659341
0.5
0.38888889
0.5
0.33333333
0.38095238
0.42307692
0.33333333
0.33333333
0.39333333
0.41666667
0.45454545
0.5
0.31868132
0.23809524
0.31111111
0.27777778
0.28888889
0.5
0.5
0.33333333
0.22222222
0.33333333
0.28787879
0.42857143
0.35714286
0.2
1.0
0.46428571
0.33333333
0.33333333
0.2
0.3030303
0.28888889
0.0
0.57142857
0.66666667
0.49090909
0.57777778
0.35714286
0.39285714
0.25641026
0.2
0.33333333
0.40952381
0.3974359
0.32142857
0.25454545
0.4
0.3956044
0.28458498
0.37777778
0.38333333
