1.8625
2.37037037
2.57317073
2.27160494
2.83950617
2.58227848
2.33333333
2.18292683
2.22222222
2.45679012
2.2962963
2.57317073
3.06097561
2.42682927
1.90243902
2.64556962
2.75609756
2.09756098
2.20731707
2.43902439
2.18292683
2.3875
1.9125
2.18518519
2.83950617
2.60493827
2.32926829
2.38271605
2.53658537
2.25609756
2.48780488
3.08641975
2.70731707
2.45121951
1.98717949
2.03703704
2.175
2.59756098
2.20987654
2.44303797
2.9375
2.5
2.65
2.58024691
2.4691358
3.46341463
2.6097561
2.34146341
2.37804878
2.51219512
2.23170732
2.35802469
2.11111111
2.43209877
2.40243902
2.75308642
2.09876543
2.22222222
2.2125
2.41975309
1.81707317
1.90123457
2.27160494
2.63414634
2.32926829
2.275
2.0
2.02469136
2.60759494
2.40740741
2.35365854
2.2195122
1.77777778
2.02469136
2.3902439
2.14814815
