0.4238060562650601
0.3964582174698795
0.36297903060240944
0.3173530387951806
0.3660443951807228
0.3322212425301203
0.33193006686747
0.3640177572289158
0.37675997421686747
0.34171928951807223
0.3923661587951806
0.36293538650602397
0.36582460518072285
0.38822993132530115
0.4569098695180723
0.29046661662650597
0.31325903674698785
0.45643428819277104
0.4017039953012048
0.3912086642168676
0.4015935957831327
0.32750018662650604
0.43003327012048187
0.328140204939759
0.37263438024096385
0.40894973795180706
0.37062806493975897
0.4295010265060239
0.35301332795180707
0.4100437565060239
0.43439312578313244
0.3343907380722892
0.3582364924096386
0.44841906590361447
0.3493932443373494
0.41571849120481913
0.3981126218072289
0.3477657581927711
0.38682068566265054
0.3596408933734939
0.30892180554216875
0.35604986144578304
0.31782199602409644
0.35451094301204805
0.3630851695180722
0.3134748332530119
0.44734759698795173
0.3694088143373495
0.368278649879518
0.3588131026506021
0.38150948409638535
0.3655854193975904
0.40458727060240945
0.36917696277108425
0.4183597871084336
0.2821268698795182
0.39454984144578303
0.37675997421686747
0.3547431590361445
0.4120824413253012
0.45388708048192744
0.4121970904819277
0.3174498228915662
0.42703306626506016
0.24004435686746972
0.23949431554216866
0.3427641381927711
0.3912840950602409
0.3643209195180721
0.29797879831325297
0.44363831445783136
0.43426347542168675
0.4342984018072289
0.4160188204819278
0.3303526349397589
0.3187251642168674
