0.5
1.0
0.0
0.66666667
0.18181818
0.16666667
0.38095238
0.16666667
0.5
0.0
0.52380952
0.2
1.0
0.33333333
0.42857143
0.6
0.26666667
0.53333333
0.21428571
0.0
0.44444444
0.52777778
0.24444444
0.24242424
0.5
1.0
0.2
0.27777778
0.33333333
0.53571429
0.66666667
0.22727273
0.29090909
0.41818182
1.0
0.43636364
0.60714286
0.6
0.53571429
0.13333333
0.42222222
0.26666667
0.2
1.0
0.33333333
0.0
0.35555556
0.28571429
0.34545455
0.61904762
0.0
0.33333333
0.52727273
0.28888889
0.27777778
0.0
0.4
0.5
0.25
0.0
0.26666667
0.35164835
0.33333333
0.43809524
0.0
0.0
0.38095238
0.17777778
0.38235294
0.19047619
0.4
0.42222222
0.42222222
0.46666667
0.28888889
0.32967033
