2.2875
2.58024691
3.85365854
2.37037037
2.32098765
2.73417722
2.59259259
2.52439024
2.41975309
2.28395062
2.62962963
2.67073171
2.68292683
2.58536585
2.12195122
2.4556962
2.80487805
2.35365854
2.53658537
2.40243902
2.15853659
2.3375
2.8875
2.2345679
2.61728395
2.28395062
2.14634146
2.0617284
2.47560976
2.47560976
2.53658537
2.95061728
2.03658537
2.35365854
2.6025641
2.22222222
2.4375
2.45121951
2.13580247
2.3164557
2.8375
2.06097561
2.55
2.77777778
2.2962963
2.63414634
2.37804878
2.24390244
2.76829268
2.46341463
2.91463415
2.41975309
2.11111111
2.51851852
2.35365854
3.16049383
2.38271605
2.41975309
2.575
2.54320988
2.13414634
2.12345679
2.79012346
1.96341463
2.97560976
3.2125
2.24691358
2.48148148
2.6835443
2.39506173
2.40243902
2.6097561
2.24691358
2.27160494
2.5
2.35802469
