0.62637363
0.45
0.4047619
0.33333333
0.3
0.55555556
0.49090909
0.53571429
0.32026144
0.33333333
0.33333333
0.47953216
0.33333333
0.5
0.26666667
0.0
0.16666667
0.41911765
0.36764706
0.51633987
0.45714286
0.33333333
0.61538462
1.0
0.5
0.4
0.44444444
0.47272727
0.5
0.46153846
0.39901478
0.31111111
0.35
0.6
0.46428571
0.6
0.28205128
0.21794872
0.4
0.58333333
0.66666667
0.33333333
0.66666667
0.42857143
0.2967033
0.38095238
0.66666667
0.43809524
0.6
0.36111111
0.53333333
0.2
0.48717949
0.33333333
0.54166667
1.0
0.57142857
0.32026144
0.4
0.41911765
0.39166667
0.43859649
0.33333333
0.41176471
0.26666667
0.83333333
0.66666667
0.43589744
0.37179487
0.66666667
0.29824561
0.52777778
0.38961039
0.63636364
0.46666667
0.2
