1.9625
2.12345679
2.62195122
2.02469136
2.22222222
2.02531646
2.35802469
2.12195122
2.22222222
2.19753086
2.39506173
1.92682927
2.15853659
2.79268293
2.46341463
2.46835443
1.82926829
1.96341463
2.34146341
2.35365854
2.18292683
2.5375
2.175
2.27160494
2.09876543
1.97530864
1.98780488
2.51851852
2.35365854
1.96341463
1.8902439
1.97530864
2.09756098
2.36585366
2.48717949
2.2345679
2.5375
2.40243902
1.95061728
1.83544304
2.6375
2.20731707
2.55
2.44444444
1.96296296
2.06097561
1.97560976
2.13414634
2.34146341
2.63414634
2.14634146
2.17283951
1.86419753
2.13580247
1.95121951
2.95061728
1.9382716
2.22222222
2.0625
2.35802469
2.25609756
2.25925926
2.11111111
1.8902439
2.45121951
2.3375
2.22222222
2.2345679
1.84810127
2.59259259
1.93902439
1.80487805
2.2345679
1.88888889
2.19512195
2.34567901
