0.31521739
0.4
0.5
0.5
0.38888889
0.26923077
0.32631579
0.3
0.19047619
0.27777778
0.4
0.18681319
0.275
0.23376623
0.37878788
0.08888889
0.38095238
0.32679739
0.47619048
0.33333333
0.41025641
0.17142857
0.42857143
0.2875817
0.28787879
0.25757576
0.38562092
0.275
0.26666667
0.46969697
0.42424242
0.37777778
0.44736842
0.43589744
0.20833333
0.35930736
0.36363636
0.36363636
0.48888889
0.37362637
0.3030303
0.14285714
0.28888889
0.30909091
0.2
0.23636364
0.36263736
0.34545455
0.16666667
0.46666667
0.32051282
0.25541126
0.47222222
0.23976608
0.37878788
0.18681319
0.39393939
0.19047619
0.23076923
0.32380952
0.36363636
0.8
0.19444444
0.53333333
0.0
0.16666667
0.28333333
0.32748538
0.30769231
0.33333333
0.34545455
0.35897436
0.28095238
0.42165242
0.23529412
0.38181818
