0.5
0.46666667
0.6
0.33333333
0.66666667
0.42424242
0.38571429
0.75
0.35064935
0.4
0.54545455
0.37944664
0.32051282
0.28676471
0.38176638
0.11111111
0.43636364
0.48571429
0.80952381
0.6025641
0.51111111
0.38888889
0.55555556
0.5
0.42857143
0.27272727
0.30434783
0.33809524
0.66666667
0.5
0.31428571
0.37179487
0.52380952
0.42424242
0.71428571
0.35714286
0.39285714
0.42222222
0.40659341
0.39869281
0.4
0.32142857
0.30555556
0.54545455
0.38181818
0.49090909
0.78571429
0.51282051
0.73333333
0.33823529
0.30909091
0.35555556
0.34285714
0.57142857
0.39310345
0.66666667
0.61111111
0.35064935
0.5
0.42857143
0.63888889
0.4952381
0.0
0.31333333
0.46666667
0.5
0.28888889
0.32010582
0.33333333
0.25757576
0.38735178
0.36029412
0.46405229
0.38095238
0.66666667
0.37878788
