2.3375
2.62962963
2.51219512
2.90123457
2.16049383
2.25316456
2.02469136
2.19512195
2.39506173
2.51851852
2.60493827
2.12195122
1.84146341
1.90243902
1.80487805
2.24050633
2.18292683
1.85365854
2.46341463
2.40243902
2.51219512
1.95
2.225
1.97530864
2.03703704
1.81481481
2.20731707
2.28395062
1.76829268
2.41463415
2.0
2.11111111
1.84146341
2.13414634
2.75641026
2.30864198
2.45
2.26829268
2.30864198
2.29113924
2.45
2.35365854
2.275
2.56790123
2.20987654
2.12195122
2.12195122
2.13414634
2.08536585
1.93902439
2.19512195
1.87654321
1.87654321
2.18518519
2.02439024
2.44444444
2.08641975
2.39506173
2.3625
2.69135802
2.18292683
2.13580247
2.59259259
1.91463415
2.13414634
2.5125
1.97530864
1.69135802
1.83544304
1.86419753
2.15853659
2.3902439
1.95061728
2.17283951
2.15853659
2.03703704
