0.50909091
0.34615385
0.35555556
0.3
0.34848485
0.33333333
0.32727273
0.29347826
0.31818182
0.34166667
0.43137255
0.31168831
0.37179487
0.38888889
0.50909091
0.33333333
0.33333333
0.53571429
0.42105263
0.34848485
0.47058824
0.33333333
0.4
0.35
0.28571429
0.53846154
0.43137255
0.46323529
0.33333333
0.40935673
0.35714286
0.21212121
0.45098039
0.52380952
0.3
0.27472527
0.66666667
0.40909091
0.37426901
0.30555556
0.15555556
0.30769231
0.33333333
0.3
0.47368421
0.33333333
0.64835165
0.30833333
0.2
0.14285714
0.44444444
0.32679739
0.24561404
0.53571429
0.40935673
0.24444444
0.22222222
0.31818182
0.42424242
0.33333333
0.47794118
0.44444444
0.30909091
0.42857143
0.23076923
0.22222222
0.35833333
0.37878788
0.33333333
0.56060606
0.55128205
0.53333333
0.5
0.46783626
0.33333333
0.35833333
