0.32727273
0.28571429
0.26666667
0.44444444
0.28571429
0.43636364
0.2967033
0.3
0.25454545
0.275
0.39393939
0.24444444
0.38888889
0.33333333
0.49166667
0.42857143
0.19230769
0.28888889
0.31827957
0.31818182
0.28205128
0.3
0.28787879
0.41025641
0.29487179
0.3
0.2967033
0.31111111
0.32380952
0.28676471
0.2952381
0.33333333
0.36601307
0.44444444
0.28333333
0.31818182
0.34065934
0.21904762
0.28654971
0.33918129
0.23636364
0.33333333
0.25735294
0.30833333
0.34782609
0.32727273
0.55128205
0.36263736
0.43589744
0.30909091
0.31372549
0.43636364
0.4
0.35714286
0.38095238
0.22807018
0.23550725
0.25454545
0.5
0.39525692
0.4
0.25730994
0.17753623
0.29710145
0.28571429
0.16339869
0.24175824
0.41428571
0.35714286
0.44444444
0.64285714
0.33333333
0.44588745
0.36190476
0.45454545
0.28571429
