1.9375
1.86419753
2.29268293
2.43209877
2.64197531
2.2278481
2.28395062
2.40243902
2.50617284
2.18518519
2.17283951
1.80487805
3.12195122
2.54878049
2.18292683
2.27848101
2.32926829
2.0
2.15853659
1.97560976
2.1097561
2.8
1.9125
2.65432099
2.7037037
1.96296296
1.92682927
2.08641975
2.75609756
2.0
1.82926829
2.51851852
2.02439024
2.84146341
2.20512821
2.35802469
2.575
2.40243902
2.18518519
2.40506329
2.775
2.69512195
2.6375
1.95061728
1.95061728
2.47560976
2.59756098
1.93902439
2.75609756
2.06097561
2.25609756
2.20987654
2.11111111
2.48148148
2.30487805
2.79012346
2.25925926
2.50617284
2.675
2.12345679
2.29268293
2.07407407
2.18518519
1.96341463
2.26829268
2.9375
2.41975309
2.0
2.02531646
2.4691358
2.36585366
2.26829268
1.96296296
1.82716049
2.54878049
2.18518519
