0.50909091
0.2
0.47619048
0.6
0.66666667
1.0
0.46666667
0.46666667
0.46666667
0.0
0.5
0.0
0.0
0.16666667
0.33986928
0.52380952
0.0
0.36263736
0.38461538
1.0
0.63736264
0.33333333
0.83333333
0.43636364
0.0
0.5
0.2
0.5
0.33333333
0.5
0.6
1.0
0.57142857
1.0
0.0
0.33766234
0.38888889
0.83333333
0.21978022
0.2
0.5
0.0952381
0.0
0.0
0.13333333
0.33333333
0.33333333
0.5
0.46666667
0.0
0.66666667
0.66666667
0.0
0.39285714
0.33333333
0.42857143
0.6
0.46666667
0.66666667
0.5
0.25
0.38888889
0.33333333
0.33333333
0.0
0.0
0.44444444
0.33333333
0.58181818
0.0
0.46666667
0.30555556
0.0
0.4
0.4
0.64285714
