2.5
2.18518519
2.36585366
2.2345679
2.51851852
3.2278481
2.28395062
2.3902439
2.74074074
2.44444444
2.24691358
2.31707317
2.6097561
2.68292683
2.08536585
2.73417722
2.43902439
2.14634146
2.68292683
2.25609756
2.15853659
2.7625
2.5375
2.01234568
3.16049383
2.45679012
2.42682927
2.2962963
2.42682927
2.26829268
2.26829268
2.22222222
2.6097561
2.87804878
2.62820513
2.13580247
1.9875
2.41463415
2.44444444
3.0
2.725
2.48780488
0.0
2.43209877
2.45679012
2.5
2.29268293
2.45121951
2.52439024
2.59756098
2.41463415
2.75308642
2.34567901
2.49382716
2.70731707
2.72839506
2.51851852
2.74074074
2.8
2.7654321
2.07317073
2.01234568
2.50617284
2.34146341
2.19512195
2.7625
1.98765432
2.60493827
2.16455696
2.74074074
2.14634146
1.7195122
2.37037037
2.0617284
1.98780488
2.38271605
