1.8875
1.81481481
1.84146341
2.30864198
2.60493827
1.98734177
1.90123457
2.13414634
2.2345679
1.97530864
2.07407407
1.85365854
2.03658537
1.85365854
1.73170732
2.15189873
2.03658537
1.7804878
2.09756098
1.92682927
1.67073171
2.4375
1.725
2.17283951
2.41975309
2.33333333
2.23170732
1.74074074
1.86585366
1.80487805
2.03658537
2.0617284
1.93902439
2.84146341
1.91025641
2.17283951
1.9625
1.96341463
2.32098765
2.58227848
2.8375
2.2804878
2.8375
2.01234568
1.90123457
2.34146341
2.51219512
1.92682927
2.57317073
1.95121951
2.08536585
1.83950617
2.12345679
2.01234568
1.86585366
2.88888889
2.14814815
2.2345679
2.2625
1.65432099
1.51219512
1.75308642
2.08641975
2.1097561
1.8902439
2.625
2.37037037
1.98765432
1.91139241
1.96296296
1.65853659
1.80487805
1.61728395
1.92592593
2.12195122
2.04938272
