2.7650273289769776
1.3164473463133224
3.7317072642831652
0.0
1.2749999799187501
0.0
0.0
1.1111111
1.19947732961715
0.0
3.499999947500001
0.0
1.1033682042038473
1.9820224477631618
1.6931354213869598
0.0
0.8484848461707989
2.471014511066478
1.6666666499999998
0.0
1.3737373533394552
1.636363666115703
0.0
0.6573033931643734
2.687747014126139
2.2399999680800002
0.0
1.828571453257143
1.414965978814383
1.5306122499999997
1.789473714349031
1.9275362707939514
0.0
1.4571428421551018
0.0
0.0
2.7500000165000005
0.0
0.0
0.0
2.2666666183111124
0.0
1.6319999947775998
0.0
3.7297297579547117
5.1000000357
0.0
0.565725687349817
0.7000000083999999
1.0461538624497042
1.1590909333264467
0.0
3.824999915303573
0.0
1.984931534040158
0.0
0.0
0.9375000036458334
0.0
4.130434836483933
1.588235318408305
1.6698795148532442
3.8857143034775516
2.555555521481482
1.6041666335807294
0.0
3.4714285615102045
0.0
0.0
1.2442622918183284
1.1875000038169643
1.4834754935322059
0.4693877694710539
3.9152541669462813
0.0
1.4374999730468752
