1.3033112615580018
1.3015873027029479
1.4589041160517922
1.3521540172855082
1.2148148173344309
1.093333334936889
1.0633271193261344
1.3430656918578505
1.1128622698925894
1.4233732503989855
1.425547996934405
1.1554054025976992
1.229166669988426
1.4000000011714286
1.375939851014755
1.5569620298835443
1.0281690095298552
1.2428571454510204
1.1438848927653846
1.3333333314351852
1.1768707475783238
1.279432620483879
1.1572580660093652
1.2175508810692226
1.0730864197071934
1.1601333645603698
1.5102040771928364
1.423152621555151
1.2083333342824076
1.235714289437755
1.253521126191232
1.4229474213018474
1.1911764696128893
1.190140843199762
1.4181724338596666
1.4132073888912244
1.3211111138511933
1.2322580646867847
1.198286721009833
1.237038327361749
1.0971830967371554
1.34782608463138
1.1890000017438667
1.2585919253658164
1.0051146387237844
1.1643835638750235
1.3636363625937697
1.2269503525476584
1.0410958951810847
1.398601397679104
1.2847222223804013
1.1468531462115505
1.2567049816662703
1.2105672092528295
1.0138888866743827
1.50106428648452
1.4056310520903819
1.046090538200933
1.4350000023751723
1.1644901133358496
1.2500000014642858
1.3919753075812455
1.4172839553463845
1.3758865217705347
1.235714289437755
1.4239932891640241
1.1081890580937055
1.518518520499195
1.4218831322517345
1.3659732855232145
1.2941176413840831
1.3687943243438458
1.1749121347556155
1.2584019193102232
1.1594202880466289
1.261867501951773
