3.487179437107167
1.3586956482750474
1.7448979445835069
0.50370370818107
1.6426666800544003
0.6066666508933334
0.6052631674515235
0.9114583548665368
1.3974683742425897
2.651162786073553
2.6808510629741966
1.1590908948657024
1.3461538197485208
1.7410714071707591
1.0862388302099681
1.0340909166115702
1.315789477839335
2.4428571759714295
1.9498207388414854
1.2631578814404434
3.1095041179329455
2.2619047780612247
2.8848484708613404
1.7733134914813438
1.4543325643490614
2.365591424072147
1.5698005919705607
2.498866165320006
0.0
1.6581632499999999
3.206250050097657
1.6385017430322089
2.4782608631001892
2.240259802987014
0.0
3.1986532339353126
2.800936807355934
1.8971014521865153
1.8720000204984004
1.3076922986390533
2.1205357643833715
1.0582010666666668
2.533333391600001
3.0068027686686114
1.1400000205200003
2.5499999745000004
2.383333366333334
1.0431654568190052
3.1868132377671783
1.700680263686427
2.9999999999999996
4.3749999726562505
3.0448717885478307
1.7499999444711551
2.214545448283636
3.3333333499999998
2.4118738128328077
1.452631572831025
1.6428571888571437
1.7307692041420122
1.1221978133955166
1.8082191507731287
0.0
2.619047607142857
2.1111111412698413
5.757575775022957
1.4317460443174603
1.9387754864639735
1.8095238565714296
0.593220352858374
2.0516717152881068
1.3737373533394552
1.7890772028599697
1.5121951073884594
0.5747126551724138
1.2925169780508123
