2.3657142708440815
2.3170732102914937
2.6190476
4.500000045
1.5805008939919707
2.1554621850852693
1.0710808236845675
2.8181817999999996
2.1083333350902778
1.9714285784693877
1.4117647224913499
1.7272727410909094
0.9463235207514707
1.4362881217119847
1.4478844417216052
0.730769197884616
0.8947368442243767
1.4285714136212626
2.3125341927080387
1.4476190700571432
0.6015625056396484
1.8161764545569854
1.9784946140825528
1.2774725090315935
1.6734279493320283
1.2998188356261322
1.3909090583618187
1.407407365185186
1.5617283441609522
2.2272727381198347
2.081448006840565
1.0975155373015122
1.6159090861394627
1.711111138679013
3.6666667216666675
1.7391304347826086
3.640000106773336
1.5405405180569758
1.6896551611771702
2.398589105765237
1.6596209781196825
1.2925170354227407
2.1153846331538464
1.5692307740591718
1.740113004203773
1.0822281340016466
1.0348583847333173
1.5541342847198536
1.0026041969156907
1.1862745151960785
1.6581818618472735
1.169630646762956
1.423809494551021
1.6289925814436559
2.8163265443107037
3.27380947984694
1.89743588
1.6249999878124999
1.1666666599122808
1.5200000273600005
1.430288455495331
1.5720930186998379
2.591549276611784
1.4447196489145795
1.8374999717265628
1.0
0.848760066063364
1.0645935778785869
1.9259258789135814
1.06257376542112
1.9860627315373502
1.1524822782178965
1.8920939771729133
1.3602272875035513
1.4117647224913499
1.2766213778981328
