0.95238096
1.7405405661446314
1.1040000017664002
1.2638888941550925
0.0
0.0
0.4912280604801477
1.2727272692561982
0.0
1.2252252288677867
1.1616161287037043
0.0
1.317708303890788
2.6020408657434406
1.4396456472031216
0.9090909090909091
1.8823529515570938
1.2904977647084381
6.500000162500005
0.7228915575555235
1.33333332
1.351351332943755
2.6923076798816568
0.5151515282644629
3.4548386940749216
2.1003861223833877
1.4371681578723474
2.3437500366210946
1.3999999790000004
1.0928571270714287
3.7499999531250006
1.0411522294406348
0.0
5.200000062400001
1.692307649349113
1.943661947740528
1.714285705714286
1.090909106951872
3.420000009576
2.9615384119896464
2.0899521584265925
0.3584415549036938
0.0
0.0
1.3128815512329568
1.1785713977678576
2.400000009
0.4376257479319579
0.0
1.6949152735420858
1.1032258046722165
3.7173912760633274
1.3386243263536155
0.0
2.142857142857143
0.0
0.0
0.0
3.5294118062283744
1.117647062768166
0.921212128
1.1022222288355557
0.0
2.287005645502059
1.1102041033609331
0.6034482796076098
0.0
1.6804276910951286
0.0
0.0
1.2253521187165246
1.7438464861440277
1.0881818237945455
1.4583333415364585
1.4285714285714286
0.6071428779591839
