1.3117132859794611
1.602880653783514
2.120805371860727
1.287220998868503
1.312558535275959
1.5251872900915053
1.5747599468217246
1.4680850999486945
1.407232289483029
1.2485596740978877
1.4668682263851311
1.564285718762245
1.517241382235434
1.4722222209567901
1.2888888918584365
1.3424472579689228
1.7164179127311205
1.3985507260586012
1.4545454561093452
1.407142857184694
1.1800000042640002
1.261019734519174
1.7538888925265845
1.2995359381573448
1.4801192017601972
1.2916134562068085
1.2394366156516565
1.199019349790016
1.4295774646260664
1.4817518247738293
1.4246575404785138
1.6459225614425859
1.1438356219009196
1.3310344868927468
1.2057076595583676
1.2832550826198506
1.4916044789477054
1.3958333328587964
1.1914000151716733
1.3966865210974937
1.5011290341950052
1.2246376807718966
1.3318471312130309
1.5601217711236213
1.298595151114916
1.479452058025896
1.2662337663029177
1.2957746462606625
1.4934210483015928
1.4532374086713937
1.6713286724915644
1.36841209454082
1.227738372545423
1.4441854442270292
1.3040540550648285
1.739332175599731
1.3568244181149025
1.3316761977174534
1.371103896460027
1.4186612910962453
1.2411347474010361
1.2803195315696956
1.5778629248185319
1.087837834805515
1.615894045920793
1.881607146351556
1.3067156953000973
1.3842277619054473
1.4969430762639102
1.3544487047246048
1.4701492523613278
1.4758620727876337
1.261965164827302
1.369644151173053
1.464285717005102
1.4113724399233436
