1.0966783210647955
1.1714285736040817
1.2127659518786782
1.2584019193102232
1.1926264195688396
1.1922682144646837
1.1559408069335013
1.048611109054784
1.107025491587788
1.1256151232863691
1.0693792355165421
1.1258741228666438
1.257142857477551
1.1048951052560028
0.9931506860086321
1.3956551468948275
1.2589928057978366
1.0129032290489073
0.9791666699884259
1.1925925925475995
1.0069930058702137
1.1343333349970224
1.0250000016965517
1.1740397839855776
1.1062055476844908
1.1012679333099542
1.035460987133444
0.9344729341625325
1.187499998576389
1.0416666657175926
1.11594202821046
1.303568409735804
1.1597222252276236
1.1408450707478675
1.1943136202005338
1.1598397548393318
1.2243055562357252
0.9382716048132907
1.227738372545423
1.214500988192039
1.2100694451167053
1.1818181812968849
1.130308222274817
1.012345680392817
1.1714285736040817
1.2781457004350687
1.0281690095298552
1.034965035085334
1.235714289437755
1.1666666636956522
1.0939597330579705
1.1631205640762536
0.9083375634475002
1.1833500163626014
0.9784172696247605
1.1969873416599985
1.1294196682064686
1.0397063724056037
1.2158620709779786
1.0841432413215795
1.076923076040882
1.0949861390156708
1.2654320939642338
1.1086956525614367
1.3082191801595047
1.5271812086686636
1.0619010602450902
1.0340388033489292
1.2003788812782414
1.1487610497907488
1.0579710111342155
1.1140939580325209
1.149735450135223
1.079835394535955
1.2183098585042649
1.0802883408377
