1.0392361116884645
1.0896776429664876
1.1597222252276236
1.1255685472686896
1.6847245271803502
1.5896255641456638
1.3856930180547715
1.5755395710615392
1.2791124475141133
1.0058144189752445
1.3282549667283547
1.298611109054784
1.6027397323362733
1.2482758623419739
1.2887323938781987
1.5078686285757645
1.5323741044117798
1.2411347474010361
1.2611940311294274
1.4460431652129806
0.9868421019979223
1.5959731550050897
1.1067028980695495
1.2464936562987188
1.3853151346849457
1.5716135703095868
1.2083333342824076
1.2877632503724261
1.5845070401388612
1.1857142856306122
1.316901403408054
1.2247258912029504
1.1214285756540816
1.6571428586489796
1.1993499455785634
1.111456441336248
1.2777397295280541
1.5310344834996434
1.7752728560397364
2.3259724626882194
1.5567187517513086
1.5177304935667217
1.7988410641295338
1.2082835553655273
1.3596467502253846
1.7465753486207543
1.5886524794648156
1.0422535200694307
1.6258992811697117
1.3984962383763921
1.2635135099570856
1.4503108265239408
1.2464936562987188
1.4462081088706524
1.3732394340170602
1.778445108798348
1.2243910551186545
1.3238366591195319
1.3453125007473958
1.1482310038180796
1.0583941571325057
1.238176639165023
1.5369919746121294
1.3237410087221158
1.1794871827218933
1.507352939994233
1.5291375301934895
1.219092329066323
1.4254852359573784
1.5928515932347684
1.5275590538979478
1.3972602788966035
1.2212424032125204
1.3708847759004914
1.1857142856306122
1.1050252129210842
