2.5499999745000004
2.028353367063858
0.0
0.7867494906967325
1.825396806534392
0.0
1.5081967250201558
0.8260869419754254
0.9236842236468301
1.2525252506274869
2.1466667249333344
1.241590185020902
2.4836601674868644
2.1466667249333344
2.4127659446129472
0.0
1.2987012688480355
0.0
0.0
1.2923076903195267
2.6415094720897123
1.400000021
2.7804878404818565
0.0
0.0
1.2037037083333335
1.4166666383333335
0.8597883636096414
2.0588235536332182
0.6666666666666667
2.5534591698433613
5.0
2.3529412159169554
2.3652173501701332
0.0
4.181818265454547
1.862903214689126
4.1999999664
1.1904761998953428
2.549019635582469
2.6000000086666666
1.8937908043464062
0.8688186749027896
1.4528301705873976
1.860294142268599
2.2749999829374996
2.606741598149224
1.4070922161452648
2.66666668
1.115942012974165
0.0
0.0
1.2474747500280585
1.9428571517387758
1.9343891108005058
2.1818181163636376
1.5104477862178665
0.896434656728189
2.1103895829819534
0.0
0.9602648821564845
0.5199161466777421
0.0
0.7914229865373963
0.0
0.0
1.8055555354938275
0.0
0.0
1.831073317128918
1.4708886576304645
1.9791666584201388
0.0
0.0
1.1000000109999999
1.2401960824437717
