1.3379770955597579
1.1725730529299085
1.2214765132435477
1.012345680392817
1.226882515140499
0.9447434211903427
1.1737341189099706
1.1449275367485823
1.2349181296881755
1.121053941927941
1.0259342115540675
0.971631204477642
1.2361111133256173
1.1523178839594754
1.1928571475010206
1.2575462523892094
0.9929577476175363
1.0273972615819102
1.0547945231638207
1.1232876743103772
1.1527777761959876
0.9305921035489093
1.2687062929965278
1.0812127273393517
1.2433507341919532
0.925925925
1.0559440526959754
1.1344015355052437
1.2230215826064903
0.986301372017264
1.1102941117506488
0.9191033101490201
1.4044117591641436
1.1276595711272068
1.2082917090151406
1.075180931020989
1.2344890491124993
1.0
1.0942265735602492
1.2579428336292602
1.183802814900615
1.3846153859386767
1.3453125007473958
0.9914005977788699
1.0619010602450902
1.2133333377795557
1.2028985478827976
1.0746268660369793
1.1310344846306777
1.0489510468257615
1.019230771454635
1.3404853149083893
0.9853497979785131
1.514876985694156
1.033557047127607
1.5853715331553926
1.0531112789475616
1.145549055652936
1.1275000020939285
0.99249576196667
1.173611111902006
1.2783635201369343
1.3351225614484976
1.089552236796614
1.2147650994153418
1.2368333351473557
1.219092329066323
1.0989278748177644
1.1714285736040817
1.1610118281616715
1.1063829730315378
1.0518518558112484
1.2448102473225695
0.9285653492610737
1.6231884068304978
1.2175508810692226
