2.5362318933207306
3.4752474975698466
2.6363636004132234
1.2152777799045138
1.2710526124813022
1.6492234224106064
1.282051269230769
0.7665847866657814
0.7999999878666667
0.8163265278134111
1.1151515001621413
0.8333333145833336
1.4999999812500004
1.05376342010059
2.1095890250572342
0.6954545230454549
0.0
1.4757969158987416
2.5666666923333334
2.068656716726665
1.7857142916666666
1.2833333415833335
0.9721407730290416
1.2962962916666667
1.2666666768000001
1.4918919031818847
0.9870130161747347
2.333333380000001
0.0
1.2222222602469142
1.404347823662571
0.0
0.963768118853182
1.3457446880092803
2.062500020625
0.6306980080255817
1.074735465796774
1.9615384675739647
2.032608696379962
0.9963369969756739
2.3949579700444885
1.5631955712890475
1.4736842367036012
0.7480519457365491
1.1949685347454613
1.1374999729843758
1.7769230383091725
1.1363636289525694
1.1164999970894
1.1208791432967036
1.9642856754464293
2.833333319166667
0.9195402413793103
0.7755101945855895
1.040816357011662
1.0196078231949253
0.561038942159555
1.4548032382987046
1.9428571517387758
0.3663299691329456
0.31578947036011085
0.9526627046882112
1.8095238224489798
1.2306501344142091
1.714285705714286
1.6851851496090537
1.366071408839286
0.9176470501868513
1.686666653848
1.7416267667590029
1.4711538506804733
0.7486110932513889
1.252434458217565
1.4661318921224273
0.0
0.0
