1.0112416111454663
0.9975669103688706
1.3767123313060612
1.40072986910701
1.1338271599296132
1.0307161162065923
1.209190672755106
1.3941605800969683
1.0991181678983624
1.189329186327648
0.9912551441618084
1.0469798637773073
1.2127659518786782
0.9931034493678953
0.9928057565415868
1.0851553493727677
1.1351351355843682
1.0489510468257615
1.3971631140506011
1.013605439975936
1.2152777776195989
1.1268211948886893
1.0677083339265048
1.0856075358949335
1.0332907615723432
1.1881001360767225
1.1914893595986118
1.0123456745359871
1.0277777790432099
1.1971830955822258
1.0337837838960922
1.2380714032175195
1.047619045494007
1.1360544220722848
1.0222811701058447
1.2955192952192898
1.3931338004623093
1.0857142897306122
1.195024595129316
1.0522915753968964
1.2132653039765375
1.0413793094478
1.304545453815639
1.2134280448313097
0.9638085585309825
1.0479452091724526
1.0694444447608025
1.1103448270791914
1.2553191480700168
1.3706293684639836
1.401408449321563
1.0697837270360744
1.1272217783624914
1.0689804012201507
1.0211267571473914
1.44812362576349
1.1170710948144624
1.107025491587788
1.2878205157924063
1.0985027556070843
0.8723404230571903
1.0269118041920227
1.4084809438803705
1.3241379306054695
1.1478873231303315
1.6965517269460166
0.953564320456212
0.970455513054547
1.1997369738181134
1.0718954231814688
0.9720279707848795
1.3586206894211652
1.240479915509048
0.971025445085261
1.34782608463138
1.3191170948195197
