1.4119793351137826
1.218673193311641
0.6363636450413225
0.8181818181818181
1.494505483403454
0.0
1.2699222357409319
1.1854945293679124
1.1456651358534526
0.9078947330193906
1.480769183783285
1.665847692606415
1.9444444412037036
0.9560038761036592
1.5384615333333334
0.9625126764362242
1.441764717982526
1.3443396150320401
1.900452478454577
1.4736140398672
2.5942928137677095
0.41596639373208105
1.4456521635869568
0.8058608147252747
1.3636363747933884
1.4701514395925481
1.4183006387254906
2.0689654835315103
0.91767880126648
0.7666666443238097
1.327639739161491
1.2777777961111112
1.4713804587043273
1.9172268902010876
1.6182692357485209
1.4991515604884378
0.8321377434930188
1.015384599876923
1.3438914376077995
1.1333333361666666
1.5405405180569758
1.2952380882068029
2.3111111731259273
0.0
2.238325288888889
1.899999962000001
2.20000000825
1.4240149955511832
0.8444444275555559
1.0143570760443408
0.9279609161234778
1.3513513195763334
1.2311901484745331
1.019318188580966
1.609074346544335
2.083333360833334
0.30163936310239203
1.1963793773138707
1.51111112454321
1.1929824528265107
1.027027025646457
1.268965519648038
0.9419152521089588
2.799999958000001
1.1666666666666665
1.7590618471501769
1.1764705903114188
1.6540540223140985
0.0
1.8518518666666668
0.8288328931406754
1.6024955147946598
2.08014708868125
1.7696249692271722
0.0
1.5454545623140499
