1.388020834104456
1.5077488778503578
1.3931034482368607
1.7697841739350963
1.3084740032639235
1.1871835475855814
1.5495086908648146
1.349315069724151
1.3474670098164971
1.5848446197266393
1.448319365411458
1.3108108107359386
1.3916083918088902
1.5524475497608685
1.1086956525614367
0.0
1.4097222252276236
1.1499999997071428
1.1944444476080247
1.3851851850951988
1.1013513516882762
1.3593971592641214
1.54810345083824
1.3704543502291284
1.4078979663245115
1.2505446595420564
1.1188811169964301
1.019139944705694
1.2123287730474763
1.3197278896385765
1.3913043444675488
1.242741591850055
1.3098591510255901
1.2377622397271262
1.3673537773589384
1.1901901904120338
1.7231884050478892
1.3419354877960459
1.6559082900752582
1.1028481014460267
1.6779109635011258
1.2624113454967054
1.4790268462331653
0.0
1.7174968116703395
1.4405594386346519
1.2285714334244897
1.5755395710615392
1.3866666709671112
1.3680555538155865
1.2553191480700168
1.4064131275462066
1.5645342293345263
1.4242656481505087
1.1768707475783238
1.735449736294922
1.3832814945192264
1.2939252754416661
1.6065602791303255
1.121053941927941
1.3851851850951988
1.4493294243520354
1.5574548883594657
1.2214765132435477
1.654929575512795
1.8059523777581794
1.1926264195688396
1.1344015355052437
1.440007131228157
1.4158680803267871
1.2592592608340194
1.3125000014236112
1.3044991303239593
1.1121544084019925
1.5597014952773445
1.2978790773540798
