1.619144865641542
0.9729152117137755
0.7865546269150766
1.8972331496133363
1.6997067455468735
0.8653846195913462
0.9149468515312925
1.2145749063924995
0.8375806706158919
1.0281385246802441
1.3725490318731748
0.9946360332796935
0.7498998657193839
0.9190981441340437
0.9974910067126649
1.5000000330000005
0.9672830676836723
0.8555225717706142
1.692148763791792
0.8283871013729033
0.8446327850780428
1.4529914461538462
1.4327869003402312
1.128851565463833
0.8749999861842105
0.826446300555973
1.06666664975
0.9825819938299523
0.8116883214285714
1.4123076784536264
1.2636364042181825
1.0461760416666668
1.4973262058508965
1.486928077696079
1.0208333125520834
0.9634387379570158
2.3595779471247784
0.8630769330415385
0.6710526253618422
1.081196574331841
1.822916669856771
0.7692307599112427
1.6042780563699282
1.8425770024094035
0.8809090720566943
0.8591731049786672
1.721014528969755
1.0317752596516538
1.1695331913885387
0.7743856965112114
1.2692307726923078
0.7264151070861516
0.8970099663138374
0.8170090976131622
1.2601126400521943
0.7555555545481482
1.4113207346514776
1.1416360993594445
1.1666666919444448
1.310160406113272
0.7783668768455824
1.271395254286227
0.8877193088359497
0.8312020714608097
0.6862745187553282
0.7723577522109859
1.456984314161435
1.3543599622051423
0.7615489393992021
1.0952381
0.8307692213538462
1.7296410352781786
0.7763713112599477
1.3157958351140795
0.7756829590241312
1.1750154345916477
