2.1739130434782608
1.060714291607143
0.39156625798374234
1.1590909319677036
0.0
1.6764705660467127
0.0
1.1111110907407409
0.8542053308888027
2.5666666923333334
1.334310815575632
1.4250000222656254
1.2214285827267857
1.4999999825000003
1.9580419196342123
2.5386666766762667
1.3999999748
1.3928571249489796
2.0999999832
0.7671957659171075
0.0
1.5363881365864822
3.4545454650137737
1.140786780097219
0.0
3.1666666534722223
2.0465489432972026
1.4540816321189087
0.8471760914370704
0.4999999825000003
1.3196721572211776
1.1999999736000004
1.4326530571311953
0.0
1.3660714281445312
0.8012012186876609
0.8064516063475548
1.012698436793651
1.1096491003220224
0.0
1.257352904852942
2.4864865177355737
0.0
2.4285714389795916
0.0
1.1612903375650365
4.523809556122449
0.9151014080616701
1.862903214689126
0.8052631678545709
0.909005644167849
1.1965812
0.0
1.6190476259863946
1.0285714168163265
0.0
1.0363636446545457
1.2234848355303032
1.4216027637919608
1.7812500278320316
2.108333367857292
0.9668616014372514
1.2374999932625002
1.1834415414569808
0.0
0.470046088205738
1.7233560170715905
0.7222222390740741
0.0
0.0
3.1499999748
1.3454545461487604
1.6535947603799823
1.6949152735420858
1.1392405207498801
0.0
