1.3003096035330544
1.1137288762361834
1.4438502875747092
1.6764705734429066
1.1320754993592028
1.5410526486568423
1.4263322544643826
0.9166666792592594
1.428571418181818
1.336363633309091
1.1428571289285714
1.4006917400108085
0.7005749610465793
0.969696963888889
1.2394673989075322
1.2736841727017554
0.9005848223391815
1.164362017496163
1.6985293734490432
1.2797881871824095
1.3508771647368425
0.7058823308996544
1.0568086926752596
1.2047618957261905
1.5607143077168366
1.0099889076414048
1.5833333052083336
1.6999999810000004
1.301176431921108
1.5370430151821626
1.5704932329953387
1.1999999784000002
1.246376798494014
1.1632652847563516
1.894117689930796
1.1522817480425347
1.4301074962885887
1.9248120405223585
1.6227272487727276
0.8549707698219623
0.9333333165333334
1.76470590899654
1.5624999360156266
1.5476190555782312
1.0900163732980463
0.8304195610179596
1.5384615047337282
1.7906700580579997
1.5964911895833342
1.4547908082264367
0.92151329375445
1.2631036118995496
0.8749999868750002
1.1801546785008308
1.3233082576177286
0.7773109420618247
0.7386363657670454
1.8131867721048187
1.1794871902564104
1.2021738863826088
1.0451044976363972
1.6358974461475349
1.190771367296519
0.9527169859570227
0.43478258374291157
1.1873016099990932
1.155555573851852
0.9125541237507732
0.7399503654846715
1.0800000033831325
1.0172333544522714
1.7416666853500002
1.3052631413614035
1.208144769152454
0.8105263181052631
0.9415204748304095
