2.0999999832
1.2013333099866668
2.434850904348509
1.2499999718750003
1.249188313517931
2.1694214609785876
1.3748395085998315
2.0096153298076938
2.1286549371498924
0.36363636666666665
1.4841384058267533
1.2430272690335469
1.7592592343364197
1.9250000082500003
1.3295346666666665
2.1923077240583564
1.7234848345738636
1.1466165357142857
1.5479674816704343
0.9305317482701707
1.2686965738804308
1.1868132
1.7166666392500005
0.7539682275024299
0.9523809583333334
1.5577639668431003
2.5174825
1.99500000277875
2.141323784163165
1.4583333192708334
1.5343296638054211
1.0980861270026443
0.9659090964411157
1.5532544042956307
2.175510195212828
2.50549444912088
5.0
1.1953124816967777
1.291985840124453
1.0753246647110812
3.15207371975472
1.3264038013732908
5.0000001500000035
1.323360206624813
1.5660430561545058
1.5542857326262856
1.2467558605138143
1.552287580420992
2.5136612536128284
1.1264367620491482
1.882992339778161
0.9393939286501377
1.0976801046615112
1.717901211373343
1.8923076748615386
7.333333137777783
1.7543859471213248
1.90476191292517
2.9424307246170005
1.645161266441207
1.0646733012484226
0.7817095486993049
1.6784809857750367
1.8768115840138626
0.8139535235803145
1.9615384479585798
1.0262214576585065
1.1283248602466023
1.3938745996225081
1.2753036297103708
1.1787241644743698
2.0184466203625226
1.0832024889469134
2.4168797634048707
0.9956896594641795
1.5545314768519893
