1.105535716338852
1.0479916490738168
1.0342465755732784
1.3426144810138596
1.536726174774623
1.1010947637154767
1.1548239634322275
1.315789472386229
1.3277867226111073
1.1737341189099706
1.1977047426235976
1.0555555580864198
1.1597222252276236
1.0704225353739338
0.9930069941297862
1.0959981132462073
1.201438852231251
1.035460987133444
1.1700680275903559
1.1048951052560028
0.9513888909452162
1.3977272719453273
1.024999999554348
1.2287782076890124
1.188142233389411
1.4717948730887573
1.2534246626121224
0.945302920789504
1.1167883202504127
1.0882352918122837
1.1928571475010206
1.1500797857209473
1.1276595711272068
1.7132352865365483
1.0237975522689169
1.2459639141281322
1.1577338137825421
1.087837834805515
1.3402886406924701
1.4807470995911902
1.5828231264521495
1.3453237390973551
1.5408940436128458
1.1225329623683091
1.0978960174401757
1.2799999993439999
1.4206896564204516
1.1532846707027544
1.4755244737199864
1.0884353710000463
1.1958041930373124
1.085176302507321
1.1608230469025407
1.1380161795387855
1.0065789463036703
1.5898583159422248
1.240479915509048
1.2724622770958125
1.2125816983953608
0.9165832505969033
0.8985507230875865
1.0492926000668295
1.1255685472686896
1.24460431888101
1.0544217654819752
1.5158450678605435
1.4084809438803705
1.1397738052364903
1.0244063888697466
1.102486049047907
0.9577464799305694
1.0962962993108367
0.9823502531485784
1.0891443208372042
1.2700729909531674
1.2266378304389758
