2.51851854090535
0.9809558315584885
1.47058825
0.944169969139418
0.8916531052450183
1.538461516742082
1.1632915546474436
0.823529439377163
1.3748443388334841
1.3793763001488117
1.367446383263483
1.560714316886161
1.14619884
1.6588541272054043
1.784242409254788
0.9097883827153747
0.6578947586565099
0.9738756730255179
0.9778457056217141
1.137254928915802
1.370051284155178
1.1931817987926139
1.039309940006635
1.1268731152354143
1.3634085901229283
1.153436794170894
1.7034413042267742
1.7522160476190478
1.0952380933556547
1.2431077629743532
1.8333333461666668
1.942857107885715
1.356624290029101
1.3488372139264466
1.381706500529773
1.3178147419532729
1.0539215493259806
1.3629629122567914
1.2489796102145772
1.178451153572765
0.85579936094152
2.1351674893033876
1.41176472
0.7629869904626627
1.1084337336333283
1.625
1.105263129157895
0.9607843296078433
1.2476548091063016
0.9896050052705515
0.9865196067288985
1.5945378415453537
1.030434778304348
0.8571428666666666
1.178571442346939
1.8892045888938218
1.0489510384615386
1.2727272409090915
0.9839816956521739
1.7094016923076922
1.2455031589241334
0.9576000120718079
0.6847826248681775
1.022727289193182
1.159090879751421
0.7212121294545454
1.3928571413095239
1.418421041081579
0.8769841337301587
0.7884057961159421
1.4812805026738116
1.9639934887488253
1.5318014979722847
1.69696968
1.342564130092308
1.011101292306608
