1.8121212302424246
1.1134739486889993
2.036685653092571
5.121951094586558
1.1157127847784583
1.5294117615570935
1.1585366051457469
0.9991414603230975
1.2450592706736554
0.926739919896309
1.155808483255775
1.2774725090315935
0.7530303239049589
0.9915492717627457
1.2037037120627574
1.114285711102041
0.0
1.9120879262373627
1.9496021006951434
1.284466031139787
1.7578124787084966
0.8591731049786672
1.818570827055742
1.2375000123750002
1.9175115307782071
0.8680371471898153
0.6073469434318368
1.7016806814525811
1.36363635
1.0320709839408968
1.2277777674259258
1.4055555426712962
1.7498514740181517
2.123983760653381
1.2000000270000002
1.118375394355662
1.2289916054171668
1.829239769140043
1.105263136184211
1.5873015925925924
1.3023088212069678
2.9454544810909105
2.0512820499999997
1.055806965362435
1.6235294467820076
1.9811320941616235
1.2380952221768706
1.1396001570808105
2.0
0.0
2.6666666500000002
0.9500000110833334
1.2246913428748056
1.4435064900099615
1.9184953156674955
1.2647058678200689
1.3194444292534724
1.29545450659091
2.966326581862391
1.6267942545454543
1.6479302827582556
1.2000000220000002
0.6949201564438482
1.0676020318772779
1.266666657166667
1.6851851496090537
1.6363636363636362
1.2549603285458004
1.4402277097921894
0.7844827740710464
0.9622641378711285
1.5116279333423477
1.5745682652273094
1.0851927186493262
0.8958333533723961
2.377622363421194
