1.0173913211569
1.666666696666667
0.5464285573580357
1.4893617125848801
1.4080298762971855
1.33333332
0.9718309722277328
1.5954545791917618
1.8990502590825418
2.1565217078374297
1.4216027838735448
1.0827067464978237
2.0105819794924558
1.7692307420118347
1.561355320017376
0.0
1.02300001023
1.8172839446438045
1.661220037037037
0.8548168138662186
2.0148148690229295
1.5558823802984434
3.40584792817667
1.303135871396278
2.10000000525
1.42999999298
1.3304348037221174
2.5
1.263736260910518
1.3939393620779226
1.9173912868809073
1.4285714071428575
1.9171597628220298
1.6516271750704095
1.511111063762964
2.4999999812500002
0.9276881587349983
0.9285714259183673
1.2725146572212995
2.310810800193572
1.3873873750133916
1.0416666666666667
1.4166666411458335
1.358641353412648
1.49206348
1.0508241775317653
1.4318181910984848
1.2337164548174573
0.9308529332187679
1.530054632016483
2.0266666904800004
1.3559322045963802
1.3661156911992487
1.6410256661538467
1.2877778033574077
2.6078431328719724
1.1904761785714284
1.304513175110163
0.2661064398637886
1.2499999718750003
1.0274913922145468
1.2558139623472147
2.2080000035328
1.4152323497140369
1.063174106597373
1.5873016
0.6533333257733334
0.3779069833355869
1.5454545623140499
1.3114285710538773
1.0355029553299953
1.28507938995483
0.826709056925622
2.068027172636402
0.7295173939549819
1.2622950887960227
