1.9124999890031251
3.7037037037037033
0.0
3.6078431298269895
0.7371007197689091
0.66666668
1.4476190700571432
0.6473214524992033
2.0597015195901096
0.0
2.062500017226563
0.6999999895000002
3.780487791046996
1.2401960824437717
1.904761911111111
2.700000027
1.0133333642400004
1.9999999625000007
0.824999982675
0.0
1.6310679597398436
2.3547008754832346
1.1733333307733333
0.8628659419080201
2.209302320443483
3.1343283488527516
0.7333333406666668
1.187500002671875
1.2105262985872576
2.4725274542688087
2.7999999916
1.0866477236732068
1.010981087042821
1.7563636299490908
4.1999999664
1.55264272809676
2.2767856965401787
2.7142857336734694
1.635841850405658
0.5111110889629634
1.8472222009548613
1.1333333361666666
0.7434782552126655
5.66666661
1.231060597247331
0.0
1.48686873519192
0.8874842158715863
1.4021390649550176
2.2033898413674233
0.0
1.317708303890788
1.6524350687608997
0.9784946116371837
1.2273901878432785
0.0
1.5584415382020582
1.9782608910680533
1.117021295608873
0.0
0.9316455944739629
0.9743123079454219
1.1864406701235277
1.541101005335729
0.0
0.0
1.6326530804664725
0.8888889
1.8639705382306995
0.7385811358541085
1.276595758261657
1.6651685539489964
1.2975609504247474
1.8568421282991692
1.1282589591756464
1.2810047167131646
