1.0807823110135824
2.0674665219986483
1.2344827610777644
1.107465408231194
1.7223023887590396
1.2694149834666117
1.4158680803267871
1.2307692281226466
1.2302812094334896
1.289700665177262
1.3100944067806186
1.4137931057883473
1.4545454561093452
1.2708333357060184
1.2928571434010205
1.397805911783449
1.3812949622887012
1.3758865217705347
1.471830984695497
1.3884892116463952
1.443661969390994
1.235616441741415
1.1621478853597502
1.9751359714824412
1.3894940667533382
1.5362168711685498
1.172661872498318
1.1175244500305257
1.251700678602434
1.395683455104808
1.1267605602082922
1.3980011735817666
1.4093959738561326
1.5072463786200379
1.2889005979147963
1.3282549667283547
1.359548611866416
1.4507042217734576
1.293552813774196
1.4574302109792607
1.4449652785805362
1.2789115641325373
1.5445205521767686
1.1776266034953542
1.2220458558409424
1.342281879600919
1.725352110886729
1.3333333313947988
1.576388888097994
1.4532374086713937
1.2269503525476584
1.3875507221608108
1.326030255505301
1.38728852761808
1.3591549292521325
1.488026182145593
1.8325673605608406
1.2134280448313097
1.88489932961808
1.1500797857209473
1.2773722598465553
1.570624540758549
1.5288485733503359
1.5211267571473914
1.2567567542859752
1.879166667710648
1.4431310693811883
1.4900017342422507
1.3956551468948275
1.7981524643087257
1.3237410087221158
1.451851853381619
1.1686637555581454
1.61827520470058
1.6043165507944723
1.5716135703095868
