1.5838748677420034
1.2796880592263096
1.0426828945181443
1.2788461319230775
1.7283757683339145
1.1546052940174865
1.5239477464523372
0.8870588264771765
0.8038277454545454
0.7559681620278058
1.8214285854795917
1.5058669692166275
1.0820261364179737
1.86666668
1.0919540344827587
0.7125000101531249
0.9256198444402706
1.1196172199608525
1.2655512396547128
2.272727309917356
1.5117931349364322
0.939560417637363
1.069518718464926
0.0
1.82142859744898
0.8749999868750002
0.9996131523456934
1.3030219680076236
1.2962962689300415
1.2581699677431761
1.2130298620689657
1.0657051058393432
1.3595706689312312
1.2037037000000002
1.658461593169232
1.1103896336068477
0.9613094989815854
1.07189544
1.2942989128620301
1.5255101703862979
1.224489831778426
1.6639751514697545
2.358974317554241
1.0480287835834685
1.4993686854192971
1.130029131769144
2.9166666630208335
1.4480446965275742
0.6498599240016009
0.9607843000807385
4.047619089251701
2.0239999846176
1.147540974012362
1.093750006152344
1.6492480367466982
0.0
1.599303118595224
1.2193548280332986
2.41818178709091
1.3939297409972171
1.0796296502342595
1.002020213634527
1.4772727261864973
1.6531249867817384
0.867768584391435
0.0
1.8871794392741625
1.6855687506750645
1.5555555711111113
1.7610776607023364
1.155115503414698
1.3893877369809915
1.8904109707731283
0.83809524
1.6888888551111119
0.0
