0.9967241395807848
1.2048339381045061
1.1223021564908648
1.0470150539644247
1.0880994331775111
1.0237558549965913
1.12405278972257
0.9657534300431602
0.9507841153035244
1.04876099327249
0.8960627284486063
1.1164383603190093
1.2928571434010205
1.1006711413828205
1.0373134330184897
1.1291481327505757
1.0638297826558019
1.0633802772168222
1.1205673737005182
0.9929077967577083
1.1118881111262164
1.118181817556262
1.1577338137825421
1.0334362118241311
1.1763171619555204
1.076963484178827
1.0
0.9172259529868023
1.1748251754266712
1.0431654666497594
0.9791666699884259
1.0479916490738168
1.0
1.047619045494007
0.9136141617592229
1.1740397839855776
1.0738095219102688
1.0600000014213333
1.147325105935193
1.2029507933584194
1.0250000004127517
1.21014492947385
1.088184934488178
1.1294196682064686
1.1018728448538304
1.0620689669992867
1.0625000014236112
1.1126760554433646
1.1506849358922875
1.0851063807514711
1.0
1.1659429591712158
1.1341316232679304
1.0760597421952112
0.9361702115285951
1.2902444932364094
1.1761074743608761
0.9909580910011977
1.2054577444414798
1.1406711845509783
1.0729927009046831
0.9617283976432099
1.2601225903439874
0.9859154894604245
1.076388888097994
1.3453125007473958
0.9561042553922802
1.0265043611040534
1.2260640555272742
1.283771695528795
1.0422535200694307
0.9448275892879905
1.1714285736040817
0.9776763087059624
1.137681161099559
1.0743260270794233
