1.4154761879726272
1.3963388685180782
1.9097222252276236
1.6520919088344956
1.6125220489946837
1.3133557198539287
1.4130658435628143
1.335714285337755
1.2654320982030178
1.518518521960494
1.4117745852580856
1.2965517280770509
1.3380281663300932
1.8156028320124742
1.2307692281226466
1.3839662430975428
1.1836734675662919
1.4468085076686283
1.1153846182149902
1.3378378389609205
1.7801418390634274
1.5232638897351465
1.4243506497206104
0.0
1.4599815205469715
1.1725730529299085
1.432624106999648
1.335434723871107
1.328767127750047
1.3591549292521325
1.4532374086713937
1.183446357436429
1.737226271954819
1.249999998614865
1.4498072748106086
1.4028218730338122
0.0
1.4246575404785138
1.5000450551094167
1.3084328707463109
1.3837500025698213
1.0884353710000463
1.2641666685207777
1.4087887393517264
1.38047138118575
1.1266666684524445
1.398601397679104
1.7279411725248703
1.4383561684612498
1.559440561365348
1.3758389267285258
1.2292768969972285
1.529443111747801
1.7498160444035105
1.1478873231303315
1.1161760075757907
1.1610118281616715
1.2312312291680871
1.4573129225925077
1.3566809441310406
1.184397162171923
1.2431009435854532
1.614089610425684
1.3533834574877042
1.421383647474388
1.4844827610777644
1.240479915509048
1.251751751316384
0.0
1.2287782076890124
1.3214285733112245
1.6617647006509517
1.257762812639753
1.402235569322814
1.742857148379592
1.6330539748958257
