1.1494642878490051
1.209190672755106
1.5248226909934108
1.152949247307194
1.2742812722941084
1.1221347946472062
1.3616762271351952
1.2167832163822192
1.3015873027029479
1.251371740417429
1.4129141151172044
1.0604026859303635
1.30147058739295
1.6013986023208957
1.432624106999648
1.322908909158503
1.0416666657175926
1.1103448270791914
1.3150684941508726
1.3040540550648285
1.2517482514675533
1.4350000023751723
1.2385416673547454
1.3117718645434842
1.1322287167301048
1.109419924135397
1.172661872498318
1.4145104055192068
1.3785714331316328
1.1666666636956522
1.0544217654819752
1.1998171023403614
1.2647058814662628
1.385714289144898
1.42621481164967
1.290384278100759
1.4862500027601786
1.349315069724151
1.202636217382666
1.010109592889977
1.413562090394592
1.231292513060299
1.4829787191972232
1.2686357209012087
1.1663982800725805
1.1655172434463732
1.1020408165542135
1.3461538483372781
1.3333333314351852
1.5
1.1354838706264307
1.2459639141281322
1.0328661983561715
1.2078331229646893
1.0666666670311111
1.6459225614425859
1.052571335099186
1.1832611823852626
1.1350671145510338
1.3335036200002819
1.3805970155647138
1.3232804261718065
1.1618195375148266
1.1567164174537758
1.3862068976047561
1.244642857466141
1.2312312291680871
1.2297622004952062
1.0747822958162203
1.4971309297231592
1.0671140942552138
1.0496453878024243
1.3777035168788863
1.060882804139405
1.258741257337767
1.3084740032639235
