1.5454545623140499
1.0416666562499999
3.1600312094163114
3.421052654847646
2.857142912244899
2.285714285714286
1.5270684652678155
1.4681818354938017
2.5107692143655385
2.268907584112704
2.3417832206559916
1.9655555285791113
1.5123287878401204
1.4544753162872945
0.7647058868512112
2.659090868096592
2.2620967713391
1.6065573911582907
2.4028369257929687
1.9481706909770977
1.822916669856771
2.3071428752897964
2.0888889176000003
1.0869565217391304
1.0757352749242648
1.282051269230769
2.081632649875052
2.123076958461539
2.1283582304847406
2.009926511765085
2.2120218382963364
1.4528301705873976
1.9491758332417581
2.137373775474748
2.3974359439743598
1.9411764945674745
1.5909091126033061
2.455357142038691
2.1935483552549426
1.3588011109571838
0.0
1.7142857387755106
1.6931216888888887
1.8309582414234677
1.6175824064037678
1.4893617125848801
2.2204081678647234
1.1360655912770763
1.4528301705873976
1.5751915787989663
2.260869584139887
1.8180555451819445
1.1010847996847974
1.9064625746147439
2.27999997264
0.0
1.130434784021739
1.8269230632211537
1.9428571517387758
3.066666743333335
1.362329822846865
1.0427179049725073
3.493670935606474
1.6111111294444445
0.9871794558555234
4.93548384867846
0.0
1.5704761682952384
2.09064328755771
1.287625403097281
1.0415278717313632
1.9123242232930444
2.0526316194598344
1.4895833252544979
1.661129562079889
2.362500018309375
