0 1161 209 55 42 0 1649 0 0 0 0 0 0 0 0 0 0 9 0 0 0 0 65 0 0 0 0 0 1 3 0 823 0 2309 0 117 146 1 64 0 22 453 0 125 152 0 0 292 27 0 0 0 291 3 0 0 0 0 0 0 0 0 0 0 0 0 0 0 0 0 0 0 0 0 1 0 0 0 6 24 0 0 0 
1161 0 0 0 47 0 0 0 0 0 0 0 0 0 0 0 0 162 5 0 0 0 1056 0 0 0 0 0 0 1 0 400 0 5472 0 0 467 0 0 0 0 0 0 0 0 0 0 0 0 0 0 0 0 0 0 0 0 0 0 0 0 0 0 0 0 0 0 0 0 0 0 0 0 0 0 0 0 0 0 0 0 0 0 
209 0 0 1 0 0 0 0 0 0 0 108 0 0 0 0 0 0 0 0 0 0 0 0 0 0 0 0 0 0 0 88 0 103 0 223 121 0 7 0 0 380 0 571 944 0 0 1070 796 0 0 0 413 22 0 0 0 0 0 0 0 0 0 0 0 0 0 0 0 0 0 0 0 0 2 0 0 0 1 5 0 0 0 
55 0 1 0 0 0 0 0 0 13 0 83 0 0 0 10 0 2 0 0 0 0 0 0 0 0 0 0 0 0 0 0 0 0 0 25 0 0 157 0 0 73 0 586 161 0 0 1619 172 0 0 0 129 0 0 0 1 0 0 0 2 0 0 0 0 0 0 0 0 0 0 0 0 0 0 0 0 0 0 21 0 0 0 
42 47 0 0 0 386 1396 1 513 245 0 0 0 0 0 2 188 174 141 0 0 0 86 0 0 0 0 0 7 2 0 0 0 4160 0 0 527 0 0 0 0 0 0 0 0 0 0 0 0 0 0 0 0 0 0 0 0 0 0 0 0 0 0 0 0 0 0 0 0 0 0 0 0 0 0 0 0 0 0 0 0 0 1 
0 0 0 0 386 0 330 20 1229 4779 0 0 0 0 0 8 1496 0 337 0 0 0 0 0 0 0 0 0 21 50 0 0 0 301 0 0 0 0 0 0 0 0 0 0 0 0 0 0 0 0 0 0 0 0 0 0 0 0 0 0 0 0 0 0 0 0 0 0 0 0 0 0 0 0 0 0 0 0 0 0 0 0 0 
1649 0 0 0 1396 330 0 739 10835 1187 0 600 5095 0 0 19 262 1272 277 0 127 27 5289 8 31 0 0 0 321 103 1 6719 0 6550 6584 11190 11124 831 0 0 0 181 0 1152 2228 0 0 18504 16701 0 0 0 46 1 0 0 0 0 13 0 3 0 0 0 0 0 0 0 0 0 0 0 0 0 0 6 0 0 61 7 0 0 53 
0 0 0 0 1 20 739 0 0 571 1449 1762 14734 7514 0 271 1 195 36 0 0 0 0 0 0 0 0 0 43 0 0 0 0 480 6708 1897 1256 1 0 0 0 0 0 0 5 0 0 614 19435 0 70 39 0 10 0 0 0 0 0 0 0 0 0 0 0 0 0 0 0 0 0 0 0 0 0 0 0 0 0 0 0 0 224 
0 0 0 0 513 1229 10835 0 0 1353 0 0 0 0 0 369 0 66 40 0 0 0 0 0 0 0 0 0 49 0 0 0 0 2204 2464 5 975 0 0 0 0 0 0 0 0 0 0 0 0 0 0 0 0 0 0 0 0 0 0 0 0 0 0 0 0 0 0 0 0 0 0 0 0 0 0 0 0 0 0 0 0 0 60 
0 0 0 13 245 4779 1187 571 1353 0 84 0 2 1595 0 1665 8069 251 1709 3 0 0 0 0 0 0 0 0 20 14 0 0 0 2888 24710 1220 10287 638 0 192 0 0 0 0 0 0 0 0 3387 0 1149 5143 0 0 48 0 569 0 13 0 1209 0 0 0 0 0 0 0 0 0 0 0 0 0 0 0 0 0 0 0 0 0 10856 
0 0 0 0 0 0 0 1449 0 84 0 0 653 7034 0 3 0 167 0 374 0 0 0 0 0 0 0 0 0 0 0 0 0 0 0 22 0 0 0 0 0 0 0 0 0 0 0 0 306 0 130 3239 0 0 2 0 43 0 0 0 30 0 0 0 0 0 0 0 0 0 0 0 0 0 0 0 0 0 0 0 0 0 0 
0 0 108 83 0 0 600 1762 0 0 0 0 12 0 0 0 0 0 0 0 0 0 0 0 0 0 0 0 0 0 0 0 0 0 0 0 0 0 172 0 0 7 0 234 126 0 0 138 1 0 0 0 57 1 0 0 0 0 0 0 0 0 0 0 0 0 0 0 0 0 0 0 0 0 0 0 0 0 0 28 0 0 0 
0 0 0 0 0 0 5095 14734 0 2 653 12 0 220 0 0 0 0 0 0 0 0 0 0 0 0 0 0 0 0 0 0 0 0 0 0 0 0 0 0 0 0 0 0 0 0 0 60 104 0 0 0 0 0 0 0 0 0 0 0 0 0 0 0 0 0 0 0 0 0 0 0 0 0 0 0 0 0 0 0 0 0 0 
0 0 0 0 0 0 0 7514 0 1595 7034 0 220 0 2053 33 0 23 0 1425 0 0 0 97 0 0 0 0 0 0 0 0 0 0 0 0 0 0 0 33 0 0 0 0 0 0 0 0 123 0 0 7 0 0 3 6 0 0 0 0 20 0 0 0 0 0 0 0 0 0 0 0 0 0 0 0 0 0 0 0 0 0 0 
0 0 0 0 0 0 0 0 0 0 0 0 0 2053 0 0 0 41 0 2617 140 1 2 13 5 69 2 0 0 0 0 0 0 0 0 0 0 0 0 32 0 0 0 0 0 0 0 0 0 0 0 0 0 0 0 2 0 0 0 0 159 0 0 1 0 0 4 0 0 0 0 0 0 0 0 0 0 0 0 0 9 0 0 
0 0 0 10 2 8 19 271 369 1665 3 0 0 33 0 0 3347 734 119 0 0 0 0 0 0 0 0 0 0 0 0 0 0 151 1148 16 2049 0 0 0 0 0 0 0 0 0 0 0 4 0 18 282 0 0 33 0 80 0 4 0 1521 0 0 0 0 0 0 0 0 0 0 0 0 0 0 0 0 0 0 0 0 0 319 
0 0 0 0 188 1496 262 1 0 8069 0 0 0 0 0 3347 0 2104 699 0 0 0 0 0 0 0 0 0 747 3961 3391 752 111 5573 0 1 0 0 0 0 0 0 0 0 0 0 0 0 0 0 0 0 0 0 0 0 0 0 0 0 0 0 0 0 0 0 0 0 0 0 0 0 0 0 0 0 0 0 0 0 0 0 0 
9 162 0 2 174 0 1272 195 66 251 167 0 0 23 41 734 2104 0 8194 1107 52 136 3472 28 2220 4 0 0 887 440 122 881 138 1079 10311 367 8339 7 0 0 0 0 0 0 0 0 0 0 127 0 1 231 0 0 47 1 15 0 4858 0 22940 1502 3 1132 2 4 16 0 0 0 0 0 0 0 0 2219 1 442 55 0 1 72 2015 
0 5 0 0 141 337 277 36 40 1709 0 0 0 0 0 119 699 8194 0 0 0 0 4303 0 1765 0 0 0 3738 824 110 597 0 885 0 0 313 1 0 0 0 0 0 0 0 0 0 0 20 0 0 0 0 0 0 0 0 0 39 0 29 0 0 2 1 0 0 0 0 0 0 0 0 0 0 0 0 90 4 0 2 10 0 
0 0 0 0 0 0 0 0 0 3 374 0 0 1425 2617 0 0 1107 0 0 390 52 4 129 78 1142 31 0 0 7 0 6 0 91 0 0 410 0 0 1153 0 0 0 0 0 0 0 0 0 0 0 20 0 0 12 130 1 0 3183 0 12691 4208 3 4265 9 8 39 0 0 0 0 0 0 0 0 2 0 386 0 0 4 0 3 
0 0 0 0 0 0 127 0 0 0 0 0 0 0 140 0 0 52 0 390 0 2123 370 306 55 54 0 0 0 7 0 51 0 2 0 0 2564 0 0 13 0 0 0 0 0 0 0 0 0 0 0 0 0 0 0 0 0 0 465 0 6 371 12 1725 33 20 72 1 0 0 0 0 0 0 0 0 0 44 0 0 3 0 0 
0 0 0 0 0 0 27 0 0 0 0 0 0 0 1 0 0 136 0 52 2123 0 421 209 0 0 0 0 1 30 0 2 0 0 0 0 439 0 0 0 0 0 0 0 0 0 0 0 0 0 0 0 0 0 0 0 0 0 0 0 0 0 0 2 2 0 0 0 0 0 0 0 0 0 0 0 0 0 0 0 0 0 0 
65 1056 0 0 86 0 5289 0 0 0 0 0 0 0 2 0 0 3472 4303 4 370 421 0 818 2788 0 0 0 4694 2416 32 4548 0 2125 0 0 4968 0 0 0 0 0 0 0 0 0 0 0 0 0 0 0 0 0 0 0 0 0 18 0 6 13 1 64 6 6 17 0 0 0 0 0 0 0 0 0 0 41 0 0 6 1 0 
0 0 0 0 0 0 8 0 0 0 0 0 0 97 13 0 0 28 0 129 306 209 818 0 1646 5 0 0 971 1722 0 196 0 0 0 0 288 0 0 0 0 0 0 0 0 0 0 0 0 0 0 0 0 0 0 0 0 0 270 0 0 10 0 97 96 6 6 0 0 0 0 0 0 0 0 0 0 0 0 0 2 0 0 
0 0 0 0 0 0 31 0 0 0 0 0 0 0 5 0 0 2220 1765 78 55 0 2788 1646 0 184 0 58 1618 9 0 0 0 53 37 0 59 0 0 109 0 0 0 0 0 0 0 0 0 0 0 0 0 0 0 0 0 0 2 0 1 0 0 1 8 5 12 0 0 0 0 0 0 0 0 0 0 4 0 0 6 3 0 
0 0 0 0 0 0 0 0 0 0 0 0 0 0 69 0 0 4 0 1142 54 0 0 5 184 0 7 0 7 0 0 0 0 0 0 0 0 0 0 57 0 0 0 0 0 0 0 0 0 0 0 0 0 0 0 1 0 0 0 0 0 2 0 1 22 32 102 5 0 0 0 0 0 0 0 0 0 0 0 0 127 0 0 
0 0 0 0 0 0 0 0 0 0 0 0 0 0 2 0 0 0 0 31 0 0 0 0 0 7 0 0 0 0 0 0 0 0 1 0 107 0 0 23 14 0 0 0 0 0 0 0 0 0 0 0 0 0 0 0 0 0 0 0 0 0 0 0 4 7 8 0 0 0 0 0 0 0 0 0 0 0 0 0 65 0 0 
0 0 0 0 0 0 0 0 0 0 0 0 0 0 0 0 0 0 0 0 0 0 0 0 58 0 0 0 31 0 0 0 0 0 0 0 304 0 0 0 9 0 0 0 0 0 0 0 0 0 0 0 0 0 0 0 0 0 0 0 0 0 0 0 0 0 0 0 0 0 0 0 0 0 0 0 0 0 0 0 0 0 0 
1 0 0 0 7 21 321 43 49 20 0 0 0 0 0 0 747 887 3738 0 0 1 4694 971 1618 7 0 31 0 1908 47 100 1 3085 21 0 778 0 0 76 0 0 0 0 0 0 0 0 17 0 0 0 0 0 0 0 0 0 31 0 12 0 0 1 4 2 6 0 0 0 0 0 0 0 0 0 0 83 2 0 5 11 0 
3 1 0 0 2 50 103 0 0 14 0 0 0 0 0 0 3961 440 824 7 7 30 2416 1722 9 0 0 0 1908 0 1066 270 0 919 1 0 479 0 0 0 0 0 0 0 0 0 0 0 2 0 0 0 0 0 0 0 0 0 0 0 0 0 0 0 3 0 0 0 0 0 0 0 0 0 0 0 0 3 0 0 0 0 0 
0 0 0 0 0 0 1 0 0 0 0 0 0 0 0 0 3391 122 110 0 0 0 32 0 0 0 0 0 47 1066 0 108 0 192 0 0 0 0 0 0 0 0 0 0 0 0 0 0 0 0 0 0 0 0 0 0 0 0 0 0 0 0 0 0 0 0 0 0 0 0 0 0 0 0 0 0 0 0 0 0 0 0 0 
823 400 88 0 0 0 6719 0 0 0 0 0 0 0 0 0 752 881 597 6 51 2 4548 196 0 0 0 0 100 270 108 0 127 616 0 1 1923 106 0 0 0 0 0 0 0 0 0 0 0 0 0 0 0 0 0 0 0 0 0 0 0 1 0 0 0 0 0 0 0 0 0 0 0 0 0 0 0 48 0 0 0 2 0 
0 0 0 0 0 0 0 0 0 0 0 0 0 0 0 0 111 138 0 0 0 0 0 0 0 0 0 0 1 0 0 127 0 35 0 0 0 0 0 0 0 0 0 0 0 0 0 0 0 0 0 0 0 0 0 0 0 0 0 0 0 0 0 0 0 0 0 0 0 0 0 0 0 0 0 0 0 0 0 0 0 0 0 
2309 5472 103 0 4160 301 6550 480 2204 2888 0 0 0 0 0 151 5573 1079 885 91 2 0 2125 0 53 0 0 0 3085 919 192 616 35 0 0 44 421 36 9 0 0 0 0 0 0 0 0 0 352 0 0 0 0 0 0 0 0 0 4 0 4 0 0 0 0 0 0 0 0 0 0 0 0 0 0 2 0 14 0 1 1 0 0 
0 0 0 0 0 0 6584 6708 2464 24710 0 0 0 0 0 1148 0 10311 0 0 0 0 0 0 37 0 1 0 21 1 0 0 0 0 0 31 522 6 0 343 364 0 0 0 0 0 0 0 67 0 0 0 0 0 0 0 0 0 1 0 39 0 0 0 0 0 0 0 0 0 0 0 0 0 0 489 0 5 0 0 5 1 395 
117 0 223 25 0 0 11190 1897 5 1220 22 0 0 0 0 16 1 367 0 0 0 0 0 0 0 0 0 0 0 0 0 1 0 44 31 0 21 0 1 0 0 1 0 1 18 0 0 0 1 0 0 0 0 0 0 0 0 0 0 0 0 0 0 0 0 0 0 0 0 0 0 0 0 0 0 3 0 0 0 0 0 0 0 
146 467 121 0 527 0 11124 1256 975 10287 0 0 0 0 0 2049 0 8339 313 410 2564 439 4968 288 59 0 107 304 778 479 0 1923 0 421 522 21 0 2 5 31 109 0 0 0 0 0 0 0 72 0 0 0 0 0 0 0 0 0 116 0 69 1 0 0 19 0 0 0 0 0 0 0 0 0 0 450 0 22 0 0 1 10 1489 
1 0 0 0 0 0 831 1 0 638 0 0 0 0 0 0 0 7 1 0 0 0 0 0 0 0 0 0 0 0 0 106 0 36 6 0 2 0 0 24 87 0 0 0 0 0 0 0 0 0 0 0 0 0 0 0 0 0 2 0 85 0 0 0 0 0 0 0 0 0 0 0 0 0 0 16 0 10 0 0 1 4 2151 
64 0 7 157 0 0 0 0 0 0 0 172 0 0 0 0 0 0 0 0 0 0 0 0 0 0 0 0 0 0 0 0 0 9 0 1 5 0 0 0 30 0 0 0 0 0 0 0 0 0 0 0 0 0 0 0 0 0 0 0 2 0 0 0 0 0 0 0 0 0 0 0 0 0 0 0 0 0 0 0 0 0 0 
0 0 0 0 0 0 0 0 0 192 0 0 0 33 32 0 0 0 0 1153 13 0 0 0 109 57 23 0 76 0 0 0 0 0 343 0 31 24 0 0 298 0 0 0 0 0 0 0 0 0 0 0 0 0 0 1 0 0 0 0 4 2 0 0 13 19 47 6 0 0 0 0 0 0 0 0 0 0 0 0 173 0 10 
22 0 0 0 0 0 0 0 0 0 0 0 0 0 0 0 0 0 0 0 0 0 0 0 0 0 14 9 0 0 0 0 0 0 364 0 109 87 30 298 0 0 0 0 0 0 0 0 0 0 0 0 0 0 0 0 0 0 0 0 0 0 0 0 0 0 0 0 0 0 0 0 0 0 0 0 0 1 0 0 1 0 0 
453 0 380 73 0 0 181 0 0 0 0 7 0 0 0 0 0 0 0 0 0 0 0 0 0 0 0 0 0 0 0 0 0 0 0 1 0 0 0 0 0 0 891 103 729 0 0 1912 0 0 0 0 45 0 0 0 0 0 0 0 0 0 0 2 0 0 0 0 1 0 8 0 451 0 774 0 159 1652 29 13 0 2 0 
0 0 0 0 0 0 0 0 0 0 0 0 0 0 0 0 0 0 0 0 0 0 0 0 0 0 0 0 0 0 0 0 0 0 0 0 0 0 0 0 0 891 0 0 0 6 0 7 0 0 0 0 0 0 0 0 0 0 0 0 0 0 0 0 0 0 0 0 0 0 0 0 179 0 620 0 0 1946 0 0 0 0 0 
125 0 571 586 0 0 1152 0 0 0 0 234 0 0 0 0 0 0 0 0 0 0 0 0 0 0 0 0 0 0 0 0 0 0 0 1 0 0 0 0 0 103 0 0 101 0 0 0 0 0 0 0 330 0 0 0 0 0 0 0 0 0 0 0 0 0 0 0 0 0 0 0 0 0 1 0 44 22 9 5 0 0 0 
152 0 944 161 0 0 2228 5 0 0 0 126 0 0 0 0 0 0 0 0 0 0 0 0 0 0 0 0 0 0 0 0 0 0 0 18 0 0 0 0 0 729 0 101 0 0 0 25 356 0 0 0 147 15 0 0 0 0 0 0 0 0 0 0 0 0 0 0 0 0 0 0 0 0 19 0 24 23 31 2 0 1 0 
0 0 0 0 0 0 0 0 0 0 0 0 0 0 0 0 0 0 0 0 0 0 0 0 0 0 0 0 0 0 0 0 0 0 0 0 0 0 0 0 0 0 6 0 0 0 66 46 70 0 0 0 0 0 0 0 0 0 0 0 0 0 0 0 0 0 0 0 0 0 0 0 31 0 1981 0 0 2093 0 0 0 0 0 
0 0 0 0 0 0 0 0 0 0 0 0 0 0 0 0 0 0 0 0 0 0 0 0 0 0 0 0 0 0 0 0 0 0 0 0 0 0 0 0 0 0 0 0 0 66 0 1258 3289 1442 4581 0 0 0 0 0 776 0 0 0 0 0 0 0 0 0 0 0 0 375 5 2 1 0 502 0 0 0 0 0 0 0 0 
292 0 1070 1619 0 0 18504 614 0 0 0 138 60 0 0 0 0 0 0 0 0 0 0 0 0 0 0 0 0 0 0 0 0 0 0 0 0 0 0 0 0 1912 7 0 25 46 1258 0 1176 1125 661 0 34 1109 0 0 0 0 0 0 0 0 0 0 0 0 0 0 0 0 0 0 368 0 714 15 8788 20079 680 8 0 1 7 
27 0 796 172 0 0 16701 19435 0 3387 306 1 104 123 0 4 0 127 20 0 0 0 0 0 0 0 0 0 17 2 0 0 0 352 67 1 72 0 0 0 0 0 0 0 356 70 3289 1176 0 157 1033 79 60 3631 314 0 0 0 0 0 0 0 0 0 0 0 0 0 0 0 0 0 0 0 1449 5870 6345 12387 310 0 0 0 2072 
0 0 0 0 0 0 0 0 0 0 0 0 0 0 0 0 0 0 0 0 0 0 0 0 0 0 0 0 0 0 0 0 0 0 0 0 0 0 0 0 0 0 0 0 0 0 1442 1125 157 0 5246 0 0 0 0 0 1210 820 0 0 0 0 0 0 0 0 0 0 0 1787 804 38 29 0 28 6 40 40 0 0 0 0 0 
0 0 0 0 0 0 0 70 0 1149 130 0 0 0 0 18 0 1 0 0 0 0 0 0 0 0 0 0 0 0 0 0 0 0 0 0 0 0 0 0 0 0 0 0 0 0 4581 661 1033 5246 0 275 0 0 104 0 3951 3172 5 78 0 0 0 0 0 3 0 0 0 1236 3374 771 1721 35 2830 9361 1408 14281 571 0 0 0 8117 
0 0 0 0 0 0 0 39 0 5143 3239 0 0 7 0 282 0 231 0 20 0 0 0 0 0 0 0 0 0 0 0 0 0 0 0 0 0 0 0 0 0 0 0 0 0 0 0 0 79 0 275 0 0 0 664 0 169 0 0 0 0 0 0 0 0 0 0 0 0 0 0 0 0 0 0 4117 540 4 0 0 0 0 541 
291 0 413 129 0 0 46 0 0 0 0 57 0 0 0 0 0 0 0 0 0 0 0 0 0 0 0 0 0 0 0 0 0 0 0 0 0 0 0 0 0 45 0 330 147 0 0 34 60 0 0 0 0 396 0 0 0 0 0 0 0 0 0 0 0 0 0 0 0 0 0 0 0 0 0 0 0 0 0 5 0 0 0 
3 0 22 0 0 0 1 10 0 0 0 1 0 0 0 0 0 0 0 0 0 0 0 0 0 0 0 0 0 0 0 0 0 0 0 0 0 0 0 0 0 0 0 0 15 0 0 1109 3631 0 0 0 396 0 0 0 0 0 0 0 0 0 0 0 0 0 0 0 0 0 0 0 0 0 0 0 0 0 0 0 0 0 0 
0 0 0 0 0 0 0 0 0 48 2 0 0 3 0 33 0 47 0 12 0 0 0 0 0 0 0 0 0 0 0 0 0 0 0 0 0 0 0 0 0 0 0 0 0 0 0 0 314 0 104 664 0 0 0 1003 34 0 0 0 1666 0 0 0 0 0 0 0 0 0 0 0 0 0 0 0 0 0 0 0 0 0 0 
0 0 0 0 0 0 0 0 0 0 0 0 0 6 2 0 0 1 0 130 0 0 0 0 0 1 0 0 0 0 0 0 0 0 0 0 0 0 0 1 0 0 0 0 0 0 0 0 0 0 0 0 0 0 1003 0 0 0 5 0 2825 696 76 273 146 0 385 11 0 0 0 0 0 0 0 0 0 0 0 0 259 1 0 
0 0 0 1 0 0 0 0 0 569 43 0 0 0 0 80 0 15 0 1 0 0 0 0 0 0 0 0 0 0 0 0 0 0 0 0 0 0 0 0 0 0 0 0 0 0 776 0 0 1210 3951 169 0 0 34 0 0 4570 32 330 0 0 0 0 0 2 0 0 0 437 2375 267 1741 15 1116 1534 196 3012 462 0 0 0 593 
0 0 0 0 0 0 0 0 0 0 0 0 0 0 0 0 0 0 0 0 0 0 0 0 0 0 0 0 0 0 0 0 0 0 0 0 0 0 0 0 0 0 0 0 0 0 0 0 0 820 3172 0 0 0 0 0 4570 0 1091 117 0 0 0 0 0 0 0 0 0 445 8454 7170 1273 2 146 0 0 0 0 0 0 0 0 
0 0 0 0 0 0 13 0 0 13 0 0 0 0 0 4 0 4858 39 3183 465 0 18 270 2 0 0 0 31 0 0 0 0 4 1 0 116 2 0 0 0 0 0 0 0 0 0 0 0 0 5 0 0 0 0 5 32 1091 0 9591 165 473 415 1946 4 114 10 0 0 710 5447 4 2285 2127 658 5132 27 16233 1234 0 2 148 2194 
0 0 0 0 0 0 0 0 0 0 0 0 0 0 0 0 0 0 0 0 0 0 0 0 0 0 0 0 0 0 0 0 0 0 0 0 0 0 0 0 0 0 0 0 0 0 0 0 0 0 78 0 0 0 0 0 330 117 9591 0 2 0 0 2372 0 101 16 0 0 178 10287 2023 5 1 1 0 0 108 20 0 0 0 0 
0 0 0 2 0 0 3 0 0 1209 30 0 0 20 159 1521 0 22940 29 12691 6 0 6 0 1 0 0 0 12 0 0 0 0 4 39 0 69 85 2 4 0 0 0 0 0 0 0 0 0 0 0 0 0 0 1666 2825 0 0 165 2 0 1383 78 423 97 0 402 1 0 0 0 0 10 183 27 3124 133 888 40 0 183 3 244 
0 0 0 0 0 0 0 0 0 0 0 0 0 0 0 0 0 1502 0 4208 371 0 13 10 0 2 0 0 0 0 0 1 0 0 0 0 1 0 0 2 0 0 0 0 0 0 0 0 0 0 0 0 0 0 0 696 0 0 473 0 1383 0 655 415 632 0 0 0 0 0 0 0 0 0 0 0 0 0 0 0 0 0 0 
0 0 0 0 0 0 0 0 0 0 0 0 0 0 0 0 0 3 0 3 12 0 1 0 0 0 0 0 0 0 0 0 0 0 0 0 0 0 0 0 0 0 0 0 0 0 0 0 0 0 0 0 0 0 0 76 0 0 415 0 78 655 0 86 1079 0 0 0 0 0 0 0 0 0 0 0 0 0 0 0 0 0 0 
0 0 0 0 0 0 0 0 0 0 0 0 0 0 1 0 0 1132 2 4265 1725 2 64 97 1 1 0 0 1 0 0 0 0 0 0 0 0 0 0 0 0 2 0 0 0 0 0 0 0 0 0 0 0 0 0 273 0 0 1946 2372 423 415 86 0 145 5138 1572 0 0 2861 1534 0 6367 165 794 0 0 17391 41 0 16 1 1 
0 0 0 0 0 0 0 0 0 0 0 0 0 0 0 0 0 2 1 9 33 2 6 96 8 22 4 0 4 3 0 0 0 0 0 0 19 0 0 13 0 0 0 0 0 0 0 0 0 0 0 0 0 0 0 146 0 0 4 0 97 632 1079 145 0 204 105 0 0 42 0 0 0 0 0 0 0 149 0 0 6 0 0 
0 0 0 0 0 0 0 0 0 0 0 0 0 0 0 0 0 4 0 8 20 0 6 6 5 32 7 0 2 0 0 0 0 0 0 0 0 0 0 19 0 0 0 0 0 0 0 0 0 0 3 0 0 0 0 0 2 0 114 101 0 0 0 5138 204 0 331 0 2 1397 1547 0 1015 233 79 0 0 531 48 0 62 1 0 
0 0 0 0 0 0 0 0 0 0 0 0 0 0 4 0 0 16 0 39 72 0 17 6 12 102 8 0 6 0 0 0 0 0 0 0 0 0 0 47 0 0 0 0 0 0 0 0 0 0 0 0 0 0 0 385 0 0 10 16 402 0 0 1572 105 331 0 6 0 767 1036 0 1457 24 95 0 0 264 11 0 168 0 0 
0 0 0 0 0 0 0 0 0 0 0 0 0 0 0 0 0 0 0 0 1 0 0 0 0 5 0 0 0 0 0 0 0 0 0 0 0 0 0 6 0 0 0 0 0 0 0 0 0 0 0 0 0 0 0 11 0 0 0 0 1 0 0 0 0 0 6 0 2 0 15 0 0 0 0 0 0 0 0 0 113 18 0 
0 0 0 0 0 0 0 0 0 0 0 0 0 0 0 0 0 0 0 0 0 0 0 0 0 0 0 0 0 0 0 0 0 0 0 0 0 0 0 0 0 1 0 0 0 0 0 0 0 0 0 0 0 0 0 0 0 0 0 0 0 0 0 0 0 2 0 2 0 0 4 0 0 0 0 30 0 129 0 0 9 0 0 
0 0 0 0 0 0 0 0 0 0 0 0 0 0 0 0 0 0 0 0 0 0 0 0 0 0 0 0 0 0 0 0 0 0 0 0 0 0 0 0 0 0 0 0 0 0 375 0 0 1787 1236 0 0 0 0 0 437 445 710 178 0 0 0 2861 42 1397 767 0 0 0 1109 0 389 127 90 10 0 344 23 0 3 0 0 
0 0 0 0 0 0 0 0 0 0 0 0 0 0 0 0 0 0 0 0 0 0 0 0 0 0 0 0 0 0 0 0 0 0 0 0 0 0 0 0 0 8 0 0 0 0 5 0 0 804 3374 0 0 0 0 0 2375 8454 5447 10287 0 0 0 1534 0 1547 1036 15 4 1109 0 1024 1858 1 34 25 0 1366 0 0 1 0 0 
0 0 0 0 0 0 0 0 0 0 0 0 0 0 0 0 0 0 0 0 0 0 0 0 0 0 0 0 0 0 0 0 0 0 0 0 0 0 0 0 0 0 0 0 0 0 2 0 0 38 771 0 0 0 0 0 267 7170 4 2023 0 0 0 0 0 0 0 0 0 0 1024 0 2365 0 0 0 0 0 0 0 0 0 0 
0 0 0 0 0 0 0 0 0 0 0 0 0 0 0 0 0 0 0 0 0 0 0 0 0 0 0 0 0 0 0 0 0 0 0 0 0 0 0 0 0 451 179 0 0 31 1 368 0 29 1721 0 0 0 0 0 1741 1273 2285 5 10 0 0 6367 0 1015 1457 0 0 389 1858 2365 0 239 114 5 0 3401 0 0 51 0 0 
0 0 0 0 0 0 0 0 0 0 0 0 0 0 0 0 0 0 0 0 0 0 0 0 0 0 0 0 0 0 0 0 0 0 0 0 0 0 0 0 0 0 0 0 0 0 0 0 0 0 35 0 0 0 0 0 15 2 2127 1 183 0 0 165 0 233 24 0 0 127 1 0 239 0 32 0 0 32 0 0 0 0 0 
1 0 2 0 0 0 0 0 0 0 0 0 0 0 0 0 0 0 0 0 0 0 0 0 0 0 0 0 0 0 0 0 0 0 0 0 0 0 0 0 0 774 620 1 19 1981 502 714 1449 28 2830 0 0 0 0 0 1116 146 658 1 27 0 0 794 0 79 95 0 0 90 34 0 114 32 0 5 12 1717 27 9 5 55 0 
0 0 0 0 0 0 6 0 0 0 0 0 0 0 0 0 0 2219 0 2 0 0 0 0 0 0 0 0 0 0 0 0 0 2 489 3 450 16 0 0 0 0 0 0 0 0 0 15 5870 6 9361 4117 0 0 0 0 1534 0 5132 0 3124 0 0 0 0 0 0 0 30 10 25 0 5 0 5 0 308 201 0 0 380 154 154 
0 0 0 0 0 0 0 0 0 0 0 0 0 0 0 0 0 1 0 0 0 0 0 0 0 0 0 0 0 0 0 0 0 0 0 0 0 0 0 0 0 159 0 44 24 0 0 8788 6345 40 1408 540 0 0 0 0 196 0 27 0 133 0 0 0 0 0 0 0 0 0 0 0 0 0 12 308 0 109 0 2 0 0 35 
0 0 0 0 0 0 0 0 0 0 0 0 0 0 0 0 0 442 90 386 44 0 41 0 4 0 0 0 83 3 0 48 0 14 5 0 22 10 0 0 1 1652 1946 22 23 2093 0 20079 12387 40 14281 4 0 0 0 0 3012 0 16233 108 888 0 0 17391 149 531 264 0 129 344 1366 0 3401 32 1717 201 109 0 14 26 0 13 420 
6 0 1 0 0 0 61 0 0 0 0 0 0 0 0 0 0 55 4 0 0 0 0 0 0 0 0 0 2 0 0 0 0 0 0 0 0 0 0 0 0 29 0 9 31 0 0 680 310 0 571 0 0 0 0 0 462 0 1234 20 40 0 0 41 0 48 11 0 0 23 0 0 0 0 27 0 0 14 0 0 0 0 1628 
24 0 5 21 0 0 7 0 0 0 0 28 0 0 0 0 0 0 0 0 0 0 0 0 0 0 0 0 0 0 0 0 0 1 0 0 0 0 0 0 0 13 0 5 2 0 0 8 0 0 0 0 5 0 0 0 0 0 0 0 0 0 0 0 0 0 0 0 0 0 0 0 0 0 9 0 2 26 0 0 0 0 0 
0 0 0 0 0 0 0 0 0 0 0 0 0 0 9 0 0 1 2 4 3 0 6 2 6 127 65 0 5 0 0 0 0 1 5 0 1 1 0 173 1 0 0 0 0 0 0 0 0 0 0 0 0 0 0 259 0 0 2 0 183 0 0 16 6 62 168 113 9 3 1 0 51 0 5 380 0 0 0 0 0 11 2 
0 0 0 0 0 0 0 0 0 0 0 0 0 0 0 0 0 72 10 0 0 0 1 0 3 0 0 0 11 0 0 2 0 0 1 0 10 4 0 0 0 2 0 0 1 0 0 1 0 0 0 0 0 0 0 1 0 0 148 0 3 0 0 1 0 1 0 18 0 0 0 0 0 0 55 154 0 13 0 0 11 0 0 
0 0 0 0 1 0 53 224 60 10856 0 0 0 0 0 319 0 2015 0 3 0 0 0 0 0 0 0 0 0 0 0 0 0 0 395 0 1489 2151 0 10 0 0 0 0 0 0 0 7 2072 0 8117 541 0 0 0 0 593 0 2194 0 244 0 0 1 0 0 0 0 0 0 0 0 0 0 0 154 35 420 1628 0 2 0 0 
