0 650 10 1039 13 0 1926 0 0 0 0 5 0 0 0 0 0 0 0 0 0 0 0 0 0 0 0 0 0 0 0 0 0 1603 215 2 0 0 54 0 0 20 0 80 84 0 0 443 416 0 0 0 1 0 0 0 0 0 0 0 0 0 0 0 0 0 0 0 0 0 0 0 0 0 0 0 0 0 0 0 0 0 0 
650 0 0 0 4 0 7 0 0 0 0 0 0 0 0 0 0 5 0 0 0 0 0 0 0 0 0 0 0 0 0 21 0 2739 0 0 1 0 0 0 0 0 0 0 0 0 0 0 0 0 0 0 0 0 0 0 0 0 0 0 0 0 0 0 0 0 0 0 0 0 0 0 0 0 0 0 0 0 0 0 0 0 0 
10 0 0 43 0 0 0 5 0 0 0 40 0 0 0 0 0 0 0 0 0 0 0 0 0 0 0 4 0 0 0 7 0 1252 0 446 69 175 0 0 0 183 0 265 78 0 0 1302 869 0 0 0 0 0 0 0 0 0 0 0 0 0 0 0 0 0 0 0 0 0 0 0 0 0 0 0 0 0 0 0 0 0 0 
1039 0 43 0 0 0 0 1 0 0 0 126 16 0 0 0 0 0 0 0 0 0 0 0 0 0 0 0 0 0 0 0 0 31 0 3 0 0 8 0 0 77 0 67 17 0 0 1097 1893 0 0 0 0 0 0 0 0 0 0 0 0 0 0 0 0 0 0 0 0 0 0 0 0 0 0 0 0 0 0 0 0 0 0 
13 4 0 0 0 273 1271 316 850 341 0 0 0 0 0 30 2426 1088 13 0 0 1 178 18 3 0 0 0 1 222 314 42 0 5379 251 0 2495 236 0 0 0 0 0 0 0 215 14 17 1114 0 0 0 0 0 0 0 0 0 21 0 0 1 0 33 0 0 0 0 0 0 0 0 2 0 314 7 46 752 99 0 0 0 169 
0 0 0 0 273 0 31 103 2081 2653 0 0 0 0 0 55 6800 6 163 0 0 0 0 0 0 0 0 0 12 886 582 0 0 422 0 0 1 0 0 0 0 0 0 0 0 0 0 0 51 0 0 0 0 0 0 0 0 0 0 0 0 0 0 0 0 0 0 0 0 0 0 0 0 0 2 0 4 45 21 0 0 0 9 
1926 7 0 0 1271 31 0 7423 3370 64 0 4 0 0 0 77 29 1637 106 2 6 35 752 239 662 0 0 4 11 1289 156 2367 0 11027 1293 3946 7393 2279 0 1 0 22 0 71 3 513 172 3426 5783 0 0 0 0 0 0 0 0 0 452 0 0 25 21 1076 0 0 0 0 0 0 0 0 9 0 936 1 101 955 133 0 0 0 439 
0 0 5 1 316 103 7423 0 940 1010 264 343 7312 1279 0 0 0 162 0 23 0 6 109 2 0 0 0 0 0 0 0 0 0 14 1247 780 2136 468 0 0 0 29 0 60 131 425 712 6503 49410 0 2961 1097 2 31 141 0 9 0 132 0 6 1 2 120 0 0 0 0 0 0 0 0 0 0 213 0 6 137 19 0 0 0 793 
0 0 0 0 850 2081 3370 940 0 2949 0 0 0 0 0 13 335 29 478 0 0 0 0 0 0 0 0 0 22 2027 240 1 0 1 2289 311 4582 503 0 0 0 0 0 0 0 0 0 0 2204 0 7 71 0 0 0 0 0 0 0 0 0 0 0 0 0 0 0 0 0 0 0 0 0 0 0 0 0 0 0 0 0 0 1208 
0 0 0 0 341 2653 64 1010 2949 0 1153 0 0 911 0 1083 1774 143 7463 190 0 0 0 0 1 0 0 0 962 6960 1962 0 0 880 13162 2311 14343 1961 0 712 0 0 0 0 0 0 0 0 939 0 10764 1067 0 0 499 0 311 0 5881 0 1527 0 0 0 0 0 0 0 0 0 0 0 0 0 0 198 15 0 0 0 0 0 12319 
0 0 0 0 0 0 0 264 0 1153 0 0 8 1407 0 0 0 29 0 2115 0 0 0 0 0 0 0 0 0 0 0 0 0 0 0 0 0 0 0 0 0 0 0 0 0 0 0 0 0 0 24 18 0 0 156 0 2 0 937 0 43 0 0 0 0 0 0 0 0 0 0 0 0 0 0 4 0 0 0 0 0 0 0 
5 0 40 126 0 0 4 343 0 0 0 0 0 0 0 0 0 0 0 0 0 0 0 0 0 0 0 0 0 0 0 0 0 1 0 1 0 0 2 0 0 11 0 115 117 0 0 49 32 0 0 0 47 0 0 0 0 0 0 0 0 0 0 0 0 0 0 0 0 0 0 0 0 0 0 0 0 0 0 0 0 0 0 
0 0 0 16 0 0 0 7312 0 0 8 0 0 50 72 0 0 5 0 439 0 0 0 0 0 0 0 0 0 0 0 0 0 0 0 0 0 0 0 0 0 0 0 0 0 21 0 276 1693 0 0 6 0 46 0 0 0 0 0 0 0 0 0 0 0 0 0 0 0 0 0 0 0 0 0 0 0 0 0 0 0 0 0 
0 0 0 0 0 0 0 1279 0 911 1407 0 50 0 387 48 0 142 0 5614 0 0 0 0 0 0 0 0 0 0 0 0 0 0 0 0 0 0 0 0 0 0 0 0 0 0 0 0 1 0 0 1 0 0 143 0 0 0 11 0 287 0 0 0 0 0 0 0 0 0 0 0 0 0 0 0 0 0 0 0 0 0 0 
0 0 0 0 0 0 0 0 0 0 0 0 72 387 0 0 0 726 0 8293 65 7 0 130 29 131 0 0 0 0 0 0 0 0 0 0 0 0 0 551 0 0 0 0 0 0 0 0 0 0 0 0 0 0 0 1 0 0 10 0 45 0 0 0 0 0 0 0 0 0 0 0 1 0 0 0 0 0 0 0 0 0 0 
0 0 0 0 30 55 77 0 13 1083 0 0 0 48 0 0 3200 833 1131 35 0 0 0 0 0 0 0 0 2 34 6 0 0 190 4068 0 9432 951 0 1085 0 0 0 0 0 0 0 0 0 0 0 0 0 0 1 0 0 0 106 0 4 0 0 0 0 0 0 0 0 0 0 0 0 0 0 5 0 0 0 0 0 0 5868 
0 0 0 0 2426 6800 29 0 335 1774 0 0 0 0 0 3200 0 1015 4382 0 0 0 0 0 0 0 0 0 1 218 2255 384 0 4223 0 0 14 0 0 0 0 0 0 0 0 0 0 0 0 0 0 0 0 0 0 0 0 0 0 0 0 0 0 0 0 0 0 0 0 0 0 0 0 0 0 0 0 0 0 0 0 0 0 
0 5 0 0 1088 6 1637 162 29 143 29 0 5 142 726 833 1015 0 723 224 50 1635 790 2583 2523 0 518 0 4969 3719 538 12385 1895 5354 9489 388 15448 56 0 166 1 0 0 0 0 0 0 1 0 0 0 0 0 0 45 865 0 0 17811 1 10694 364 0 486 0 0 0 0 0 0 0 0 61 139 0 1811 0 897 17 0 0 0 5592 
0 0 0 0 13 163 106 0 478 7463 0 0 0 0 0 1131 4382 723 0 0 0 0 1800 0 4821 0 130 0 4483 10216 3824 3259 119 70 0 0 6 0 0 0 0 0 0 0 0 0 0 0 0 0 0 0 0 0 0 0 0 0 0 0 0 0 0 0 0 0 0 0 0 0 0 0 0 0 0 0 0 0 0 0 0 0 0 
0 0 0 0 0 0 2 23 0 190 2115 0 439 5614 8293 35 0 224 0 0 5 56 0 17 4 10 0 0 0 0 0 0 0 0 0 0 8 0 0 1095 0 0 0 0 0 0 0 0 0 0 0 0 0 0 82 1441 0 0 3165 1 2041 30 0 4 0 0 0 0 0 0 0 0 16 55 0 16 0 79 0 0 0 0 2 
0 0 0 0 0 0 6 0 0 0 0 0 0 0 65 0 0 50 0 5 0 919 73 2968 12 0 0 0 0 0 0 45 0 10 0 0 3 0 0 21 0 0 0 0 0 0 0 0 0 0 0 0 0 0 0 21 0 0 4654 0 2334 1355 0 12 0 0 0 0 0 0 0 0 0 0 0 0 0 0 0 0 0 0 0 
0 0 0 0 1 0 35 6 0 0 0 0 0 0 7 0 0 1635 0 56 919 0 199 389 0 0 0 0 0 0 0 8 0 46 0 0 21 0 0 0 0 0 0 0 0 0 0 0 0 0 0 0 0 0 0 4 0 0 1418 0 394 763 12 1011 0 0 0 0 0 0 0 0 1 0 0 0 0 1 0 0 0 0 0 
0 0 0 0 178 0 752 109 0 0 0 0 0 0 0 0 0 790 1800 0 73 199 0 49 2718 0 44 0 806 1482 0 7542 0 2033 0 1 82 0 0 0 0 0 0 0 0 3 0 8 5 0 0 0 0 0 0 0 0 0 7204 0 1251 943 3 1347 0 0 0 0 0 0 0 0 0 0 0 0 3 19 3 0 0 0 0 
0 0 0 0 18 0 239 2 0 0 0 0 0 0 130 0 0 2583 0 17 2968 389 49 0 38 0 0 0 0 0 0 1158 0 1036 0 1 117 0 0 28 0 0 0 0 0 0 0 1 0 0 0 0 0 0 0 51 0 0 306 0 205 427 0 52 0 0 0 0 0 0 0 0 0 0 0 0 0 1 0 0 0 0 0 
0 0 0 0 3 0 662 0 0 1 0 0 0 0 29 0 0 2523 4821 4 12 0 2718 38 0 43 180 328 2613 1813 3 5098 0 16 0 0 124 0 0 158 0 0 0 0 0 0 0 0 0 0 0 0 0 0 0 0 0 0 0 0 0 1 0 0 0 0 0 0 0 0 0 0 0 0 0 0 0 0 0 0 0 0 0 
0 0 0 0 0 0 0 0 0 0 0 0 0 0 131 0 0 0 0 10 0 0 0 0 43 0 16 1 131 0 0 1 0 0 0 0 0 0 0 342 6 0 0 0 0 0 0 0 0 0 0 0 0 0 0 0 0 0 0 0 0 0 0 0 0 0 0 0 0 0 0 0 0 0 0 0 0 0 0 0 0 0 0 
0 0 0 0 0 0 0 0 0 0 0 0 0 0 0 0 0 518 130 0 0 0 44 0 180 16 0 13 2 0 0 0 0 0 0 0 10 0 0 42 0 0 0 0 0 0 0 0 0 0 0 0 0 0 0 0 0 0 0 0 0 0 0 0 0 0 0 0 0 0 0 0 0 0 0 0 0 0 0 0 0 0 0 
0 0 4 0 0 0 4 0 0 0 0 0 0 0 0 0 0 0 0 0 0 0 0 0 328 1 13 0 292 0 0 0 0 31 0 0 1073 1 0 345 0 0 0 0 0 0 0 0 0 0 0 0 0 0 0 0 0 0 0 0 0 0 0 0 0 0 0 0 0 0 0 0 0 0 0 0 0 0 0 0 0 0 0 
0 0 0 0 1 12 11 0 22 962 0 0 0 0 0 2 1 4969 4483 0 0 0 806 0 2613 131 2 292 0 2426 4 762 0 3 0 0 7 0 0 25 0 0 0 0 0 0 0 0 0 0 0 0 0 0 0 0 0 0 0 0 0 0 0 0 0 0 0 0 0 0 0 0 0 0 0 0 0 0 0 0 0 0 0 
0 0 0 0 222 886 1289 0 2027 6960 0 0 0 0 0 34 218 3719 10216 0 0 0 1482 0 1813 0 0 0 2426 0 804 162 0 978 0 0 78 0 0 0 0 0 0 0 0 0 0 0 0 0 0 0 0 0 0 0 0 0 0 0 0 0 0 0 0 0 0 0 0 0 0 0 0 0 0 0 0 0 0 0 0 0 0 
0 0 0 0 314 582 156 0 240 1962 0 0 0 0 0 6 2255 538 3824 0 0 0 0 0 3 0 0 0 4 804 0 577 0 627 0 0 0 0 0 0 0 0 0 0 0 0 0 0 0 0 0 0 0 0 0 0 0 0 0 0 0 0 0 0 0 0 0 0 0 0 0 0 0 0 0 0 0 0 0 0 0 0 0 
0 21 7 0 42 0 2367 0 1 0 0 0 0 0 0 0 384 12385 3259 0 45 8 7542 1158 5098 1 0 0 762 162 577 0 42 186 1 0 1213 0 0 139 0 0 0 0 0 0 0 0 0 0 0 0 0 0 0 0 0 0 37 0 0 9 0 7 0 0 0 0 0 0 0 0 0 0 0 0 0 2 0 0 0 0 0 
0 0 0 0 0 0 0 0 0 0 0 0 0 0 0 0 0 1895 119 0 0 0 0 0 0 0 0 0 0 0 0 42 0 1 0 0 0 0 0 0 0 0 0 0 0 0 0 0 0 0 0 0 0 0 0 0 0 0 0 0 0 0 0 0 0 0 0 0 0 0 0 0 0 0 0 0 0 0 0 0 0 0 0 
1603 2739 1252 31 5379 422 11027 14 1 880 0 1 0 0 0 190 4223 5354 70 0 10 46 2033 1036 16 0 0 31 3 978 627 186 1 0 136 25 47 1 65 0 0 2 0 118 178 0 0 278 240 0 0 0 3 0 0 0 0 0 503 0 0 36 1 245 0 0 0 0 0 0 0 0 7 2 0 0 0 178 0 0 0 0 0 
215 0 0 0 251 0 1293 1247 2289 13162 0 0 0 0 0 4068 0 9489 0 0 0 0 0 0 0 0 0 0 0 0 0 1 0 136 0 331 778 138 0 1 67 0 0 0 0 10 0 1 132 0 0 0 0 0 0 0 0 0 148 0 68 2 0 2 0 0 0 0 0 0 0 0 0 0 5 285 6 233 111 0 0 0 1149 
2 0 446 3 0 0 3946 780 311 2311 0 1 0 0 0 0 0 388 0 0 0 0 1 1 0 0 0 0 0 0 0 0 0 25 331 0 327 4 5 0 0 3 0 32 17 0 0 162 104 0 0 0 0 0 0 0 0 0 0 0 0 0 0 6 0 0 0 0 0 0 0 0 0 0 0 0 0 0 0 0 0 0 295 
0 1 69 0 2495 1 7393 2136 4582 14343 0 0 0 0 0 9432 14 15448 6 8 3 21 82 117 124 0 10 1073 7 78 0 1213 0 47 778 327 0 6 6 76 5 0 23 0 0 105 0 88 712 0 0 0 0 0 0 5 0 0 3598 0 3793 29 254 5040 0 0 0 0 0 0 0 2 888 53 846 2 114 18512 312 0 0 0 665 
0 0 175 0 236 0 2279 468 503 1961 0 0 0 0 0 951 0 56 0 0 0 0 0 0 0 0 0 1 0 0 0 0 0 1 138 4 6 0 0 0 0 0 0 0 0 13 0 2 27 0 0 0 0 0 0 0 0 0 14 0 58 0 0 0 0 0 0 0 0 0 0 0 0 0 2 0 1 68 12 0 0 0 3492 
54 0 0 8 0 0 0 0 0 0 0 2 0 0 0 0 0 0 0 0 0 0 0 0 0 0 0 0 0 0 0 0 0 65 0 5 6 0 0 0 0 1 0 63 180 0 0 11 3 0 0 0 146 0 0 0 0 0 0 0 0 0 0 0 0 0 0 0 0 0 0 0 0 0 1 0 0 0 0 0 0 0 0 
0 0 0 0 0 0 1 0 0 712 0 0 0 0 551 1085 0 166 0 1095 21 0 0 28 158 342 42 345 25 0 0 139 0 0 1 0 76 0 0 0 38 0 0 0 0 0 0 0 0 0 0 0 0 0 0 0 0 0 10 0 9 24 3 34 0 0 0 0 0 0 0 0 0 0 0 0 0 4 0 0 0 0 18 
0 0 0 0 0 0 0 0 0 0 0 0 0 0 0 0 0 1 0 0 0 0 0 0 0 6 0 0 0 0 0 0 0 0 67 0 5 0 0 38 0 0 0 0 0 0 0 0 0 0 0 0 0 0 0 0 0 0 0 0 0 0 0 0 0 0 0 0 0 0 0 0 0 0 0 0 0 0 0 0 0 0 27 
20 0 183 77 0 0 22 29 0 0 0 11 0 0 0 0 0 0 0 0 0 0 0 0 0 0 0 0 0 0 0 0 0 2 0 3 0 0 1 0 0 0 187 0 636 0 0 2482 6 0 0 0 108 0 0 0 0 0 0 0 0 0 0 0 0 0 0 0 0 0 0 0 59 0 3394 0 0 4 0 0 0 0 0 
0 0 0 0 0 0 0 0 0 0 0 0 0 0 0 0 0 0 0 0 0 0 0 0 0 0 0 0 0 0 0 0 0 0 0 0 23 0 0 0 0 187 0 0 0 0 0 0 0 0 0 0 0 0 0 0 0 0 0 0 0 0 0 0 0 0 0 0 0 0 0 0 1106 0 1830 0 517 956 1 0 0 0 0 
80 0 265 67 0 0 71 60 0 0 0 115 0 0 0 0 0 0 0 0 0 0 0 0 0 0 0 0 0 0 0 0 0 118 0 32 0 0 63 0 0 0 0 0 279 0 0 0 0 0 0 0 7 0 0 0 0 0 0 0 0 0 0 0 0 0 0 0 0 0 0 0 17 0 6 0 48 11 0 0 0 0 0 
84 0 78 17 0 0 3 131 0 0 0 117 0 0 0 0 0 0 0 0 0 0 0 0 0 0 0 0 0 0 0 0 0 178 0 17 0 0 180 0 0 636 0 279 0 0 0 2 353 0 0 0 5 0 0 0 0 0 0 0 0 0 0 0 0 0 0 0 0 0 0 0 2 0 205 5 28 0 0 0 37 0 0 
0 0 0 0 215 0 513 425 0 0 0 0 21 0 0 0 0 0 0 0 0 0 3 0 0 0 0 0 0 0 0 0 0 0 10 0 105 13 0 0 0 0 0 0 0 0 152 48 2836 79 84 0 0 0 0 0 1 0 0 0 0 0 0 0 0 0 0 0 0 0 0 0 6 0 5342 0 999 2057 4 0 0 0 2 
0 0 0 0 14 0 172 712 0 0 0 0 0 0 0 0 0 0 0 0 0 0 0 0 0 0 0 0 0 0 0 0 0 0 0 0 0 0 0 0 0 0 0 0 0 152 0 117 7824 7356 7165 0 0 0 0 0 1463 79 127 3374 0 0 0 0 0 0 0 0 0 1483 2361 2168 2213 0 117 0 0 0 0 0 0 0 0 
443 0 1302 1097 17 0 3426 6503 0 0 0 49 276 0 0 0 0 1 0 0 0 0 8 1 0 0 0 0 0 0 0 0 0 278 1 162 88 2 11 0 0 2482 0 0 2 48 117 0 6997 3150 0 0 13 5 0 0 0 0 2 0 0 0 0 5 0 0 0 2 54 0 0 0 3453 0 2894 1 12552 5190 115 0 1 0 5 
416 0 869 1893 1114 51 5783 49410 2204 939 0 32 1693 1 0 0 0 0 0 0 0 0 5 0 0 0 0 0 0 0 0 0 0 240 132 104 712 27 3 0 0 6 0 0 353 2836 7824 6997 0 1203 170 613 1517 3653 421 0 0 0 0 0 0 0 0 0 0 0 0 0 0 0 0 0 21 0 2830 1703 4656 6094 1568 0 0 0 4178 
0 0 0 0 0 0 0 0 0 0 0 0 0 0 0 0 0 0 0 0 0 0 0 0 0 0 0 0 0 0 0 0 0 0 0 0 0 0 0 0 0 0 0 0 0 79 7356 3150 1203 0 2976 0 0 0 0 0 76 2 0 26 0 0 0 0 0 0 0 0 0 68 52 72 30 0 109 0 0 169 0 0 0 0 0 
0 0 0 0 0 0 0 2961 7 10764 24 0 0 0 0 0 0 0 0 0 0 0 0 0 0 0 0 0 0 0 0 0 0 0 0 0 0 0 0 0 0 0 0 0 0 84 7165 0 170 2976 0 65 0 0 188 0 1150 431 15 2738 0 0 0 269 0 0 0 0 0 4164 2822 3160 5960 0 2163 3864 2886 16770 8230 0 0 0 6629 
0 0 0 0 0 0 0 1097 71 1067 18 0 6 1 0 0 0 0 0 0 0 0 0 0 0 0 0 0 0 0 0 0 0 0 0 0 0 0 0 0 0 0 0 0 0 0 0 0 613 0 65 0 0 13 3048 0 0 0 50 0 172 0 0 0 0 0 0 0 0 0 0 0 0 0 0 0 0 0 0 0 0 0 0 
1 0 0 0 0 0 0 2 0 0 0 47 0 0 0 0 0 0 0 0 0 0 0 0 0 0 0 0 0 0 0 0 0 3 0 0 0 0 146 0 0 108 0 7 5 0 0 13 1517 0 0 0 0 159 0 0 0 0 0 0 0 0 0 0 0 0 0 0 0 0 0 0 0 0 102 0 0 0 0 0 0 0 0 
0 0 0 0 0 0 0 31 0 0 0 0 46 0 0 0 0 0 0 0 0 0 0 0 0 0 0 0 0 0 0 0 0 0 0 0 0 0 0 0 0 0 0 0 0 0 0 5 3653 0 0 13 159 0 123 50 0 0 0 0 401 0 0 0 0 0 0 0 0 0 0 0 0 0 0 0 0 0 0 0 0 0 0 
0 0 0 0 0 0 0 141 0 499 156 0 0 143 0 1 0 45 0 82 0 0 0 0 0 0 0 0 0 0 0 0 0 0 0 0 0 0 0 0 0 0 0 0 0 0 0 0 421 0 188 3048 0 123 0 658 0 0 1617 0 6337 0 0 0 0 0 0 0 0 0 0 0 0 0 0 0 0 0 0 0 0 0 0 
0 0 0 0 0 0 0 0 0 0 0 0 0 0 1 0 0 865 0 1441 21 4 0 51 0 0 0 0 0 0 0 0 0 0 0 0 5 0 0 0 0 0 0 0 0 0 0 0 0 0 0 0 0 50 658 0 0 0 2571 2 4532 37 76 0 371 58 98 2 0 17 0 0 40 4 0 0 0 39 0 0 498 43 0 
0 0 0 0 0 0 0 9 0 311 2 0 0 0 0 0 0 0 0 0 0 0 0 0 0 0 0 0 0 0 0 0 0 0 0 0 0 0 0 0 0 0 0 0 0 1 1463 0 0 76 1150 0 0 0 0 0 0 12093 3047 1414 0 0 0 801 0 0 0 0 0 1405 984 939 352 0 353 4832 333 7343 818 0 0 0 1365 
0 0 0 0 0 0 0 0 0 0 0 0 0 0 0 0 0 0 0 0 0 0 0 0 0 0 0 0 0 0 0 0 0 0 0 0 0 0 0 0 0 0 0 0 0 0 79 0 0 2 431 0 0 0 0 0 12093 0 22 174 0 0 0 155 0 0 0 0 0 716 4315 3137 1729 0 427 0 0 56 0 0 0 0 0 
0 0 0 0 21 0 452 132 0 5881 937 0 0 11 10 106 0 17811 0 3165 4654 1418 7204 306 0 0 0 0 0 0 0 37 0 503 148 0 3598 14 0 10 0 0 0 0 0 0 127 2 0 0 15 50 0 0 1617 2571 3047 22 0 149 510 895 1218 552 1347 277 3 0 0 34 1542 1824 9811 2444 864 9405 1154 16410 353 0 181 0 1966 
0 0 0 0 0 0 0 0 0 0 0 0 0 0 0 0 0 1 0 1 0 0 0 0 0 0 0 0 0 0 0 0 0 0 0 0 0 0 0 0 0 0 0 0 0 0 3374 0 0 26 2738 0 0 0 0 2 1414 174 149 0 0 0 0 5087 0 2954 0 0 0 7252 8990 1139 3535 2879 2040 0 0 6600 0 0 0 0 0 
0 0 0 0 0 0 0 6 0 1527 43 0 0 287 45 4 0 10694 0 2041 2334 394 1251 205 0 0 0 0 0 0 0 0 0 0 68 0 3793 58 0 9 0 0 0 0 0 0 0 0 0 0 0 172 0 401 6337 4532 0 0 510 0 0 45 23 0 1 0 168 0 0 0 0 0 0 0 0 6 3 47 1 0 404 34 358 
0 0 0 0 1 0 25 1 0 0 0 0 0 0 0 0 0 364 0 30 1355 763 943 427 1 0 0 0 0 0 0 9 0 36 2 0 29 0 0 24 0 0 0 0 0 0 0 0 0 0 0 0 0 0 0 37 0 0 895 0 45 0 1478 410 80 0 0 0 0 0 0 0 11 0 0 0 0 0 0 0 1 0 0 
0 0 0 0 0 0 21 2 0 0 0 0 0 0 0 0 0 0 0 0 0 12 3 0 0 0 0 0 0 0 0 0 0 1 0 0 254 0 0 3 0 0 0 0 0 0 0 0 0 0 0 0 0 0 0 76 0 0 1218 0 23 1478 0 174 228 0 0 0 0 0 0 0 1125 0 344 0 0 31 0 0 0 0 0 
0 0 0 0 33 0 1076 120 0 0 0 0 0 0 0 0 0 486 0 4 12 1011 1347 52 0 0 0 0 0 0 0 7 0 245 2 6 5040 0 0 34 0 0 0 0 0 0 0 5 0 0 269 0 0 0 0 0 801 155 552 5087 0 410 174 0 1566 287 0 0 0 4212 6533 309 7073 149 341 0 0 204 0 0 0 0 0 
0 0 0 0 0 0 0 0 0 0 0 0 0 0 0 0 0 0 0 0 0 0 0 0 0 0 0 0 0 0 0 0 0 0 0 0 0 0 0 0 0 0 0 0 0 0 0 0 0 0 0 0 0 0 0 371 0 0 1347 0 1 80 228 1566 0 1095 0 0 0 748 5486 1 10135 0 130 0 0 16 0 0 34 0 0 
0 0 0 0 0 0 0 0 0 0 0 0 0 0 0 0 0 0 0 0 0 0 0 0 0 0 0 0 0 0 0 0 0 0 0 0 0 0 0 0 0 0 0 0 0 0 0 0 0 0 0 0 0 0 0 58 0 0 277 2954 0 0 0 287 1095 0 8 2 23 1462 1458 3 644 0 0 0 0 97 0 0 167 3 0 
0 0 0 0 0 0 0 0 0 0 0 0 0 0 0 0 0 0 0 0 0 0 0 0 0 0 0 0 0 0 0 0 0 0 0 0 0 0 0 0 0 0 0 0 0 0 0 0 0 0 0 0 0 0 0 98 0 0 3 0 168 0 0 0 0 8 0 3 4 109 0 0 2 0 0 0 0 6 0 0 239 190 0 
0 0 0 0 0 0 0 0 0 0 0 0 0 0 0 0 0 0 0 0 0 0 0 0 0 0 0 0 0 0 0 0 0 0 0 0 0 0 0 0 0 0 0 0 0 0 0 2 0 0 0 0 0 0 0 2 0 0 0 0 0 0 0 0 0 2 3 0 0 0 0 0 0 0 0 0 0 5 1 0 1 5 0 
0 0 0 0 0 0 0 0 0 0 0 0 0 0 0 0 0 0 0 0 0 0 0 0 0 0 0 0 0 0 0 0 0 0 0 0 0 0 0 0 0 0 0 0 0 0 0 54 0 0 0 0 0 0 0 0 0 0 0 0 0 0 0 0 0 23 4 0 0 8 0 0 0 0 0 40 0 623 178 0 405 55 0 
0 0 0 0 0 0 0 0 0 0 0 0 0 0 0 0 0 0 0 0 0 0 0 0 0 0 0 0 0 0 0 0 0 0 0 0 0 0 0 0 0 0 0 0 0 0 1483 0 0 68 4164 0 0 0 0 17 1405 716 34 7252 0 0 0 4212 748 1462 109 0 8 0 947 0 185 144 150 0 0 288 0 0 45 0 0 
0 0 0 0 0 0 0 0 0 0 0 0 0 0 0 0 0 0 0 0 0 0 0 0 0 0 0 0 0 0 0 0 0 0 0 0 0 0 0 0 0 0 0 0 0 0 2361 0 0 52 2822 0 0 0 0 0 984 4315 1542 8990 0 0 0 6533 5486 1458 0 0 0 947 0 82 1158 309 238 0 0 437 0 0 0 0 0 
0 0 0 0 0 0 0 0 0 0 0 0 0 0 0 0 0 0 0 0 0 0 0 0 0 0 0 0 0 0 0 0 0 0 0 0 2 0 0 0 0 0 0 0 0 0 2168 0 0 72 3160 0 0 0 0 0 939 3137 1824 1139 0 0 0 309 1 3 0 0 0 0 82 0 140 80 425 0 0 528 0 0 0 0 0 
0 0 0 0 2 0 9 0 0 0 0 0 0 0 1 0 0 61 0 16 0 1 0 0 0 0 0 0 0 0 0 0 0 7 0 0 888 0 0 0 0 59 1106 17 2 6 2213 3453 21 30 5960 0 0 0 0 40 352 1729 9811 3535 0 11 1125 7073 10135 644 2 0 0 185 1158 140 0 28 1242 15 0 2443 134 0 134 1 0 
0 0 0 0 0 0 0 0 0 0 0 0 0 0 0 0 0 139 0 55 0 0 0 0 0 0 0 0 0 0 0 0 0 2 0 0 53 0 0 0 0 0 0 0 0 0 0 0 0 0 0 0 0 0 0 4 0 0 2444 2879 0 0 0 149 0 0 0 0 0 144 309 80 28 0 12 0 0 3 0 0 0 0 0 
0 0 0 0 314 2 936 213 0 0 0 0 0 0 0 0 0 0 0 0 0 0 0 0 0 0 0 0 0 0 0 0 0 0 5 0 846 2 1 0 0 3394 1830 6 205 5342 117 2894 2830 109 2163 0 102 0 0 0 353 427 864 2040 0 0 344 341 130 0 0 0 0 150 238 425 1242 12 0 0 6 48 0 18 0 0 0 
0 0 0 0 7 0 1 0 0 198 4 0 0 0 0 5 0 1811 0 16 0 0 0 0 0 0 0 0 0 0 0 0 0 0 285 0 2 0 0 0 0 0 0 0 5 0 0 1 1703 0 3864 0 0 0 0 0 4832 0 9405 0 6 0 0 0 0 0 0 0 40 0 0 0 15 0 0 0 59 116 314 0 2 0 2391 
0 0 0 0 46 4 101 6 0 15 0 0 0 0 0 0 0 0 0 0 0 0 3 0 0 0 0 0 0 0 0 0 0 0 6 0 114 1 0 0 0 0 517 48 28 999 0 12552 4656 0 2886 0 0 0 0 0 333 0 1154 0 3 0 0 0 0 0 0 0 0 0 0 0 0 0 6 59 0 46 9 2 0 0 2365 
0 0 0 0 752 45 955 137 0 0 0 0 0 0 0 0 0 897 0 79 0 1 19 1 0 0 0 0 0 0 0 2 0 178 233 0 18512 68 0 4 0 4 956 11 0 2057 0 5190 6094 169 16770 0 0 0 0 39 7343 56 16410 6600 47 0 31 204 16 97 6 5 623 288 437 528 2443 3 48 116 46 0 1 0 78 0 423 
0 0 0 0 99 21 133 19 0 0 0 0 0 0 0 0 0 17 0 0 0 0 3 0 0 0 0 0 0 0 0 0 0 0 111 0 312 12 0 0 0 0 1 0 0 4 0 115 1568 0 8230 0 0 0 0 0 818 0 353 0 1 0 0 0 0 0 0 1 178 0 0 0 134 0 0 314 9 1 0 0 199 0 2839 
0 0 0 0 0 0 0 0 0 0 0 0 0 0 0 0 0 0 0 0 0 0 0 0 0 0 0 0 0 0 0 0 0 0 0 0 0 0 0 0 0 0 0 0 0 0 0 0 0 0 0 0 0 0 0 0 0 0 0 0 0 0 0 0 0 0 0 0 0 0 0 0 0 0 18 0 2 0 0 0 0 0 0 
0 0 0 0 0 0 0 0 0 0 0 0 0 0 0 0 0 0 0 0 0 0 0 0 0 0 0 0 0 0 0 0 0 0 0 0 0 0 0 0 0 0 0 0 37 0 0 1 0 0 0 0 0 0 0 498 0 0 181 0 404 1 0 0 34 167 239 1 405 45 0 0 134 0 0 2 0 78 199 0 0 11 20 
0 0 0 0 0 0 0 0 0 0 0 0 0 0 0 0 0 0 0 0 0 0 0 0 0 0 0 0 0 0 0 0 0 0 0 0 0 0 0 0 0 0 0 0 0 0 0 0 0 0 0 0 0 0 0 43 0 0 0 0 34 0 0 0 0 3 190 5 55 0 0 0 1 0 0 0 0 0 0 0 11 0 24 
0 0 0 0 169 9 439 793 1208 12319 0 0 0 0 0 5868 0 5592 0 2 0 0 0 0 0 0 0 0 0 0 0 0 0 0 1149 295 665 3492 0 18 27 0 0 0 0 2 0 5 4178 0 6629 0 0 0 0 0 1365 0 1966 0 358 0 0 0 0 0 0 0 0 0 0 0 0 0 0 2391 2365 423 2839 0 20 24 0 
