0 4416 1409 399 122 0 6396 18 0 0 0 31 0 0 0 0 0 0 0 0 0 0 0 0 0 0 0 0 0 0 0 0 0 385 0 5 0 0 105 0 0 2 0 2 4 0 0 26 12 0 0 0 0 0 0 0 0 0 0 0 0 0 0 0 0 0 0 0 0 0 0 0 0 0 0 0 0 0 0 0 0 0 0 
4416 0 0 0 0 0 0 0 0 0 0 0 0 0 0 0 0 0 0 0 0 0 0 0 0 0 0 0 0 0 0 0 0 4510 0 0 5 0 0 0 0 0 0 0 0 0 0 0 0 0 0 0 0 0 0 0 0 0 0 0 0 0 0 0 0 0 0 0 0 0 0 0 0 0 0 0 0 0 0 0 0 0 0 
1409 0 0 585 0 0 0 0 0 0 0 16 0 0 0 0 0 0 0 0 0 0 0 0 0 0 0 0 0 0 0 0 0 124 0 0 0 0 86 0 0 0 0 48 29 0 0 790 206 0 0 0 12 0 0 0 0 0 0 0 0 0 0 0 0 0 0 0 0 0 0 0 0 0 0 0 0 0 0 0 0 0 0 
399 0 585 0 0 0 0 78 0 0 0 85 0 0 0 0 0 0 0 0 0 0 0 0 0 0 0 0 0 0 0 0 0 2 0 1 1 0 86 0 0 0 0 131 159 0 0 1968 155 0 0 0 330 0 0 0 0 0 0 0 0 0 0 0 0 0 0 0 0 0 0 0 0 0 0 0 0 0 0 0 0 0 0 
122 0 0 0 0 392 51 60 0 0 0 0 0 0 0 0 0 0 0 0 0 0 0 0 0 0 0 0 0 0 0 0 0 7567 0 0 34 0 0 0 0 0 0 0 0 0 0 0 0 0 0 0 0 0 0 0 0 0 0 0 0 0 0 0 0 0 0 0 0 0 0 0 0 0 0 0 0 0 0 0 0 0 0 
0 0 0 0 392 0 13 6539 1460 175 0 0 0 0 0 205 0 4 0 0 0 0 0 0 0 0 0 0 0 0 0 0 0 509 83 0 4 0 0 0 0 0 0 0 0 0 0 0 20 0 0 0 0 0 0 0 0 0 0 0 0 0 0 0 0 0 0 0 0 0 0 0 0 0 0 2 1 9 0 0 0 0 1 
6396 0 0 0 51 13 0 6384 1842 0 0 0 50 0 0 0 0 0 0 0 0 0 0 0 0 0 0 0 0 0 0 0 0 11172 5843 9040 4612 787 99 0 0 7 0 88 30 0 0 8308 4604 0 302 0 11 0 0 0 0 0 0 0 0 0 0 0 0 0 0 0 0 0 0 0 0 0 60 22 4 390 13 0 0 0 6 
18 0 0 78 60 6539 6384 0 748 7559 9 2697 12361 3091 0 630 0 0 0 88 0 0 0 0 0 0 0 0 0 0 0 0 0 1728 1323 963 871 64 2 0 0 2 0 12 7 0 0 10793 10284 17 112 0 176 186 0 0 0 0 0 0 0 0 0 0 0 0 0 0 0 0 0 0 0 0 5 0 0 0 0 0 0 0 40 
0 0 0 0 0 1460 1842 748 0 1575 0 0 0 0 0 387 36 387 0 0 0 0 0 0 0 0 0 0 0 0 0 0 0 0 0 0 0 0 0 0 0 0 0 0 0 0 0 0 0 0 0 0 0 0 0 0 0 0 0 0 0 0 0 0 0 0 0 0 0 0 0 0 0 0 0 0 0 0 0 0 0 0 0 
0 0 0 0 0 175 0 7559 1575 0 33 9 822 7438 0 6206 6195 2509 1 0 0 0 0 0 0 0 0 0 0 0 1712 809 0 1020 6787 87 6199 177 31 1 0 0 0 0 0 0 0 0 40 0 1693 239 0 3 474 0 135 0 0 0 0 0 0 0 0 0 0 0 0 0 0 0 0 0 0 0 0 0 0 0 0 0 6989 
0 0 0 0 0 0 0 9 0 33 0 0 7 9174 0 3 0 3 0 215 0 0 0 0 0 0 0 0 0 0 0 0 0 0 0 0 0 0 0 0 0 0 0 0 0 0 0 0 0 0 0 3 0 0 2 0 3 0 0 0 0 0 0 0 0 0 0 0 0 0 0 0 0 0 0 0 0 0 0 0 0 0 0 
31 0 16 85 0 0 0 2697 0 9 0 0 3 0 0 0 0 5 0 0 0 0 0 0 0 0 0 0 0 0 0 0 0 0 30 1 4 0 25 0 0 0 0 14 6 0 0 202 198 0 14 4 87 0 0 0 6 0 7 0 3 0 0 0 0 0 0 0 0 0 0 0 0 0 0 19 1 0 0 0 0 0 0 
0 0 0 0 0 0 50 12361 0 822 7 3 0 0 0 47 0 0 0 0 0 0 0 0 0 0 0 0 0 0 0 0 0 61 49 0 51 3 0 0 0 0 0 0 0 0 0 80 970 0 0 0 17 0 0 0 0 0 0 0 0 0 0 0 0 0 0 0 0 0 0 0 0 0 0 0 0 0 0 0 0 0 5 
0 0 0 0 0 0 0 3091 0 7438 9174 0 0 0 42 636 0 6958 0 12585 0 0 0 0 0 0 0 0 0 0 0 0 0 33 849 1 417 87 0 18 0 0 0 0 0 0 0 0 0 0 15 19 0 0 0 0 5 0 6 0 0 0 0 0 0 0 0 0 0 0 0 0 0 0 0 80 8 2 0 0 0 0 789 
0 0 0 0 0 0 0 0 0 0 0 0 0 42 0 0 0 506 0 8846 18 0 0 3 97 168 6 9 0 0 0 36 30 241 0 0 1291 24 0 100 0 0 0 0 0 0 0 0 0 0 0 0 0 0 0 5 0 0 4 19 142 0 5 0 31 0 0 0 0 0 0 0 0 42 0 0 0 14 0 0 14 0 94 
0 0 0 0 0 205 0 630 387 6206 3 0 47 636 0 0 4700 241 19 0 0 0 0 0 0 0 0 0 0 0 3616 705 0 3567 355 0 3615 17 0 80 0 0 0 0 0 0 0 0 31 0 1 51 0 0 84 0 24 0 0 0 0 0 0 0 0 0 0 0 0 0 0 0 0 0 0 0 0 0 0 0 0 0 1749 
0 0 0 0 0 0 0 0 36 6195 0 0 0 0 0 4700 0 991 5351 0 0 0 0 0 0 0 0 0 2 1998 8370 496 0 7 0 0 0 0 0 0 0 0 0 0 0 0 0 0 0 0 0 0 0 0 0 0 0 0 0 0 0 0 0 0 0 0 0 0 0 0 0 0 0 0 0 0 0 0 0 0 0 0 0 
0 0 0 0 0 4 0 0 387 2509 3 5 0 6958 506 241 991 0 2413 1897 447 462 49 6 6 0 0 0 1890 509 10 1019 4700 5788 6684 361 8243 1143 27 160 0 0 0 0 0 0 0 0 0 0 0 90 0 0 668 218 348 0 8373 1200 4083 1143 678 1224 196 35 0 0 0 0 0 0 483 559 0 6 72 0 0 1 0 0 7154 
0 0 0 0 0 0 0 0 0 1 0 0 0 0 0 19 5351 2413 0 0 0 0 753 0 0 0 0 0 3757 9222 1892 4242 1597 3 0 0 0 0 0 0 0 0 0 0 0 0 0 0 0 0 0 0 0 0 0 0 0 0 0 0 0 0 0 0 0 0 0 0 0 0 0 0 0 0 0 0 0 0 0 0 0 0 0 
0 0 0 0 0 0 0 88 0 0 215 0 0 12585 8846 0 0 1897 0 0 691 0 0 5 0 0 0 0 0 0 0 0 191 684 1054 163 672 13 0 295 0 0 0 0 0 0 0 0 0 0 0 4 0 0 135 1424 2 0 2952 108 7134 419 1 54 1 0 0 0 0 0 0 0 1 16 0 0 4 0 0 0 0 0 224 
0 0 0 0 0 0 0 0 0 0 0 0 0 0 18 0 0 447 0 691 0 1632 6 48 0 0 0 0 0 0 0 0 0 0 0 0 0 0 0 1 0 0 0 0 0 0 0 0 0 0 0 0 0 0 1 2 0 0 3290 8 2947 1403 369 1157 52 5 0 0 0 0 1 0 152 0 0 0 0 0 0 0 0 0 0 
0 0 0 0 0 0 0 0 0 0 0 0 0 0 0 0 0 462 0 0 1632 0 1505 2438 0 0 0 0 1 2 6 369 4 106 0 0 0 0 0 0 0 0 0 0 0 0 0 0 0 0 0 0 0 0 0 0 0 0 2216 14 92 576 1682 1223 812 14 0 0 0 0 0 0 744 4 0 0 0 0 0 0 0 0 0 
0 0 0 0 0 0 0 0 0 0 0 0 0 0 0 0 0 49 753 0 6 1505 0 136 1520 0 0 0 4561 4097 2878 10675 421 102 0 0 0 0 0 0 0 0 0 0 0 0 0 0 0 0 0 0 0 0 0 0 0 0 995 2 48 223 187 519 21 1 0 0 0 0 0 0 79 1 0 0 0 0 0 0 0 0 0 
0 0 0 0 0 0 0 0 0 0 0 0 0 0 3 0 0 6 0 5 48 2438 136 0 299 0 0 0 1207 2604 1370 7514 29 0 0 0 0 0 0 0 0 0 0 0 0 0 0 0 0 0 0 0 0 0 0 6 0 0 106 3 150 46 3 11 19 0 0 0 0 0 0 0 28 0 0 0 0 0 0 0 0 0 0 
0 0 0 0 0 0 0 0 0 0 0 0 0 0 97 0 0 6 0 0 0 0 1520 299 0 78 7 8 1294 570 0 1220 0 0 0 0 0 0 0 191 0 0 0 0 0 0 0 0 0 0 0 0 0 0 0 0 0 0 0 0 0 0 0 0 0 0 0 0 0 0 0 0 0 0 0 0 0 0 0 0 0 0 0 
0 0 0 0 0 0 0 0 0 0 0 0 0 0 168 0 0 0 0 0 0 0 0 0 78 0 16 59 4 48 0 986 0 0 0 0 0 0 0 21 0 0 0 0 0 0 0 0 0 0 0 0 0 0 0 0 0 0 0 0 0 0 0 0 0 0 0 0 0 0 0 0 0 0 0 0 0 0 0 0 0 0 0 
0 0 0 0 0 0 0 0 0 0 0 0 0 0 6 0 0 0 0 0 0 0 0 0 7 16 0 5 0 0 0 0 0 0 0 0 0 0 0 4 0 0 0 0 0 0 0 0 0 0 0 0 0 0 0 0 0 0 0 0 0 0 0 0 0 0 0 0 0 0 0 0 0 0 0 0 0 0 0 0 0 0 0 
0 0 0 0 0 0 0 0 0 0 0 0 0 0 9 0 0 0 0 0 0 0 0 0 8 59 5 0 3 0 0 7 0 0 1 0 412 7 0 361 115 0 0 0 0 0 0 0 0 0 0 0 0 0 0 0 0 0 0 0 0 0 0 0 0 0 0 0 0 0 0 0 0 0 0 0 0 0 0 0 0 0 0 
0 0 0 0 0 0 0 0 0 0 0 0 0 0 0 0 2 1890 3757 0 0 1 4561 1207 1294 4 0 3 0 395 133 162 139 2 0 0 0 0 0 43 0 0 0 0 0 0 0 0 0 0 0 0 0 0 0 0 0 0 0 0 0 0 0 0 0 0 0 0 0 0 0 0 0 0 0 0 0 0 0 0 0 0 0 
0 0 0 0 0 0 0 0 0 0 0 0 0 0 0 0 1998 509 9222 0 0 2 4097 2604 570 48 0 0 395 0 420 754 454 0 0 0 0 0 0 42 0 0 0 0 0 0 0 0 0 0 0 0 0 0 0 0 0 0 0 0 0 0 0 0 0 0 0 0 0 0 0 0 0 0 0 0 0 0 0 0 0 0 0 
0 0 0 0 0 0 0 0 0 1712 0 0 0 0 0 3616 8370 10 1892 0 0 6 2878 1370 0 0 0 0 133 420 0 585 19 0 0 0 0 0 0 0 0 0 0 0 0 0 0 0 0 0 0 0 0 0 0 0 0 0 0 0 0 0 0 0 0 0 0 0 0 0 0 0 0 0 0 0 0 0 0 0 0 0 0 
0 0 0 0 0 0 0 0 0 809 0 0 0 0 36 705 496 1019 4242 0 0 369 10675 7514 1220 986 0 7 162 754 585 0 69 82 0 0 2294 5 0 1574 1 0 0 0 0 0 0 0 0 0 0 0 0 0 0 1 0 0 1045 146 1 80 359 721 202 7 0 0 0 0 0 0 1203 95 3 0 0 1 0 0 0 0 0 
0 0 0 0 0 0 0 0 0 0 0 0 0 0 30 0 0 4700 1597 191 0 4 421 29 0 0 0 0 139 454 19 69 0 10 0 0 0 0 0 0 0 0 0 0 0 0 0 0 0 0 0 0 0 0 0 211 0 0 134 202 19 0 2 2 0 0 0 0 0 0 0 0 38 148 0 0 0 0 0 0 0 0 0 
385 4510 124 2 7567 509 11172 1728 0 1020 0 0 61 33 241 3567 7 5788 3 684 0 106 102 0 0 0 0 0 2 0 0 82 10 0 60 14 1780 20 2 139 0 0 0 0 0 0 0 0 649 4 11 0 0 2 18 276 0 0 1133 1920 588 72 467 1326 204 4 0 0 0 0 1 0 2440 4787 992 128 12 1462 10 0 59 0 4 
0 0 0 0 0 83 5843 1323 0 6787 0 30 49 849 0 355 0 6684 0 1054 0 0 0 0 0 0 0 1 0 0 0 0 0 60 0 500 315 269 37 8 59 0 0 0 0 0 0 0 1470 58 320 249 0 14 55 0 69 0 24 0 4 0 0 0 0 0 0 0 0 0 0 0 0 0 201 347 173 59 9 0 48 0 888 
5 0 0 1 0 0 9040 963 0 87 0 1 0 1 0 0 0 361 0 163 0 0 0 0 0 0 0 0 0 0 0 0 0 14 500 0 2 0 2 0 0 0 0 0 0 0 0 0 51 1 27 0 0 0 0 0 0 0 0 0 0 0 0 0 0 0 0 0 0 0 0 0 0 0 44 1 0 21 0 0 0 0 39 
0 5 0 1 34 4 4612 871 0 6199 0 4 51 417 1291 3615 0 8243 0 672 0 0 0 0 0 0 0 412 0 0 0 2294 0 1780 315 2 0 3 5 259 0 0 0 0 0 0 0 1 1019 15 23 0 0 8 144 324 0 0 80 357 114 1 0 0 1 0 0 0 0 0 0 0 1 980 139 1248 255 8568 11 1 37 0 1097 
0 0 0 0 0 0 787 64 0 177 0 0 3 87 24 17 0 1143 0 13 0 0 0 0 0 0 0 7 0 0 0 5 0 20 269 0 3 0 0 0 0 0 0 0 0 0 0 0 215 4 4 0 0 0 2 0 0 0 1 0 7 0 0 0 0 0 0 0 0 0 0 0 0 0 8 268 56 65 13 1 0 0 240 
105 0 86 86 0 0 99 2 0 31 0 25 0 0 0 0 0 27 0 0 0 0 0 0 0 0 0 0 0 0 0 0 0 2 37 2 5 0 0 0 0 0 0 0 0 0 0 16 1 0 11 5 0 0 0 0 3 0 8 0 1 0 0 0 0 0 0 0 0 0 0 0 0 0 0 0 4 0 0 0 0 0 0 
0 0 0 0 0 0 0 0 0 1 0 0 0 18 100 80 0 160 0 295 1 0 0 0 191 21 4 361 43 42 0 1574 0 139 8 0 259 0 0 0 1 0 0 0 0 0 0 0 0 0 0 0 0 0 3 0 1 0 1 0 55 113 20 0 133 0 0 0 0 0 0 0 0 0 0 275 42 45 0 0 117 0 38 
0 0 0 0 0 0 0 0 0 0 0 0 0 0 0 0 0 0 0 0 0 0 0 0 0 0 0 115 0 0 0 1 0 0 59 0 0 0 0 1 0 0 0 0 0 0 0 0 0 0 0 0 0 0 0 0 0 0 0 0 0 0 0 0 0 0 0 0 0 0 0 0 0 0 0 0 0 0 0 0 0 0 0 
2 0 0 0 0 0 7 2 0 0 0 0 0 0 0 0 0 0 0 0 0 0 0 0 0 0 0 0 0 0 0 0 0 0 0 0 0 0 0 0 0 0 426 299 259 12 0 7466 231 0 0 0 495 0 0 0 0 0 0 0 0 0 0 0 0 0 0 0 0 0 0 0 0 0 1599 0 160 4 0 162 0 0 0 
0 0 0 0 0 0 0 0 0 0 0 0 0 0 0 0 0 0 0 0 0 0 0 0 0 0 0 0 0 0 0 0 0 0 0 0 0 0 0 0 0 426 0 0 0 2 0 0 0 0 0 0 0 0 0 0 0 0 0 0 0 0 0 0 0 0 0 0 0 0 0 0 0 0 1353 0 0 0 0 0 0 0 0 
2 0 48 131 0 0 88 12 0 0 0 14 0 0 0 0 0 0 0 0 0 0 0 0 0 0 0 0 0 0 0 0 0 0 0 0 0 0 0 0 0 299 0 0 11 0 0 0 0 0 0 0 398 0 0 0 0 0 0 0 0 0 0 0 0 0 0 0 0 0 0 0 0 0 0 0 0 0 0 0 0 0 0 
4 0 29 159 0 0 30 7 0 0 0 6 0 0 0 0 0 0 0 0 0 0 0 0 0 0 0 0 0 0 0 0 0 0 0 0 0 0 0 0 0 259 0 11 0 0 0 2 1 0 0 1 232 0 0 0 6 0 10 0 3 0 0 0 0 0 0 0 0 0 0 0 0 0 70 13 12 15 28 0 0 0 0 
0 0 0 0 0 0 0 0 0 0 0 0 0 0 0 0 0 0 0 0 0 0 0 0 0 0 0 0 0 0 0 0 0 0 0 0 0 0 0 0 0 12 2 0 0 0 7 14 0 0 0 0 0 0 0 0 0 0 0 0 0 0 0 0 0 0 0 0 0 0 0 0 11 0 9163 3 4 142 17 0 0 0 0 
0 0 0 0 0 0 0 0 0 0 0 0 0 0 0 0 0 0 0 0 0 0 0 0 0 0 0 0 0 0 0 0 0 0 0 0 0 0 0 0 0 0 0 0 0 7 0 130 969 2691 5766 0 0 0 0 0 0 0 0 0 0 0 0 0 0 0 0 0 0 0 6 139 1 0 1080 0 0 10 0 0 0 0 0 
26 0 790 1968 0 0 8308 10793 0 0 0 202 80 0 0 0 0 0 0 0 0 0 0 0 0 0 0 0 0 0 0 0 0 0 0 0 1 0 16 0 0 7466 0 0 2 14 130 0 2355 1695 649 0 314 2 0 0 0 0 0 0 0 0 0 0 0 0 0 0 0 0 0 0 185 0 13356 835 5790 4403 1011 2 0 0 9 
12 0 206 155 0 20 4604 10284 0 40 0 198 970 0 0 31 0 0 0 0 0 0 0 0 0 0 0 0 0 0 0 0 0 649 1470 51 1019 215 1 0 0 231 0 0 1 0 969 2355 0 814 1343 3 1663 13782 2954 0 0 0 0 0 0 0 0 0 0 0 0 0 0 0 0 10 0 0 4920 6900 812 6955 68 0 0 0 1365 
0 0 0 0 0 0 0 17 0 0 0 0 0 0 0 0 0 0 0 0 0 0 0 0 0 0 0 0 0 0 0 0 0 4 58 1 15 4 0 0 0 0 0 0 0 0 2691 1695 814 0 4049 0 0 7 0 0 0 10 0 0 0 0 0 0 0 0 0 0 0 0 4 40 1 0 452 92 0 154 6 0 0 0 45 
0 0 0 0 0 0 302 112 0 1693 0 14 0 15 0 1 0 0 0 0 0 0 0 0 0 0 0 0 0 0 0 0 0 11 320 27 23 4 11 0 0 0 0 0 0 0 5766 649 1343 4049 0 5 0 6 6096 0 659 635 0 5 0 0 0 0 0 0 0 0 0 0 117 626 1164 0 5846 10835 306 12341 144 6 0 0 5581 
0 0 0 0 0 0 0 0 0 239 3 4 0 19 0 51 0 90 0 4 0 0 0 0 0 0 0 0 0 0 0 0 0 0 249 0 0 0 5 0 0 0 0 0 1 0 0 0 3 0 5 0 0 0 5456 0 28 0 0 0 26 0 0 0 0 0 0 0 0 0 0 0 0 0 0 399 108 0 0 375 0 0 7 
0 0 12 330 0 0 11 176 0 0 0 87 17 0 0 0 0 0 0 0 0 0 0 0 0 0 0 0 0 0 0 0 0 0 0 0 0 0 0 0 0 495 0 398 232 0 0 314 1663 0 0 0 0 1 0 0 2 0 9 0 2 0 0 0 0 0 0 0 0 0 0 0 0 0 13 0 38 1 0 1 0 0 0 
0 0 0 0 0 0 0 186 0 3 0 0 0 0 0 0 0 0 0 0 0 0 0 0 0 0 0 0 0 0 0 0 0 2 14 0 8 0 0 0 0 0 0 0 0 0 0 2 13782 7 6 0 1 0 10 0 0 0 0 0 0 0 0 0 0 0 0 0 0 0 0 0 0 0 0 0 0 0 0 0 0 0 2 
0 0 0 0 0 0 0 0 0 474 2 0 0 0 0 84 0 668 0 135 1 0 0 0 0 0 0 0 0 0 0 0 0 18 55 0 144 2 0 3 0 0 0 0 0 0 0 0 2954 0 6096 5456 0 10 0 199 624 0 4788 18 10937 0 0 0 0 0 0 0 0 0 0 0 10 682 827 1039 132 2737 0 4 0 0 322 
0 0 0 0 0 0 0 0 0 0 0 0 0 0 5 0 0 218 0 1424 2 0 0 6 0 0 0 0 0 0 0 1 211 276 0 0 324 0 0 0 0 0 0 0 0 0 0 0 0 0 0 0 0 0 199 0 0 0 452 383 5359 1 6 0 14 0 1 6 0 0 0 0 0 1251 261 0 0 432 0 0 112 0 0 
0 0 0 0 0 0 0 0 0 135 3 6 0 5 0 24 0 348 0 2 0 0 0 0 0 0 0 0 0 0 0 0 0 0 69 0 0 0 3 1 0 0 0 0 6 0 0 0 0 0 659 28 2 0 624 0 0 4622 709 750 0 0 0 0 0 0 0 0 0 0 376 1705 2415 0 1250 4049 197 4174 123 192 0 0 7588 
0 0 0 0 0 0 0 0 0 0 0 0 0 0 0 0 0 0 0 0 0 0 0 0 0 0 0 0 0 0 0 0 0 0 0 0 0 0 0 0 0 0 0 0 0 0 0 0 0 10 635 0 0 0 0 0 4622 0 435 130 0 0 0 0 0 0 0 0 0 3 786 6165 2399 0 0 0 0 2 0 0 0 0 0 
0 0 0 0 0 0 0 0 0 0 0 7 0 6 4 0 0 8373 0 2952 3290 2216 995 106 0 0 0 0 0 0 0 1045 134 1133 24 0 80 1 8 1 0 0 0 0 10 0 0 0 0 0 0 0 9 0 4788 452 709 435 0 1076 115 296 929 1748 1 173 0 0 0 12 421 561 608 409 446 5572 335 2011 3 134 0 0 1162 
0 0 0 0 0 0 0 0 0 0 0 0 0 0 19 0 0 1200 0 108 8 14 2 3 0 0 0 0 0 0 0 146 202 1920 0 0 357 0 0 0 0 0 0 0 0 0 0 0 0 0 5 0 0 0 18 383 750 130 1076 0 0 0 0 1847 0 4156 0 0 0 7312 4583 2998 6150 4344 1216 0 0 1875 0 0 0 0 0 
0 0 0 0 0 0 0 0 0 0 0 3 0 0 142 0 0 4083 0 7134 2947 92 48 150 0 0 0 0 0 0 0 1 19 588 4 0 114 7 1 55 0 0 0 0 3 0 0 0 0 0 0 26 2 0 10937 5359 0 0 115 0 0 78 25 21 21 0 0 0 0 0 0 0 0 0 0 412 73 0 0 37 221 0 18 
0 0 0 0 0 0 0 0 0 0 0 0 0 0 0 0 0 1143 0 419 1403 576 223 46 0 0 0 0 0 0 0 80 0 72 0 0 1 0 0 113 0 0 0 0 0 0 0 0 0 0 0 0 0 0 0 1 0 0 296 0 78 0 822 324 8 1 0 0 0 0 0 0 21 19 0 0 0 0 0 0 10 0 0 
0 0 0 0 0 0 0 0 0 0 0 0 0 0 5 0 0 678 0 1 369 1682 187 3 0 0 0 0 0 0 0 359 2 467 0 0 0 0 0 20 0 0 0 0 0 0 0 0 0 0 0 0 0 0 0 6 0 0 929 0 25 822 0 206 615 0 0 0 0 0 0 0 7 10 5 3 0 30 0 0 4 0 0 
0 0 0 0 0 0 0 0 0 0 0 0 0 0 0 0 0 1224 0 54 1157 1223 519 11 0 0 0 0 0 0 0 721 2 1326 0 0 0 0 0 0 0 0 0 0 0 0 0 0 0 0 0 0 0 0 0 0 0 0 1748 1847 21 324 206 0 30 3941 0 0 0 2175 2291 58 2411 47 23 13 0 112 0 0 0 0 0 
0 0 0 0 0 0 0 0 0 0 0 0 0 0 31 0 0 196 0 1 52 812 21 19 0 0 0 0 0 0 0 202 0 204 0 0 1 0 0 133 0 0 0 0 0 0 0 0 0 0 0 0 0 0 0 14 0 0 1 0 21 8 615 30 0 41 9 0 0 530 966 2 2169 8 5 21 0 45 0 0 134 0 0 
0 0 0 0 0 0 0 0 0 0 0 0 0 0 0 0 0 35 0 0 5 14 1 0 0 0 0 0 0 0 0 7 0 4 0 0 0 0 0 0 0 0 0 0 0 0 0 0 0 0 0 0 0 0 0 0 0 0 173 4156 0 1 0 3941 41 0 42 6 10 6188 3633 5 3914 123 222 24 0 1 0 0 32 0 0 
0 0 0 0 0 0 0 0 0 0 0 0 0 0 0 0 0 0 0 0 0 0 0 0 0 0 0 0 0 0 0 0 0 0 0 0 0 0 0 0 0 0 0 0 0 0 0 0 0 0 0 0 0 0 0 1 0 0 0 0 0 0 0 0 9 42 0 96 129 114 7 0 262 0 0 0 0 0 0 0 149 9 0 
0 0 0 0 0 0 0 0 0 0 0 0 0 0 0 0 0 0 0 0 0 0 0 0 0 0 0 0 0 0 0 0 0 0 0 0 0 0 0 0 0 0 0 0 0 0 0 0 0 0 0 0 0 0 0 6 0 0 0 0 0 0 0 0 0 6 96 0 1 0 0 0 0 0 0 0 0 0 0 0 0 0 0 
0 0 0 0 0 0 0 0 0 0 0 0 0 0 0 0 0 0 0 0 0 0 0 0 0 0 0 0 0 0 0 0 0 0 0 0 0 0 0 0 0 0 0 0 0 0 0 0 0 0 0 0 0 0 0 0 0 0 0 0 0 0 0 0 0 10 129 1 0 0 0 0 0 0 0 0 0 151 57 0 272 26 0 
0 0 0 0 0 0 0 0 0 0 0 0 0 0 0 0 0 0 0 0 0 0 0 0 0 0 0 0 0 0 0 0 0 0 0 0 0 0 0 0 0 0 0 0 0 0 0 0 0 0 0 0 0 0 0 0 0 3 12 7312 0 0 0 2175 530 6188 114 0 0 0 12 2 39 15 0 0 0 0 0 0 5 0 0 
0 0 0 0 0 0 0 0 0 0 0 0 0 0 0 0 0 0 0 0 1 0 0 0 0 0 0 0 0 0 0 0 0 1 0 0 0 0 0 0 0 0 0 0 0 0 6 0 0 4 117 0 0 0 0 0 376 786 421 4583 0 0 0 2291 966 3633 7 0 0 12 0 7 52 10 16 0 0 15 0 0 91 0 0 
0 0 0 0 0 0 0 0 0 0 0 0 0 0 0 0 0 0 0 0 0 0 0 0 0 0 0 0 0 0 0 0 0 0 0 0 0 0 0 0 0 0 0 0 0 0 139 0 10 40 626 0 0 0 0 0 1705 6165 561 2998 0 0 0 58 2 5 0 0 0 2 7 0 596 0 295 0 0 414 0 0 0 0 0 
0 0 0 0 0 0 0 0 0 0 0 0 0 0 0 0 0 483 0 1 152 744 79 28 0 0 0 0 0 0 0 1203 38 2440 0 0 1 0 0 0 0 0 0 0 0 11 1 185 0 1 1164 0 0 0 10 0 2415 2399 608 6150 0 21 7 2411 2169 3914 262 0 0 39 52 596 0 245 178 186 0 2950 141 0 1451 8 0 
0 0 0 0 0 0 0 0 0 0 0 0 0 0 42 0 0 559 0 16 0 4 1 0 0 0 0 0 0 0 0 95 148 4787 0 0 980 0 0 0 0 0 0 0 0 0 0 0 0 0 0 0 0 0 682 1251 0 0 409 4344 0 19 10 47 8 123 0 0 0 15 10 0 245 0 13 0 0 9 0 0 0 0 0 
0 0 0 0 0 0 60 5 0 0 0 0 0 0 0 0 0 0 0 0 0 0 0 0 0 0 0 0 0 0 0 3 0 992 201 44 139 8 0 0 0 1599 1353 0 70 9163 1080 13356 4920 452 5846 0 13 0 827 261 1250 0 446 1216 0 0 5 23 5 222 0 0 0 0 16 295 178 13 0 262 128 487 65 64 23 0 0 
0 0 0 0 0 2 22 0 0 0 0 19 0 80 0 0 0 6 0 0 0 0 0 0 0 0 0 0 0 0 0 0 0 128 347 1 1248 268 0 275 0 0 0 0 13 3 0 835 6900 92 10835 399 0 0 1039 0 4049 0 5572 0 412 0 3 13 21 24 0 0 0 0 0 0 186 0 262 0 1147 366 375 4 105 3 3885 
0 0 0 0 0 1 4 0 0 0 0 1 0 8 0 0 0 72 0 4 0 0 0 0 0 0 0 0 0 0 0 0 0 12 173 0 255 56 4 42 0 160 0 0 12 4 0 5790 812 0 306 108 38 0 132 0 197 0 335 0 73 0 0 0 0 0 0 0 0 0 0 0 0 0 128 1147 0 54 1 34 0 0 283 
0 0 0 0 0 9 390 0 0 0 0 0 0 2 14 0 0 0 0 0 0 0 0 0 0 0 0 0 0 0 0 1 0 1462 59 21 8568 65 0 45 0 4 0 0 15 142 10 4403 6955 154 12341 0 1 0 2737 432 4174 2 2011 1875 0 0 30 112 45 1 0 0 151 0 15 414 2950 9 487 366 54 0 0 10 125 0 1562 
0 0 0 0 0 0 13 0 0 0 0 0 0 0 0 0 0 0 0 0 0 0 0 0 0 0 0 0 0 0 0 0 0 10 9 0 11 13 0 0 0 0 0 0 28 17 0 1011 68 6 144 0 0 0 0 0 123 0 3 0 0 0 0 0 0 0 0 0 57 0 0 0 141 0 65 375 1 0 0 0 2 0 560 
0 0 0 0 0 0 0 0 0 0 0 0 0 0 0 0 0 1 0 0 0 0 0 0 0 0 0 0 0 0 0 0 0 0 0 0 1 1 0 0 0 162 0 0 0 0 0 2 0 0 6 375 1 0 4 0 192 0 134 0 37 0 0 0 0 0 0 0 0 0 0 0 0 0 64 4 34 10 0 0 0 0 0 
0 0 0 0 0 0 0 0 0 0 0 0 0 0 14 0 0 0 0 0 0 0 0 0 0 0 0 0 0 0 0 0 0 59 48 0 37 0 0 117 0 0 0 0 0 0 0 0 0 0 0 0 0 0 0 112 0 0 0 0 221 10 4 0 134 32 149 0 272 5 91 0 1451 0 23 105 0 125 2 0 0 48 2 
0 0 0 0 0 0 0 0 0 0 0 0 0 0 0 0 0 0 0 0 0 0 0 0 0 0 0 0 0 0 0 0 0 0 0 0 0 0 0 0 0 0 0 0 0 0 0 0 0 0 0 0 0 0 0 0 0 0 0 0 0 0 0 0 0 0 9 0 26 0 0 0 8 0 0 3 0 0 0 0 48 0 0 
0 0 0 0 0 1 6 40 0 6989 0 0 5 789 94 1749 0 7154 0 224 0 0 0 0 0 0 0 0 0 0 0 0 0 4 888 39 1097 240 0 38 0 0 0 0 0 0 0 9 1365 45 5581 7 0 2 322 0 7588 0 1162 0 18 0 0 0 0 0 0 0 0 0 0 0 0 0 0 3885 283 1562 560 0 2 0 0 
