0 2498 1295 352 2299 0 4625 0 0 0 0 84 0 0 0 0 0 0 0 0 0 0 1 0 0 0 0 0 0 0 0 1 0 582 0 38 11 0 23 0 0 256 0 0 3 0 0 4 0 0 0 0 12 0 0 0 0 0 0 0 0 0 0 0 0 0 0 0 0 0 0 0 0 0 0 0 0 0 0 0 0 0 0 
2498 0 0 0 106 0 0 0 0 0 0 0 0 0 0 0 0 52 0 0 1 0 6 0 0 0 0 0 0 328 0 840 0 1977 0 16 586 0 0 0 0 0 0 0 0 0 0 5 0 0 0 0 0 0 0 0 0 0 3 0 1 0 0 4 0 0 0 0 0 1 2 0 33 0 3 0 0 6 0 0 0 0 0 
1295 0 0 263 0 0 0 0 0 0 0 224 0 0 0 0 0 0 0 0 0 0 0 0 0 0 0 0 0 0 0 0 0 0 0 0 0 0 0 0 0 651 0 0 0 0 0 434 0 0 0 0 33 0 0 0 0 0 0 0 0 0 0 0 0 0 0 0 0 0 0 0 0 0 0 0 0 0 0 0 0 0 0 
352 0 263 0 0 0 372 284 0 0 0 189 0 0 0 0 0 0 0 0 0 0 0 0 0 0 0 0 0 0 0 0 0 1 0 0 1 0 47 0 0 677 0 0 0 0 0 190 0 0 0 0 177 0 0 0 0 0 0 0 0 0 0 0 0 0 0 0 0 0 0 0 0 0 0 0 0 0 0 0 0 0 0 
2299 106 0 0 0 10 55 18 0 0 0 0 0 0 0 0 0 162 0 1 1 0 14 0 0 0 0 0 0 363 0 318 0 3548 7 263 2034 291 0 0 0 0 0 0 0 0 0 20 6 0 0 0 0 0 0 0 0 0 35 0 50 0 0 25 0 0 0 0 1 4 58 0 275 0 7 0 0 238 0 0 5 0 27 
0 0 0 0 10 0 11 258 982 1514 0 0 0 0 0 760 361 0 0 0 0 0 0 0 0 0 0 0 0 341 358 0 0 2157 0 0 131 0 0 0 0 0 0 0 0 0 0 0 0 0 0 0 0 0 0 0 0 0 0 0 0 0 0 0 0 0 0 0 0 0 0 0 0 0 0 0 0 0 0 0 0 0 0 
4625 0 0 372 55 11 0 4546 4863 765 0 2921 1808 0 0 0 0 164 0 0 15 0 17 0 0 0 0 0 0 513 0 1433 0 2674 136 17224 8486 1087 600 0 0 1359 0 764 9 0 0 17027 9680 0 0 0 203 0 0 0 0 0 9 0 22 0 0 5 0 0 0 0 0 9 40 0 98 0 2 0 0 134 1 0 6 0 147 
0 0 0 284 18 258 4546 0 223 1151 112 354 16562 2846 3 252 0 240 0 247 0 0 0 0 0 0 0 0 0 0 0 0 0 2005 10621 2667 6944 882 0 0 0 0 0 0 0 0 0 2603 48678 0 0 0 0 2 6 0 0 0 0 0 0 0 0 0 0 0 0 0 0 0 0 0 0 0 0 0 0 0 0 0 0 0 1936 
0 0 0 0 0 982 4863 223 0 4421 0 0 0 0 0 0 0 0 0 0 0 0 0 0 0 0 0 0 0 0 0 0 0 901 45 6 1514 15 0 0 0 0 0 0 0 0 0 0 0 0 0 0 0 0 0 0 0 0 0 0 0 0 0 0 0 0 0 0 0 0 0 0 0 0 0 0 0 0 0 0 0 0 46 
0 0 0 0 0 1514 765 1151 4421 0 768 0 0 5068 0 5424 12032 129 771 1 0 0 0 0 0 0 0 0 400 4299 1026 0 0 658 11475 2073 15085 860 0 0 0 0 0 0 0 0 0 0 8660 0 7157 597 0 0 370 0 0 0 0 0 0 0 0 0 0 0 0 0 0 0 0 0 0 0 0 0 0 0 0 0 0 0 7312 
0 0 0 0 0 0 0 112 0 768 0 0 0 4164 0 142 0 52 0 0 0 0 0 0 0 0 0 0 0 0 0 0 0 0 0 0 0 0 0 0 0 0 0 0 0 0 0 0 0 0 201 0 0 0 43 0 3 0 0 0 0 0 0 0 0 0 0 0 0 0 0 0 0 0 0 0 0 0 0 0 0 0 0 
84 0 224 189 0 0 2921 354 0 0 0 0 4 0 0 0 0 0 0 0 0 0 0 0 0 0 0 0 0 0 0 0 0 0 0 0 0 0 0 0 0 1 0 0 0 0 0 17 327 0 0 0 0 0 0 0 0 0 0 0 0 0 0 0 0 0 0 0 0 0 0 0 0 0 0 0 0 0 0 0 0 0 0 
0 0 0 0 0 0 1808 16562 0 0 0 4 0 423 5 0 0 0 0 66 0 0 0 0 0 0 0 0 0 0 0 0 0 0 0 0 0 0 0 0 0 0 0 0 0 0 0 211 1410 0 0 0 0 0 0 0 0 0 0 0 0 0 0 0 0 0 0 0 0 0 0 0 0 0 0 0 0 0 0 0 0 0 0 
0 0 0 0 0 0 0 2846 0 5068 4164 0 423 0 436 73 0 440 0 7179 0 0 0 0 0 0 0 0 0 0 0 0 0 0 0 0 0 0 0 0 0 0 0 0 0 0 0 0 132 0 201 11 0 0 1 0 2 0 2 0 54 0 0 0 0 0 0 0 0 0 0 0 0 0 0 0 0 0 0 0 0 0 0 
0 0 0 0 0 0 0 3 0 0 0 0 5 436 0 0 0 2301 968 11351 266 6 0 316 1 100 0 0 120 3 0 0 1 6 28 0 153 0 0 4 6 0 0 0 0 0 0 33 0 0 0 0 0 0 0 0 0 0 511 0 272 173 146 542 0 1 4 0 0 0 0 0 9 0 2 0 0 77 0 0 0 0 40 
0 0 0 0 0 760 0 252 0 5424 142 0 0 73 0 0 6744 154 479 0 0 0 0 0 0 0 0 0 29 371 109 0 0 6436 4569 495 8467 2 0 0 0 0 0 0 0 0 0 0 0 0 1779 0 0 0 15 0 0 0 0 0 0 0 0 0 0 0 0 0 0 0 0 0 0 0 0 0 0 0 0 0 0 0 1758 
0 0 0 0 0 361 0 0 0 12032 0 0 0 0 0 6744 0 172 1068 0 0 0 0 0 0 0 0 0 569 4235 2200 894 3 3101 0 0 179 0 0 0 0 0 0 0 0 0 0 0 0 0 0 0 0 0 0 0 0 0 0 0 0 0 0 0 0 0 0 0 0 0 0 0 0 0 0 0 0 0 0 0 0 0 0 
0 52 0 0 162 0 164 240 0 129 52 0 0 440 2301 154 172 0 12374 990 22 100 1646 2 5690 0 0 0 2715 3658 1179 1653 185 1825 9366 1182 5522 5 0 56 12 0 0 0 0 3 0 101 0 0 6836 2927 0 0 84 148 5399 0 10504 0 1877 71 25 3194 0 275 0 0 0 23 55 0 1493 0 48 234 19 135 13 0 0 0 6948 
0 0 0 0 0 0 0 0 0 771 0 0 0 0 968 479 1068 12374 0 1551 0 0 212 0 0 0 0 0 3035 4371 288 124 6 100 0 0 287 0 0 0 0 0 0 0 0 0 0 234 0 0 0 0 0 0 0 1 0 0 264 0 61 3 0 293 0 0 0 0 0 0 0 0 505 0 44 0 0 451 0 0 0 0 0 
0 0 0 0 1 0 0 247 0 1 0 0 66 7179 11351 0 0 990 1551 0 105 16 0 0 0 0 0 0 0 0 0 5 0 12 0 0 33 0 0 0 0 0 0 0 0 0 0 23 0 0 291 323 0 0 7 396 304 0 3545 0 223 70 254 1872 0 23 0 0 0 0 0 0 138 0 12 93 0 90 2 0 0 0 0 
0 1 0 0 1 0 15 0 0 0 0 0 0 0 266 0 0 22 0 105 0 920 30 204 740 0 0 0 17 4 0 64 0 159 0 0 0 0 0 0 0 0 0 0 0 0 0 1 0 0 0 0 0 0 0 65 0 0 720 0 1 111 1014 4351 27 698 0 0 0 389 28 0 400 0 7 0 0 1 0 0 0 0 0 
0 0 0 0 0 0 0 0 0 0 0 0 0 0 6 0 0 100 0 16 920 0 65 2919 4435 0 0 0 130 68 0 76 0 0 0 0 0 0 0 0 0 0 0 0 0 0 0 0 0 0 0 0 0 0 0 19 0 0 127 0 2 10 294 1332 17 111 0 0 0 541 40 0 99 0 0 0 0 0 0 0 0 0 0 
1 6 0 0 14 0 17 0 0 0 0 0 0 0 0 0 0 1646 212 0 30 65 0 17 1728 0 0 0 397 240 0 2457 0 734 0 0 1 0 0 0 0 0 0 0 0 0 0 9 0 0 0 0 0 0 0 0 0 0 349 0 1 9 145 3802 14 1354 0 0 0 2941 1194 0 3011 0 3 0 0 1 0 0 0 0 0 
0 0 0 0 0 0 0 0 0 0 0 0 0 0 316 0 0 2 0 0 204 2919 17 0 2215 6 0 0 591 26 0 1 0 0 1 0 0 0 0 0 0 0 0 0 0 0 0 0 0 0 0 0 0 0 0 27 0 0 0 0 0 35 63 4 72 347 269 0 0 0 0 0 0 0 0 0 0 0 0 0 58 0 0 
0 0 0 0 0 0 0 0 0 0 0 0 0 0 1 0 0 5690 0 0 740 4435 1728 2215 0 29 133 0 2337 36 0 378 0 12 192 0 102 0 0 168 0 0 0 0 0 0 0 0 0 0 0 0 0 0 0 0 0 0 11 0 0 0 0 37 0 8 0 0 0 1 0 0 1 0 0 0 0 0 0 0 4 0 0 
0 0 0 0 0 0 0 0 0 0 0 0 0 0 100 0 0 0 0 0 0 0 0 6 29 0 0 5 88 44 0 0 0 0 14 0 4 0 0 222 0 0 0 0 0 0 0 0 0 0 0 0 0 0 0 0 0 0 1 0 0 0 0 0 0 0 0 0 0 0 0 0 0 0 0 0 0 0 0 0 0 0 0 
0 0 0 0 0 0 0 0 0 0 0 0 0 0 0 0 0 0 0 0 0 0 0 0 133 0 0 20 1 0 0 0 0 0 0 0 0 0 0 58 0 0 0 0 0 0 0 0 0 0 0 0 0 0 0 0 0 0 0 0 0 0 0 0 0 0 0 0 0 0 0 0 0 0 0 0 0 0 0 0 0 0 0 
0 0 0 0 0 0 0 0 0 0 0 0 0 0 0 0 0 0 0 0 0 0 0 0 0 5 20 0 0 0 0 0 0 447 200 0 1640 21 0 67 23 0 0 0 0 0 0 0 0 0 0 0 0 0 0 0 0 0 0 0 0 0 0 0 0 0 0 0 0 0 0 0 0 0 0 0 0 0 0 0 0 0 0 
0 0 0 0 0 0 0 0 0 400 0 0 0 0 120 29 569 2715 3035 0 17 130 397 591 2337 88 1 0 0 892 70 371 0 100 1111 0 1820 0 0 507 0 0 0 0 0 0 0 108 0 0 0 0 0 0 0 0 0 0 31 0 209 0 0 21 0 0 1 0 0 530 581 0 202 0 5 0 0 252 0 0 2 0 0 
0 328 0 0 363 341 513 0 0 4299 0 0 0 0 3 371 4235 3658 4371 0 4 68 240 26 36 44 0 0 892 0 602 212 0 1691 0 0 2111 0 0 24 0 0 0 0 0 0 0 0 0 0 0 0 0 0 0 0 0 0 8 0 29 0 0 0 0 2 0 0 1 460 2467 0 762 0 1 2 0 159 8 0 175 0 0 
0 0 0 0 0 358 0 0 0 1026 0 0 0 0 0 109 2200 1179 288 0 0 0 0 0 0 0 0 0 70 602 0 1415 0 1447 0 0 290 0 0 0 0 0 0 0 0 0 0 0 0 0 0 0 0 0 0 0 0 0 0 0 0 0 0 0 0 0 0 0 0 0 0 0 0 0 0 0 0 0 0 0 0 0 0 
1 840 0 0 318 0 1433 0 0 0 0 0 0 0 0 0 894 1653 124 5 64 76 2457 1 378 0 0 0 371 212 1415 0 296 511 0 0 367 46 0 0 0 0 0 0 0 0 0 10 0 0 0 0 0 0 0 0 0 0 173 0 345 0 0 1 0 12 0 0 0 2451 5819 0 3552 0 19 0 0 1453 0 0 237 0 0 
0 0 0 0 0 0 0 0 0 0 0 0 0 0 1 0 3 185 6 0 0 0 0 0 0 0 0 0 0 0 0 296 0 0 0 0 0 0 0 0 0 0 0 0 0 0 0 1 0 0 0 0 0 0 0 0 0 0 0 0 1 0 0 0 0 0 0 0 0 0 0 0 0 0 0 0 0 1 0 0 0 0 0 
582 1977 0 1 3548 2157 2674 2005 901 658 0 0 0 0 6 6436 3101 1825 100 12 159 0 734 0 12 0 0 447 100 1691 1447 511 0 0 0 0 106 0 3 0 0 0 0 0 0 0 0 92 0 0 0 0 0 0 0 0 0 0 13 0 25 0 0 14 0 1 0 0 0 532 1806 0 2226 0 72 0 0 84 0 0 6 0 1 
0 0 0 0 7 0 136 10621 45 11475 0 0 0 0 28 4569 0 9366 0 0 0 0 0 1 192 14 0 200 1111 0 0 0 0 0 0 214 329 0 0 166 18 0 0 0 0 0 0 0 0 0 0 4 0 0 0 0 54 0 4 0 7 0 0 0 0 0 0 0 0 0 0 0 0 0 0 0 0 7 0 0 0 0 247 
38 16 0 0 263 0 17224 2667 6 2073 0 0 0 0 0 495 0 1182 0 0 0 0 0 0 0 0 0 0 0 0 0 0 0 0 214 0 332 0 0 0 0 0 0 0 0 0 0 0 0 0 0 0 0 0 0 0 0 0 0 0 0 0 0 0 0 0 0 0 0 0 0 0 0 0 0 0 0 0 0 0 0 0 976 
11 586 0 1 2034 131 8486 6944 1514 15085 0 0 0 0 153 8467 179 5522 287 33 0 0 1 0 102 4 0 1640 1820 2111 290 367 0 106 329 332 0 0 0 62 1 0 0 0 0 0 0 242 0 0 0 0 0 0 0 4 16 0 818 0 928 0 0 0 0 0 0 0 0 0 18 0 1626 0 23 17 9 564 1 0 0 0 1577 
0 0 0 0 291 0 1087 882 15 860 0 0 0 0 0 2 0 5 0 0 0 0 0 0 0 0 0 21 0 0 0 46 0 0 0 0 0 0 0 0 0 0 0 0 0 0 0 0 0 0 0 0 0 0 0 0 0 0 0 0 0 0 0 0 0 0 0 0 0 0 0 0 0 0 0 0 0 0 0 0 0 0 2918 
23 0 0 47 0 0 600 0 0 0 0 0 0 0 0 0 0 0 0 0 0 0 0 0 0 0 0 0 0 0 0 0 0 3 0 0 0 0 0 0 0 0 0 0 0 0 0 0 0 0 0 0 0 0 0 0 0 0 0 0 0 0 0 0 0 0 0 0 0 0 0 0 0 0 0 0 0 0 0 0 0 0 0 
0 0 0 0 0 0 0 0 0 0 0 0 0 0 4 0 0 56 0 0 0 0 0 0 168 222 58 67 507 24 0 0 0 0 166 0 62 0 0 0 1 0 0 0 0 0 0 0 0 0 0 2 0 0 0 0 5 0 285 0 52 0 0 0 0 0 14 0 0 0 3 0 2 0 0 30 0 725 39 0 22 0 0 
0 0 0 0 0 0 0 0 0 0 0 0 0 0 6 0 0 12 0 0 0 0 0 0 0 0 0 23 0 0 0 0 0 0 18 0 1 0 0 1 0 0 0 0 0 0 0 0 0 0 0 0 0 0 0 0 1 0 10 0 20 0 0 0 0 0 0 0 0 0 0 0 4 0 0 0 0 9 0 0 0 0 1 
256 0 651 677 0 0 1359 0 0 0 0 1 0 0 0 0 0 0 0 0 0 0 0 0 0 0 0 0 0 0 0 0 0 0 0 0 0 0 0 0 0 0 306 1 166 1176 1 10444 0 0 0 0 548 0 0 0 0 0 0 0 0 0 0 0 0 0 0 0 13 0 0 0 356 0 361 0 12 0 0 146 0 0 0 
0 0 0 0 0 0 0 0 0 0 0 0 0 0 0 0 0 0 0 0 0 0 0 0 0 0 0 0 0 0 0 0 0 0 0 0 0 0 0 0 0 306 0 0 0 298 0 0 0 0 0 0 0 0 0 0 0 0 0 0 0 0 0 0 0 0 0 0 0 0 0 0 1 0 731 0 0 0 0 0 0 0 0 
0 0 0 0 0 0 764 0 0 0 0 0 0 0 0 0 0 0 0 0 0 0 0 0 0 0 0 0 0 0 0 0 0 0 0 0 0 0 0 0 0 1 0 0 5 0 0 0 0 0 0 0 415 0 0 0 0 0 0 0 0 0 0 0 0 0 0 0 0 0 0 0 0 0 0 0 0 0 0 0 0 0 0 
3 0 0 0 0 0 9 0 0 0 0 0 0 0 0 0 0 0 0 0 0 0 0 0 0 0 0 0 0 0 0 0 0 0 0 0 0 0 0 0 0 166 0 5 0 0 0 79 20 0 0 0 182 0 0 0 0 0 0 0 0 0 0 0 0 0 0 0 0 0 0 0 0 0 0 0 0 0 0 0 0 0 0 
0 0 0 0 0 0 0 0 0 0 0 0 0 0 0 0 0 3 0 0 0 0 0 0 0 0 0 0 0 0 0 0 0 0 0 0 0 0 0 0 0 1176 298 0 0 0 341 5 1 0 0 0 0 0 0 0 0 0 0 0 0 0 0 4 0 2 0 0 0 0 0 0 67 0 5459 0 0 141 0 0 0 0 0 
0 0 0 0 0 0 0 0 0 0 0 0 0 0 0 0 0 0 0 0 0 0 0 0 0 0 0 0 0 0 0 0 0 0 0 0 0 0 0 0 0 1 0 0 0 341 0 1326 8486 6223 2655 0 0 0 0 0 1218 2 151 0 0 0 0 0 0 0 0 0 0 424 3018 172 6 0 1230 0 0 1102 0 0 0 0 0 
4 5 434 190 20 0 17027 2603 0 0 0 17 211 0 33 0 0 101 234 23 1 0 9 0 0 0 0 0 108 0 0 10 1 92 0 0 242 0 0 0 0 10444 0 0 79 5 1326 0 194 4258 0 0 206 13 0 135 0 0 872 161 27 0 0 241 0 299 0 0 81 0 1 0 1484 0 10491 230 16923 9665 1099 149 0 0 388 
0 0 0 0 6 0 9680 48678 0 8660 0 327 1410 132 0 0 0 0 0 0 0 0 0 0 0 0 0 0 0 0 0 0 0 0 0 0 0 0 0 0 0 0 0 0 20 1 8486 194 0 105 465 192 1435 2730 2066 0 44 0 0 0 61 0 0 0 0 1 0 0 0 0 0 0 0 0 5320 2328 2046 6102 1242 0 0 0 2347 
0 0 0 0 0 0 0 0 0 0 0 0 0 0 0 0 0 0 0 0 0 0 0 0 0 0 0 0 0 0 0 0 0 0 0 0 0 0 0 0 0 0 0 0 0 0 6223 4258 105 0 2974 0 0 0 0 0 161 0 0 0 0 0 0 0 0 0 0 0 0 679 406 2 0 0 685 0 0 78 0 0 0 0 0 
0 0 0 0 0 0 0 0 0 7157 201 0 0 201 0 1779 0 6836 0 291 0 0 0 0 0 0 0 0 0 0 0 0 0 0 0 0 0 0 0 0 0 0 0 0 0 0 2655 0 465 2974 0 513 0 0 3260 0 2602 5463 60 25 0 0 0 0 0 0 0 0 0 1964 8677 4215 563 0 1540 17525 861 9228 3421 0 427 0 11883 
0 0 0 0 0 0 0 0 0 597 0 0 0 11 0 0 0 2927 0 323 0 0 0 0 0 0 0 0 0 0 0 0 0 0 4 0 0 0 0 2 0 0 0 0 0 0 0 0 192 0 513 0 0 4 3228 0 319 0 4 0 2 0 0 0 0 0 0 0 0 0 0 0 0 0 0 0 8 0 0 0 0 0 0 
12 0 33 177 0 0 203 0 0 0 0 0 0 0 0 0 0 0 0 0 0 0 0 0 0 0 0 0 0 0 0 0 0 0 0 0 0 0 0 0 0 548 0 415 182 0 0 206 1435 0 0 0 0 0 0 0 0 0 0 0 0 0 0 0 0 0 0 0 0 0 0 0 0 0 0 0 0 0 0 0 0 0 0 
0 0 0 0 0 0 0 2 0 0 0 0 0 0 0 0 0 0 0 0 0 0 0 0 0 0 0 0 0 0 0 0 0 0 0 0 0 0 0 0 0 0 0 0 0 0 0 13 2730 0 0 4 0 0 7 0 0 0 0 0 230 0 0 0 0 0 0 0 0 0 0 0 0 0 0 0 0 0 0 0 0 0 0 
0 0 0 0 0 0 0 6 0 370 43 0 0 1 0 15 0 84 0 7 0 0 0 0 0 0 0 0 0 0 0 0 0 0 0 0 0 0 0 0 0 0 0 0 0 0 0 0 2066 0 3260 3228 0 7 0 770 147 0 77 0 4425 0 0 0 0 0 0 0 0 0 0 0 0 0 0 0 0 0 0 0 0 0 0 
0 0 0 0 0 0 0 0 0 0 0 0 0 0 0 0 0 148 1 396 65 19 0 27 0 0 0 0 0 0 0 0 0 0 0 0 4 0 0 0 0 0 0 0 0 0 0 135 0 0 0 0 0 0 770 0 0 0 3222 3 13149 1766 610 597 110 25 523 2 0 0 0 0 5 0 7 0 0 225 0 0 57 0 2 
0 0 0 0 0 0 0 0 0 0 3 0 0 2 0 0 0 5399 0 304 0 0 0 0 0 0 0 0 0 0 0 0 0 0 54 0 16 0 0 5 1 0 0 0 0 0 1218 0 44 161 2602 319 0 0 147 0 0 5405 16 0 0 0 0 0 0 4 0 0 0 1546 1394 554 254 0 1840 3119 845 14311 1657 0 50 0 1680 
0 0 0 0 0 0 0 0 0 0 0 0 0 0 0 0 0 0 0 0 0 0 0 0 0 0 0 0 0 0 0 0 0 0 0 0 0 0 0 0 0 0 0 0 0 0 2 0 0 0 5463 0 0 0 0 0 5405 0 301 2263 0 0 0 0 0 2 0 0 0 3334 4243 3104 981 0 260 0 0 0 0 0 0 0 0 
0 3 0 0 35 0 9 0 0 0 0 0 0 2 511 0 0 10504 264 3545 720 127 349 0 11 1 0 0 31 8 0 173 0 13 4 0 818 0 0 285 10 0 0 0 0 0 151 872 0 0 60 4 0 0 77 3222 16 301 0 2585 1552 167 134 2078 22 118 0 0 1 395 2718 2 788 0 775 8486 1522 14373 737 0 81 1 2698 
0 0 0 0 0 0 0 0 0 0 0 0 0 0 0 0 0 0 0 0 0 0 0 0 0 0 0 0 0 0 0 0 0 0 0 0 0 0 0 0 0 0 0 0 0 0 0 161 0 0 25 0 0 0 0 3 0 2263 2585 0 107 0 0 1205 0 1036 0 0 0 4120 3911 90 2675 1510 1711 0 0 4901 6 0 0 0 0 
0 1 0 0 50 0 22 0 0 0 0 0 0 54 272 0 0 1877 61 223 1 2 1 0 0 0 0 0 209 29 0 345 1 25 7 0 928 0 0 52 20 0 0 0 0 0 0 27 61 0 0 2 0 230 4425 13149 0 0 1552 107 0 823 16 57 0 0 2 0 1 8 33 0 136 0 2 3 1 480 0 0 0 0 197 
0 0 0 0 0 0 0 0 0 0 0 0 0 0 173 0 0 71 3 70 111 10 9 35 0 0 0 0 0 0 0 0 0 0 0 0 0 0 0 0 0 0 0 0 0 0 0 0 0 0 0 0 0 0 0 1766 0 0 167 0 823 0 267 18 200 87 0 0 0 83 0 0 3 0 0 0 0 0 0 0 0 0 0 
0 0 0 0 0 0 0 0 0 0 0 0 0 0 146 0 0 25 0 254 1014 294 145 63 0 0 0 0 0 0 0 0 0 0 0 0 0 0 0 0 0 0 0 0 0 0 0 0 0 0 0 0 0 0 0 610 0 0 134 0 16 267 0 21 778 1804 0 0 0 1702 0 0 0 0 0 0 0 0 0 0 0 0 0 
0 4 0 0 25 0 5 0 0 0 0 0 0 0 542 0 0 3194 293 1872 4351 1332 3802 4 37 0 0 0 21 0 0 1 0 14 0 0 0 0 0 0 0 0 0 0 0 4 0 241 0 0 0 0 0 0 0 597 0 0 2078 1205 57 18 21 0 2 389 0 0 0 1887 67 0 287 0 216 0 0 10 0 0 0 0 0 
0 0 0 0 0 0 0 0 0 0 0 0 0 0 0 0 0 0 0 0 27 17 14 72 0 0 0 0 0 0 0 0 0 0 0 0 0 0 0 0 0 0 0 0 0 0 0 0 0 0 0 0 0 0 0 110 0 0 22 0 0 200 778 2 0 1196 0 0 0 2737 6 0 0 0 0 0 0 0 0 0 0 0 0 
0 0 0 0 0 0 0 0 0 0 0 0 0 0 1 0 0 275 0 23 698 111 1354 347 8 0 0 0 0 2 0 12 0 1 0 0 0 0 0 0 0 0 0 0 0 2 0 299 1 0 0 0 0 0 0 25 4 2 118 1036 0 87 1804 389 1196 0 181 59 25 10776 2630 0 4087 14 552 415 0 209 0 0 215 0 0 
0 0 0 0 0 0 0 0 0 0 0 0 0 0 4 0 0 0 0 0 0 0 0 269 0 0 0 0 1 0 0 0 0 0 0 0 0 0 0 14 0 0 0 0 0 0 0 0 0 0 0 0 0 0 0 523 0 0 0 0 2 0 0 0 0 181 0 3 0 3 0 0 0 0 0 0 0 0 0 0 208 0 0 
0 0 0 0 0 0 0 0 0 0 0 0 0 0 0 0 0 0 0 0 0 0 0 0 0 0 0 0 0 0 0 0 0 0 0 0 0 0 0 0 0 0 0 0 0 0 0 0 0 0 0 0 0 0 0 2 0 0 0 0 0 0 0 0 0 59 3 0 0 0 0 0 0 0 0 9 0 0 0 0 233 69 0 
0 0 0 0 1 0 0 0 0 0 0 0 0 0 0 0 0 0 0 0 0 0 0 0 0 0 0 0 0 1 0 0 0 0 0 0 0 0 0 0 0 13 0 0 0 0 0 81 0 0 0 0 0 0 0 0 0 0 1 0 1 0 0 0 0 25 0 0 0 72 0 0 0 0 117 774 0 3086 342 0 221 322 0 
0 1 0 0 4 0 9 0 0 0 0 0 0 0 0 0 0 23 0 0 389 541 2941 0 1 0 0 0 530 460 0 2451 0 532 0 0 0 0 0 0 0 0 0 0 0 0 424 0 0 679 1964 0 0 0 0 0 1546 3334 395 4120 8 83 1702 1887 2737 10776 3 0 72 0 1546 0 66 0 25 460 0 319 0 0 25 0 0 
0 2 0 0 58 0 40 0 0 0 0 0 0 0 0 0 0 55 0 0 28 40 1194 0 0 0 0 0 581 2467 0 5819 0 1806 0 0 18 0 0 3 0 0 0 0 0 0 3018 1 0 406 8677 0 0 0 0 0 1394 4243 2718 3911 33 0 0 67 6 2630 0 0 0 1546 0 109 3914 0 75 19 3 297 0 0 30 0 0 
0 0 0 0 0 0 0 0 0 0 0 0 0 0 0 0 0 0 0 0 0 0 0 0 0 0 0 0 0 0 0 0 0 0 0 0 0 0 0 0 0 0 0 0 0 0 172 0 0 2 4215 0 0 0 0 0 554 3104 2 90 0 0 0 0 0 0 0 0 0 0 109 0 1184 0 0 0 0 0 0 0 0 0 0 
0 33 0 0 275 0 98 0 0 0 0 0 0 0 9 0 0 1493 505 138 400 99 3011 0 1 0 0 0 202 762 0 3552 0 2226 0 0 1626 0 0 2 4 356 1 0 0 67 6 1484 0 0 563 0 0 0 0 5 254 981 788 2675 136 3 0 287 0 4087 0 0 0 66 3914 1184 0 386 264 2 0 1064 1 0 7 0 3 
0 0 0 0 0 0 0 0 0 0 0 0 0 0 0 0 0 0 0 0 0 0 0 0 0 0 0 0 0 0 0 0 0 0 0 0 0 0 0 0 0 0 0 0 0 0 0 0 0 0 0 0 0 0 0 0 0 0 0 1510 0 0 0 0 0 14 0 0 0 0 0 0 386 0 89 0 0 0 0 0 0 0 0 
0 3 0 0 7 0 2 0 0 0 0 0 0 0 2 0 0 48 44 12 7 0 3 0 0 0 0 0 5 1 0 19 0 72 0 0 23 0 0 0 0 361 731 0 0 5459 1230 10491 5320 685 1540 0 0 0 0 7 1840 260 775 1711 2 0 0 216 0 552 0 0 117 25 75 0 264 89 0 0 123 864 0 9 0 0 1 
0 0 0 0 0 0 0 0 0 0 0 0 0 0 0 0 0 234 0 93 0 0 0 0 0 0 0 0 0 2 0 0 0 0 0 0 17 0 0 30 0 0 0 0 0 0 0 230 2328 0 17525 0 0 0 0 0 3119 0 8486 0 3 0 0 0 0 415 0 9 774 460 19 0 2 0 0 0 678 547 62 0 349 233 869 
0 0 0 0 0 0 0 0 0 0 0 0 0 0 0 0 0 19 0 0 0 0 0 0 0 0 0 0 0 0 0 0 0 0 0 0 9 0 0 0 0 12 0 0 0 0 0 16923 2046 0 861 8 0 0 0 0 845 0 1522 0 1 0 0 0 0 0 0 0 0 0 3 0 0 0 123 678 0 297 18 0 0 0 1167 
0 6 0 0 238 0 134 0 0 0 0 0 0 0 77 0 0 135 451 90 1 0 1 0 0 0 0 0 252 159 0 1453 1 84 7 0 564 0 0 725 9 0 0 0 0 141 1102 9665 6102 78 9228 0 0 0 0 225 14311 0 14373 4901 480 0 0 10 0 209 0 0 3086 319 297 0 1064 0 864 547 297 0 2 0 18 0 484 
0 0 0 0 0 0 1 0 0 0 0 0 0 0 0 0 0 13 0 2 0 0 0 0 0 0 0 0 0 8 0 0 0 0 0 0 1 0 0 39 0 0 0 0 0 0 0 1099 1242 0 3421 0 0 0 0 0 1657 0 737 6 0 0 0 0 0 0 0 0 342 0 0 0 1 0 0 62 18 2 0 0 0 0 2224 
0 0 0 0 0 0 0 0 0 0 0 0 0 0 0 0 0 0 0 0 0 0 0 0 0 0 0 0 0 0 0 0 0 0 0 0 0 0 0 0 0 146 0 0 0 0 0 149 0 0 0 0 0 0 0 0 0 0 0 0 0 0 0 0 0 0 0 0 0 0 0 0 0 0 9 0 0 0 0 0 0 0 2 
0 0 0 0 5 0 6 0 0 0 0 0 0 0 0 0 0 0 0 0 0 0 0 58 4 0 0 0 2 175 0 237 0 6 0 0 0 0 0 22 0 0 0 0 0 0 0 0 0 0 427 0 0 0 0 57 50 0 81 0 0 0 0 0 0 215 208 233 221 25 30 0 7 0 0 349 0 18 0 0 0 0 6 
0 0 0 0 0 0 0 0 0 0 0 0 0 0 0 0 0 0 0 0 0 0 0 0 0 0 0 0 0 0 0 0 0 0 0 0 0 0 0 0 0 0 0 0 0 0 0 0 0 0 0 0 0 0 0 0 0 0 1 0 0 0 0 0 0 0 0 69 322 0 0 0 0 0 0 233 0 0 0 0 0 0 5 
0 0 0 0 27 0 147 1936 46 7312 0 0 0 0 40 1758 0 6948 0 0 0 0 0 0 0 0 0 0 0 0 0 0 0 1 247 976 1577 2918 0 0 1 0 0 0 0 0 0 388 2347 0 11883 0 0 0 0 2 1680 0 2698 0 197 0 0 0 0 0 0 0 0 0 0 0 3 0 1 869 1167 484 2224 2 6 5 0 
