0 1891 449 329 20 0 224 0 0 0 0 1 0 0 0 0 3 67 12 0 0 0 0 0 64 0 15 1070 210 70 3 87 0 3437 0 171 71 0 180 0 0 71 0 0 49 0 0 492 0 0 0 0 0 0 0 0 0 0 0 0 0 0 0 0 0 0 0 0 0 0 0 0 0 0 0 0 0 33 15 7 0 0 0 
1891 0 0 0 11 0 155 0 0 0 0 0 0 0 0 1 10 47 66 0 0 0 0 0 28 0 0 0 46 1 0 0 0 2366 0 0 830 0 0 0 0 0 0 0 0 0 0 0 0 0 0 0 0 0 0 0 0 0 0 0 0 0 0 0 0 0 0 0 0 0 0 0 0 0 0 0 0 0 0 0 0 0 0 
449 0 0 227 0 0 0 0 0 0 0 42 0 0 0 0 3 519 186 0 0 0 0 0 351 0 74 779 455 109 3 107 0 593 0 736 1649 14 0 0 0 670 0 6 1 0 0 6182 988 0 0 0 4 0 0 0 0 0 0 0 0 0 0 0 0 0 0 0 0 0 0 0 0 0 5 0 1 170 0 0 0 0 0 
329 0 227 0 0 0 0 156 0 0 0 34 0 0 0 0 0 0 0 0 0 0 0 0 0 0 0 3 0 0 0 0 0 40 0 30 21 0 59 0 0 1155 0 0 6 0 0 1772 7 0 0 0 13 0 0 0 0 0 0 0 0 0 0 0 0 0 0 0 0 0 0 0 0 0 5 0 12 490 0 0 0 0 48 
20 11 0 0 0 144 4464 743 1580 75 0 0 0 0 0 319 44 392 226 0 0 0 0 0 34 0 0 0 107 8 0 2 0 2572 0 0 7030 0 0 0 0 0 0 0 0 0 0 0 0 0 0 0 0 0 0 0 0 0 0 0 0 0 0 0 0 0 0 0 0 0 0 0 0 0 0 0 0 0 0 0 0 0 0 
0 0 0 0 144 0 18 558 4783 541 0 0 0 0 0 1533 470 1842 953 0 0 0 0 0 7 0 0 0 95 13 0 0 0 405 0 0 546 0 0 0 0 0 0 0 0 0 0 0 0 0 0 0 0 0 0 0 0 0 0 0 0 0 0 0 0 0 0 0 0 0 0 0 0 0 0 0 0 0 0 0 0 0 0 
224 155 0 0 4464 18 0 2217 1965 3 0 217 219 0 0 19 126 346 446 0 0 0 0 0 33 0 0 0 20 1 0 4 2 2621 7864 10183 16264 1339 0 0 0 98 0 46 1 0 0 8775 5931 0 0 0 11 1 0 0 0 0 0 0 0 0 0 0 0 0 0 0 0 0 0 0 0 0 0 0 0 9 0 0 0 0 1586 
0 0 0 156 743 558 2217 0 1445 1213 954 2821 15833 2041 0 33 0 62 0 0 0 0 0 0 0 0 0 0 0 0 0 0 0 42 18035 3711 7119 8 0 0 0 293 0 11 0 0 0 8078 38066 0 0 30 28 847 201 0 0 0 0 0 0 0 0 0 0 0 0 0 0 0 0 0 0 0 2 0 3 34 0 0 0 0 1236 
0 0 0 0 1580 4783 1965 1445 0 9056 0 0 0 0 0 1868 20 314 7 0 0 0 0 0 0 0 0 0 0 0 0 0 0 4 495 0 2169 0 0 0 0 0 0 0 0 0 0 0 0 0 0 0 0 0 0 0 0 0 0 0 0 0 0 0 0 0 0 0 0 0 0 0 0 0 0 0 0 0 0 0 0 0 1 
0 0 0 0 75 541 3 1213 9056 0 357 0 592 8916 0 8706 9548 1853 5597 0 0 0 0 0 16 0 0 0 628 433 0 4 0 475 21409 2038 536 20 0 0 0 0 0 0 0 0 0 0 2750 0 0 1359 0 0 1207 0 0 0 0 0 0 0 0 0 0 0 0 0 0 0 0 0 0 0 0 0 0 0 0 0 0 0 4677 
0 0 0 0 0 0 0 954 0 357 0 0 4777 3676 0 236 0 1073 0 551 0 0 0 0 0 0 0 0 0 0 0 0 0 0 0 0 0 0 0 0 0 0 0 0 0 0 0 0 0 0 0 0 0 0 1 0 0 0 0 0 0 0 0 0 0 0 0 0 0 0 0 0 0 0 0 0 0 0 0 0 0 0 0 
1 0 42 34 0 0 217 2821 0 0 0 0 582 0 0 0 0 0 0 0 0 0 0 0 0 0 0 0 0 0 0 0 0 0 0 0 0 0 7 0 0 112 0 2 8 0 0 517 89 0 0 0 5 0 0 0 0 0 0 0 0 0 0 0 0 0 0 0 0 0 0 0 0 0 6 0 15 287 0 1 0 0 0 
0 0 0 0 0 0 219 15833 0 592 4777 582 0 138 0 26 0 630 0 923 0 0 0 0 0 0 0 0 0 0 0 0 0 0 0 0 0 0 0 0 0 0 0 0 0 0 0 22 245 0 0 0 17 0 0 0 0 0 0 0 0 0 0 0 0 0 0 0 0 0 0 0 0 0 0 0 0 0 0 0 0 0 0 
0 0 0 0 0 0 0 2041 0 8916 3676 0 138 0 1 1962 0 7119 0 6966 0 0 0 0 0 0 0 0 0 0 0 0 0 0 0 0 0 0 0 0 0 0 0 0 0 0 0 0 3 0 0 3 0 0 9 7 0 0 0 0 285 0 0 0 0 0 0 0 0 0 0 0 0 0 0 0 0 0 0 0 0 0 0 
0 0 0 0 0 0 0 0 0 0 0 0 0 1 0 0 0 9801 0 10624 2443 427 173 39 25 416 2 0 0 0 0 0 0 0 0 0 0 0 0 14 0 0 0 0 0 0 0 0 0 0 0 0 0 0 0 0 0 0 1 0 14 0 0 1 0 0 0 0 0 0 0 0 0 0 0 0 0 0 0 0 0 0 0 
0 1 0 0 319 1533 19 33 1868 8706 236 0 26 1962 0 0 7688 1858 25 1 0 0 0 0 17 0 0 0 3 0 0 21 0 160 10897 1370 6828 6 0 0 0 0 0 0 0 0 0 0 0 0 0 14 0 0 56 0 1 0 9 0 3463 0 0 0 0 0 0 0 0 0 0 0 0 0 0 0 0 0 0 0 0 0 5356 
3 10 3 0 44 470 126 0 20 9548 0 0 0 0 0 7688 0 158 4061 0 0 0 0 0 642 0 0 0 3954 3046 1299 240 165 1111 0 0 452 0 0 0 0 0 0 0 0 0 0 0 0 0 0 0 0 0 0 0 0 0 0 0 0 0 0 0 0 0 0 0 0 0 0 0 0 0 0 0 0 0 0 0 0 0 0 
67 47 519 0 392 1842 346 62 314 1853 1073 0 630 7119 9801 1858 158 0 6346 1403 346 198 4354 111 2264 200 0 6504 5011 318 0 15254 687 2100 16057 1373 13326 608 0 1354 0 0 0 0 0 0 0 0 0 0 0 0 0 0 327 622 0 0 209 0 25901 2066 0 17 0 0 0 0 0 0 0 0 0 0 0 0 0 73 152 0 0 0 3788 
12 66 186 0 226 953 446 0 7 5597 0 0 0 0 0 25 4061 6346 0 0 0 0 351 0 2985 0 0 776 4195 2514 218 2087 298 1069 0 0 9003 388 0 137 0 0 0 0 0 0 0 0 0 0 0 0 0 0 0 0 0 0 0 0 0 0 0 0 0 0 0 0 0 0 0 0 0 0 0 0 0 0 0 0 0 0 10 
0 0 0 0 0 0 0 0 0 0 551 0 923 6966 10624 1 0 1403 0 0 1113 24 0 76 0 210 0 0 0 0 0 0 0 0 0 0 0 0 0 12 0 0 0 0 0 0 0 0 0 0 0 0 0 0 0 237 0 0 4 0 2686 76 0 0 0 0 0 0 0 0 0 0 0 0 0 0 0 0 0 0 0 0 0 
0 0 0 0 0 0 0 0 0 0 0 0 0 0 2443 0 0 346 0 1113 0 1414 576 419 187 167 0 1 90 2 0 0 0 0 0 0 0 0 0 0 0 0 0 0 0 0 0 0 0 0 0 0 0 0 0 133 0 0 180 0 341 175 89 128 2 0 60 0 0 0 0 0 0 0 0 0 0 0 0 0 146 0 0 
0 0 0 0 0 0 0 0 0 0 0 0 0 0 427 0 0 198 0 24 1414 0 121 3438 3549 16 0 72 690 27 0 31 0 0 0 0 0 0 0 0 0 0 0 0 0 0 0 0 0 0 0 0 0 0 0 0 0 0 212 0 1 232 4 81 0 0 0 0 0 0 0 0 0 0 0 0 0 0 0 0 0 0 0 
0 0 0 0 0 0 0 0 0 0 0 0 0 0 173 0 0 4354 351 0 576 121 0 103 7511 4 0 638 1651 314 0 3936 0 184 0 0 0 0 0 0 0 0 0 0 0 0 0 0 0 0 0 0 0 0 0 19 0 0 22 0 3472 5638 0 4 0 0 0 0 0 0 0 0 0 0 0 0 0 0 0 0 0 0 0 
0 0 0 0 0 0 0 0 0 0 0 0 0 0 39 0 0 111 0 76 419 3438 103 0 292 2 0 0 0 0 0 0 0 0 0 0 0 0 0 0 0 0 0 0 0 0 0 0 0 0 0 0 0 0 0 0 0 0 6 0 0 4 14 0 66 5 0 0 0 0 0 0 0 0 0 0 0 0 0 0 0 0 0 
64 28 351 0 34 7 33 0 0 16 0 0 0 0 25 17 642 2264 2985 0 187 3549 7511 292 0 525 0 21 2576 1104 37 3604 2 822 84 0 2758 30 0 405 0 0 0 0 0 0 0 106 0 0 0 0 0 0 0 0 0 0 108 0 153 75 0 90 0 0 0 0 1 0 0 0 1 0 27 0 0 4 1 0 0 0 0 
0 0 0 0 0 0 0 0 0 0 0 0 0 0 416 0 0 200 0 210 167 16 4 2 525 0 0 0 1 0 0 0 0 0 0 0 0 0 0 273 0 0 0 0 0 0 0 0 0 0 0 0 0 0 0 0 0 0 6 0 0 0 0 34 0 0 0 0 0 0 0 0 0 0 0 0 0 0 0 0 0 0 0 
15 0 74 0 0 0 0 0 0 0 0 0 0 0 2 0 0 0 0 0 0 0 0 0 0 0 0 0 0 0 0 0 0 0 0 0 870 83 0 67 18 0 0 0 0 0 0 0 0 0 0 0 0 0 0 0 0 0 0 0 0 0 0 0 0 0 0 0 0 0 0 0 0 0 0 0 0 0 0 0 0 0 0 
1070 0 779 3 0 0 0 0 0 0 0 0 0 0 0 0 0 6504 776 0 1 72 638 0 21 0 0 0 35 0 0 9 0 543 255 3 490 141 0 37 1 0 0 0 0 0 0 306 0 0 0 0 0 0 0 0 0 0 378 0 2109 703 0 177 0 0 0 0 23 0 0 0 95 0 62 2 0 750 273 0 0 0 0 
210 46 455 0 107 95 20 0 0 628 0 0 0 0 0 3 3954 5011 4195 0 90 690 1651 0 2576 1 0 35 0 1220 904 1616 0 800 2 0 2392 3 0 71 0 0 0 0 0 0 0 174 0 0 0 0 0 0 0 0 0 0 329 0 55 520 0 250 0 0 0 0 0 0 0 0 3 0 43 0 0 20 9 0 0 0 0 
70 1 109 0 8 13 1 0 0 433 0 0 0 0 0 0 3046 318 2514 0 2 27 314 0 1104 0 0 0 1220 0 1131 1154 0 123 13 0 211 0 0 1 0 0 0 0 0 0 0 80 0 0 0 0 0 0 0 0 0 0 108 0 54 237 0 60 0 0 0 0 0 0 0 0 1 0 9 0 0 55 2 0 0 0 0 
3 0 3 0 0 0 0 0 0 0 0 0 0 0 0 0 1299 0 218 0 0 0 0 0 37 0 0 0 904 1131 0 855 0 2 0 0 3 0 0 0 0 0 0 0 0 0 0 0 0 0 0 0 0 0 0 0 0 0 0 0 0 0 0 0 0 0 0 0 0 0 0 0 0 0 0 0 0 0 0 0 0 0 0 
87 0 107 0 2 0 4 0 0 4 0 0 0 0 0 21 240 15254 2087 0 0 31 3936 0 3604 0 0 9 1616 1154 855 0 67 1142 6 0 285 0 0 1 0 0 0 0 0 0 0 483 0 0 0 0 0 0 0 0 0 0 1011 0 5737 5398 0 374 0 0 0 0 4 0 0 0 5 0 102 0 0 1434 125 0 0 0 0 
0 0 0 0 0 0 2 0 0 0 0 0 0 0 0 0 165 687 298 0 0 0 0 0 2 0 0 0 0 0 0 67 0 0 0 0 0 0 0 0 0 0 0 0 0 0 0 0 0 0 0 0 0 0 0 0 0 0 0 0 0 0 0 0 0 0 0 0 0 0 0 0 0 0 0 0 0 0 0 0 0 0 0 
3437 2366 593 40 2572 405 2621 42 4 475 0 0 0 0 0 160 1111 2100 1069 0 0 0 184 0 822 0 0 543 800 123 2 1142 0 0 0 28 163 1 37 0 0 0 0 0 0 0 0 0 0 0 0 0 0 0 0 0 0 0 0 0 0 2 0 0 0 0 0 0 0 0 0 0 0 0 0 0 0 0 0 0 0 0 0 
0 0 0 0 0 0 7864 18035 495 21409 0 0 0 0 0 10897 0 16057 0 0 0 0 0 0 84 0 0 255 2 13 0 6 0 0 0 1333 1633 360 0 430 58 0 0 0 0 0 0 0 142 0 0 0 0 0 0 0 0 0 23 0 206 0 0 0 0 0 0 0 0 0 0 0 0 0 0 0 0 1 0 0 0 0 618 
171 0 736 30 0 0 10183 3711 0 2038 0 0 0 0 0 1370 0 1373 0 0 0 0 0 0 0 0 0 3 0 0 0 0 0 28 1333 0 21 6 24 0 0 0 0 0 0 0 0 0 4 0 0 0 0 0 0 0 0 0 0 0 9 0 0 0 0 0 0 0 0 0 0 0 0 0 0 0 0 0 0 0 0 0 18 
71 830 1649 21 7030 546 16264 7119 2169 536 0 0 0 0 0 6828 452 13326 9003 0 0 0 0 0 2758 0 870 490 2392 211 3 285 0 163 1633 21 0 2 0 7 0 0 0 0 0 0 0 0 105 0 0 0 0 0 0 0 0 0 5 0 17 0 0 0 0 0 0 0 0 0 0 0 0 0 0 0 0 0 0 0 0 0 3180 
0 0 14 0 0 0 1339 8 0 20 0 0 0 0 0 6 0 608 388 0 0 0 0 0 30 0 83 141 3 0 0 0 0 1 360 6 2 0 0 17 0 0 0 0 0 0 0 0 0 0 0 0 0 0 0 0 0 0 0 0 0 0 0 0 0 0 0 0 0 0 0 0 0 0 0 0 0 0 0 0 0 0 7759 
180 0 0 59 0 0 0 0 0 0 0 7 0 0 0 0 0 0 0 0 0 0 0 0 0 0 0 0 0 0 0 0 0 37 0 24 0 0 0 0 0 0 0 0 0 0 0 0 0 0 0 0 0 0 0 0 0 0 0 0 0 0 0 0 0 0 0 0 0 0 0 0 0 0 0 0 0 0 0 0 0 0 0 
0 0 0 0 0 0 0 0 0 0 0 0 0 0 14 0 0 1354 137 12 0 0 0 0 405 273 67 37 71 1 0 1 0 0 430 0 7 17 0 0 41 0 0 0 0 0 0 5 0 0 0 0 0 0 0 0 0 0 13 0 3607 0 0 9 0 0 0 0 228 0 0 0 125 0 7 0 0 236 75 0 0 0 0 
0 0 0 0 0 0 0 0 0 0 0 0 0 0 0 0 0 0 0 0 0 0 0 0 0 0 18 1 0 0 0 0 0 0 58 0 0 0 0 41 0 0 0 0 0 0 0 0 0 0 0 0 0 0 0 0 0 0 0 0 0 0 0 0 0 0 0 0 0 0 0 0 0 0 0 0 0 0 0 0 0 0 0 
71 0 670 1155 0 0 98 293 0 0 0 112 0 0 0 0 0 0 0 0 0 0 0 0 0 0 0 0 0 0 0 0 0 0 0 0 0 0 0 0 0 0 459 0 113 9 0 1269 0 0 0 0 320 306 0 0 0 0 18 0 2 5 0 0 0 0 0 0 0 0 0 0 0 0 179 0 143 2900 29 95 0 0 0 
0 0 0 0 0 0 0 0 0 0 0 0 0 0 0 0 0 0 0 0 0 0 0 0 0 0 0 0 0 0 0 0 0 0 0 0 0 0 0 0 0 459 0 0 0 162 0 58 0 0 0 0 0 0 0 0 0 0 0 0 0 0 0 0 0 0 0 0 0 0 0 0 0 0 120 0 4 1131 0 0 0 0 0 
0 0 6 0 0 0 46 11 0 0 0 2 0 0 0 0 0 0 0 0 0 0 0 0 0 0 0 0 0 0 0 0 0 0 0 0 0 0 0 0 0 0 0 0 292 0 0 0 0 0 0 0 334 50 0 0 0 0 0 0 0 0 0 0 0 0 0 0 0 0 0 0 0 0 0 0 0 0 0 0 0 0 0 
49 0 1 6 0 0 1 0 0 0 0 8 0 0 0 0 0 0 0 0 0 0 0 0 0 0 0 0 0 0 0 0 0 0 0 0 0 0 0 0 0 113 0 292 0 0 0 86 214 0 0 0 109 31 0 0 0 0 0 0 0 0 0 0 0 0 0 5 33 0 0 0 0 0 2 0 0 11 0 0 0 1 0 
0 0 0 0 0 0 0 0 0 0 0 0 0 0 0 0 0 0 0 0 0 0 0 0 0 0 0 0 0 0 0 0 0 0 0 0 0 0 0 0 0 9 162 0 0 0 804 784 26 43 8 0 0 0 0 0 1 0 0 0 0 0 0 0 0 0 0 0 0 0 0 0 0 0 2143 9 12 5738 3 0 0 0 0 
0 0 0 0 0 0 0 0 0 0 0 0 0 0 0 0 0 0 0 0 0 0 0 0 0 0 0 0 0 0 0 0 0 0 0 0 0 0 0 0 0 0 0 0 0 804 0 3256 1008 10095 946 0 0 0 0 0 1093 4 1972 246 0 0 0 0 0 0 0 0 0 16 36 132 0 0 72 0 0 3 0 0 0 0 0 
492 0 6182 1772 0 0 8775 8078 0 0 0 517 22 0 0 0 0 0 0 0 0 0 0 0 106 0 0 306 174 80 0 483 0 0 0 0 0 0 0 5 0 1269 58 0 86 784 3256 0 320 3416 1 0 893 567 0 0 0 0 1685 0 361 652 0 7 0 0 0 0 5 0 0 0 39 0 398 3027 15135 16093 976 58 0 0 534 
0 0 988 7 0 0 5931 38066 0 2750 0 89 245 3 0 0 0 0 0 0 0 0 0 0 0 0 0 0 0 0 0 0 0 0 142 4 105 0 0 0 0 0 0 0 214 26 1008 320 0 359 413 434 3654 3087 559 0 53 0 10 0 0 0 0 0 0 0 0 0 0 0 0 0 0 0 127 16039 9294 7616 1203 0 8 0 5777 
0 0 0 0 0 0 0 0 0 0 0 0 0 0 0 0 0 0 0 0 0 0 0 0 0 0 0 0 0 0 0 0 0 0 0 0 0 0 0 0 0 0 0 0 0 43 10095 3416 359 0 8116 0 0 0 0 0 553 2 181 0 0 0 0 0 0 0 0 0 0 0 0 0 0 0 258 794 0 1888 30 0 0 0 250 
0 0 0 0 0 0 0 0 0 0 0 0 0 0 0 0 0 0 0 0 0 0 0 0 0 0 0 0 0 0 0 0 0 0 0 0 0 0 0 0 0 0 0 0 0 8 946 1 413 8116 0 410 0 0 1 0 3700 3921 4730 1982 2 0 0 0 0 470 0 0 0 4314 2279 3126 0 0 935 24019 1134 6888 1797 0 433 0 12098 
0 0 0 0 0 0 0 30 0 1359 0 0 0 3 0 14 0 0 0 0 0 0 0 0 0 0 0 0 0 0 0 0 0 0 0 0 0 0 0 0 0 0 0 0 0 0 0 0 434 0 410 0 0 0 2697 0 137 0 305 0 465 0 0 0 0 0 0 0 0 0 0 0 0 0 0 96 0 0 0 0 0 0 0 
0 0 4 13 0 0 11 28 0 0 0 5 17 0 0 0 0 0 0 0 0 0 0 0 0 0 0 0 0 0 0 0 0 0 0 0 0 0 0 0 0 320 0 334 109 0 0 893 3654 0 0 0 0 109 0 0 0 0 0 0 0 0 0 0 0 0 0 0 0 0 0 0 0 0 8 0 15 166 2 0 0 0 0 
0 0 0 0 0 0 1 847 0 0 0 0 0 0 0 0 0 0 0 0 0 0 0 0 0 0 0 0 0 0 0 0 0 0 0 0 0 0 0 0 0 306 0 50 31 0 0 567 3087 0 0 0 109 0 737 42 0 0 0 0 39 0 0 0 0 0 0 0 0 0 0 0 0 0 0 0 0 0 0 0 0 0 0 
0 0 0 0 0 0 0 201 0 1207 1 0 0 9 0 56 0 327 0 0 0 0 0 0 0 0 0 0 0 0 0 0 0 0 0 0 0 0 0 0 0 0 0 0 0 0 0 0 559 0 1 2697 0 737 0 329 17 0 9 0 3868 0 0 0 0 0 0 0 0 0 0 0 0 0 0 22 0 0 0 0 0 0 0 
0 0 0 0 0 0 0 0 0 0 0 0 0 7 0 0 0 622 0 237 133 0 19 0 0 0 0 0 0 0 0 0 0 0 0 0 0 0 0 0 0 0 0 0 0 0 0 0 0 0 0 0 0 42 329 0 0 0 43 0 7356 1816 300 6 44 0 198 9 0 0 0 0 0 0 0 0 0 0 0 0 0 0 0 
0 0 0 0 0 0 0 0 0 0 0 0 0 0 0 1 0 0 0 0 0 0 0 0 0 0 0 0 0 0 0 0 0 0 0 0 0 0 0 0 0 0 0 0 0 1 1093 0 53 553 3700 137 0 0 17 0 0 4040 888 0 3 0 0 0 0 0 0 0 0 911 70 182 3 0 554 4204 628 15154 1816 0 211 0 2659 
0 0 0 0 0 0 0 0 0 0 0 0 0 0 0 0 0 0 0 0 0 0 0 0 0 0 0 0 0 0 0 0 0 0 0 0 0 0 0 0 0 0 0 0 0 0 4 0 0 2 3921 0 0 0 0 0 4040 0 902 558 0 0 0 0 0 0 0 0 0 4169 4902 6097 566 12 46 0 0 2 0 0 0 0 0 
0 0 0 0 0 0 0 0 0 0 0 0 0 0 1 9 0 209 0 4 180 212 22 6 108 6 0 378 329 108 0 1011 0 0 23 0 5 0 0 13 0 18 0 0 0 0 1972 1685 10 181 4730 305 0 0 9 43 888 902 0 8194 1708 3287 636 752 0 360 0 0 8 735 3355 54 9717 1261 4114 12204 593 18838 3628 0 368 69 2011 
0 0 0 0 0 0 0 0 0 0 0 0 0 0 0 0 0 0 0 0 0 0 0 0 0 0 0 0 0 0 0 0 0 0 0 0 0 0 0 0 0 0 0 0 0 0 246 0 0 0 1982 0 0 0 0 0 0 558 8194 0 0 0 0 5668 0 1736 0 0 0 759 5115 2100 2392 147 312 0 0 3753 0 0 0 0 0 
0 0 0 0 0 0 0 0 0 0 0 0 0 285 14 3463 0 25901 0 2686 341 1 3472 0 153 0 0 2109 55 54 0 5737 0 0 206 9 17 0 0 3607 0 2 0 0 0 0 0 361 0 0 2 465 0 39 3868 7356 3 0 1708 0 0 2384 20 75 0 0 495 0 44 0 0 0 76 0 78 2497 364 3221 1513 0 55 167 7 
0 0 0 0 0 0 0 0 0 0 0 0 0 0 0 0 0 2066 0 76 175 232 5638 4 75 0 0 703 520 237 0 5398 0 2 0 0 0 0 0 0 0 5 0 0 0 0 0 652 0 0 0 0 0 0 0 1816 0 0 3287 0 2384 0 2013 19 502 9 558 0 0 0 0 0 4 0 14 0 0 387 0 0 612 0 0 
0 0 0 0 0 0 0 0 0 0 0 0 0 0 0 0 0 0 0 0 89 4 0 14 0 0 0 0 0 0 0 0 0 0 0 0 0 0 0 0 0 0 0 0 0 0 0 0 0 0 0 0 0 0 0 300 0 0 636 0 20 2013 0 38 2405 1154 761 0 571 357 7 0 4 0 0 0 0 0 0 0 160 0 0 
0 0 0 0 0 0 0 0 0 0 0 0 0 0 1 0 0 17 0 0 128 81 4 0 90 34 0 177 250 60 0 374 0 0 0 0 0 0 0 9 0 0 0 0 0 0 0 7 0 0 0 0 0 0 0 6 0 0 752 5668 75 19 38 0 388 6458 38 0 2 15307 1589 0 2921 0 948 0 0 0 0 0 42 0 0 
0 0 0 0 0 0 0 0 0 0 0 0 0 0 0 0 0 0 0 0 2 0 0 66 0 0 0 0 0 0 0 0 0 0 0 0 0 0 0 0 0 0 0 0 0 0 0 0 0 0 0 0 0 0 0 44 0 0 0 0 0 502 2405 388 0 2669 159 0 271 3846 3 0 3 0 0 0 0 0 0 0 111 0 0 
0 0 0 0 0 0 0 0 0 0 0 0 0 0 0 0 0 0 0 0 0 0 0 5 0 0 0 0 0 0 0 0 0 0 0 0 0 0 0 0 0 0 0 0 0 0 0 0 0 0 470 0 0 0 0 0 0 0 360 1736 0 9 1154 6458 2669 0 121 1 381 1483 854 0 145 17 161 0 0 228 0 0 57 0 0 
0 0 0 0 0 0 0 0 0 0 0 0 0 0 0 0 0 0 0 0 60 0 0 0 0 0 0 0 0 0 0 0 0 0 0 0 0 0 0 0 0 0 0 0 0 0 0 0 0 0 0 0 0 0 0 198 0 0 0 0 495 558 761 38 159 121 0 26 57 0 0 0 0 0 0 0 0 0 0 0 356 0 0 
0 0 0 0 0 0 0 0 0 0 0 0 0 0 0 0 0 0 0 0 0 0 0 0 0 0 0 0 0 0 0 0 0 0 0 0 0 0 0 0 0 0 0 0 5 0 0 0 0 0 0 0 0 0 0 9 0 0 0 0 0 0 0 0 0 1 26 0 12 0 0 0 0 0 12 5 0 50 53 0 326 0 0 
0 0 0 0 0 0 0 0 0 0 0 0 0 0 0 0 0 0 0 0 0 0 0 0 1 0 0 23 0 0 0 4 0 0 0 0 0 0 0 228 0 0 0 0 33 0 0 5 0 0 0 0 0 0 0 0 0 0 8 0 44 0 571 2 271 381 57 12 0 0 0 0 0 0 696 1726 0 1953 273 0 320 4 0 
0 0 0 0 0 0 0 0 0 0 0 0 0 0 0 0 0 0 0 0 0 0 0 0 0 0 0 0 0 0 0 0 0 0 0 0 0 0 0 0 0 0 0 0 0 0 16 0 0 0 4314 0 0 0 0 0 911 4169 735 759 0 0 357 15307 3846 1483 0 0 0 0 474 2 23 132 870 0 0 715 0 0 0 0 0 
0 0 0 0 0 0 0 0 0 0 0 0 0 0 0 0 0 0 0 0 0 0 0 0 0 0 0 0 0 0 0 0 0 0 0 0 0 0 0 0 0 0 0 0 0 0 36 0 0 0 2279 0 0 0 0 0 70 4902 3355 5115 0 0 7 1589 3 854 0 0 0 474 0 189 1266 37 286 0 0 107 0 0 0 0 0 
0 0 0 0 0 0 0 0 0 0 0 0 0 0 0 0 0 0 0 0 0 0 0 0 0 0 0 0 0 0 0 0 0 0 0 0 0 0 0 0 0 0 0 0 0 0 132 0 0 0 3126 0 0 0 0 0 182 6097 54 2100 0 0 0 0 0 0 0 0 0 2 189 0 1515 3 192 0 0 90 0 0 0 0 0 
0 0 0 0 0 0 0 0 0 0 0 0 0 0 0 0 0 0 0 0 0 0 0 0 1 0 0 95 3 1 0 5 0 0 0 0 0 0 0 125 0 0 0 0 0 0 0 39 0 0 0 0 0 0 0 0 3 566 9717 2392 76 4 4 2921 3 145 0 0 0 23 1266 1515 0 275 461 19 0 2 0 0 26 0 0 
0 0 0 0 0 0 0 0 0 0 0 0 0 0 0 0 0 0 0 0 0 0 0 0 0 0 0 0 0 0 0 0 0 0 0 0 0 0 0 0 0 0 0 0 0 0 0 0 0 0 0 0 0 0 0 0 0 12 1261 147 0 0 0 0 0 17 0 0 0 132 37 3 275 0 35 0 0 0 0 0 0 0 0 
0 0 5 5 0 0 0 2 0 0 0 6 0 0 0 0 0 0 0 0 0 0 0 0 27 0 0 62 43 9 0 102 0 0 0 0 0 0 0 7 0 179 120 0 2 2143 72 398 127 258 935 0 8 0 0 0 554 46 4114 312 78 14 0 948 0 161 0 12 696 870 286 192 461 35 0 0 0 194 0 0 0 0 0 
0 0 0 0 0 0 0 0 0 0 0 0 0 0 0 0 0 0 0 0 0 0 0 0 0 0 0 2 0 0 0 0 0 0 0 0 0 0 0 0 0 0 0 0 0 9 0 3027 16039 794 24019 96 0 0 22 0 4204 0 12204 0 2497 0 0 0 0 0 0 5 1726 0 0 0 19 0 0 0 212 1263 198 0 767 522 2935 
0 0 1 12 0 0 0 3 0 0 0 15 0 0 0 0 0 0 0 0 0 0 0 0 0 0 0 0 0 0 0 0 0 0 0 0 0 0 0 0 0 143 4 0 0 12 0 15135 9294 0 1134 0 15 0 0 0 628 0 593 0 364 0 0 0 0 0 0 0 0 0 0 0 0 0 0 212 0 46 9 26 8 0 505 
33 0 170 490 0 0 9 34 0 0 0 287 0 0 0 0 0 73 0 0 0 0 0 0 4 0 0 750 20 55 0 1434 0 0 1 0 0 0 0 236 0 2900 1131 0 11 5738 3 16093 7616 1888 6888 0 166 0 0 0 15154 2 18838 3753 3221 387 0 0 0 228 0 50 1953 715 107 90 2 0 194 1263 46 0 8 46 0 0 28 
15 0 0 0 0 0 0 0 0 0 0 0 0 0 0 0 0 152 0 0 0 0 0 0 1 0 0 273 9 2 0 125 0 0 0 0 0 0 0 75 0 29 0 0 0 3 0 976 1203 30 1797 0 2 0 0 0 1816 0 3628 0 1513 0 0 0 0 0 0 53 273 0 0 0 0 0 0 198 9 8 0 0 0 0 1194 
7 0 0 0 0 0 0 0 0 0 0 1 0 0 0 0 0 0 0 0 0 0 0 0 0 0 0 0 0 0 0 0 0 0 0 0 0 0 0 0 0 95 0 0 0 0 0 58 0 0 0 0 0 0 0 0 0 0 0 0 0 0 0 0 0 0 0 0 0 0 0 0 0 0 0 0 26 46 0 0 0 0 0 
0 0 0 0 0 0 0 0 0 0 0 0 0 0 0 0 0 0 0 0 146 0 0 0 0 0 0 0 0 0 0 0 0 0 0 0 0 0 0 0 0 0 0 0 0 0 0 0 8 0 433 0 0 0 0 0 211 0 368 0 55 612 160 42 111 57 356 326 320 0 0 0 26 0 0 767 8 0 0 0 0 0 45 
0 0 0 0 0 0 0 0 0 0 0 0 0 0 0 0 0 0 0 0 0 0 0 0 0 0 0 0 0 0 0 0 0 0 0 0 0 0 0 0 0 0 0 0 1 0 0 0 0 0 0 0 0 0 0 0 0 0 69 0 167 0 0 0 0 0 0 0 4 0 0 0 0 0 0 522 0 0 0 0 0 0 45 
0 0 0 48 0 0 1586 1236 1 4677 0 0 0 0 0 5356 0 3788 10 0 0 0 0 0 0 0 0 0 0 0 0 0 0 0 618 18 3180 7759 0 0 0 0 0 0 0 0 0 534 5777 250 12098 0 0 0 0 0 2659 0 2011 0 7 0 0 0 0 0 0 0 0 0 0 0 0 0 0 2935 505 28 1194 0 45 45 0 
