1.0
0.41666667
0.5
0.1
0.53333333
0.13333333
0.16666667
0.27777778
0.4
0.66666667
0.66666667
0.33333333
0.33333333
0.42857143
0.33918129
0.25
0.33333333
0.64285714
0.44444444
0.4
0.65151515
0.5
0.7
0.39285714
0.32142857
0.61111111
0.41758242
0.64444444
0.0
0.46428571
0.6
0.39285714
0.66666667
0.53571429
0.0
0.55555556
0.61904762
0.37777778
0.53333333
0.33333333
0.35714286
0.23809524
0.66666667
0.61904762
0.3
0.6
0.57777778
0.33333333
0.66666667
0.43956044
0.6
1.0
0.83333333
0.39393939
0.52727273
0.66666667
0.61904762
0.4
0.35714286
0.375
0.40659341
0.57142857
0.0
0.73333333
0.46666667
1.0
0.39047619
0.5
0.47619048
0.16666667
0.59340659
0.33333333
0.55555556
0.40522876
0.16666667
0.33333333
