1.0
0.33333333
0.0
0.83333333
0.38888889
0.30555556
0.375
0.0
0.7
0.25454545
0.33333333
0.45263158
0.46666667
0.39047619
0.47794118
0.2
0.16666667
0.53333333
0.0
0.2
0.66666667
0.32142857
1.0
0.0
0.36363636
0.30666667
0.0
0.0
0.46969697
0.36666667
0.57142857
0.38461538
0.0
0.38095238
0.4
0.47619048
1.0
0.47619048
0.43809524
0.66666667
0.0
1.0
0.4
1.0
0.46666667
0.35714286
0.68888889
0.5
0.52380952
0.4
0.6
0.53333333
0.35164835
0.83333333
0.40952381
1.0
0.8
0.7
0.42222222
0.83333333
0.65454545
0.47222222
0.0
0.48484848
0.2
0.0
0.33333333
0.54545455
0.17857143
0.38596491
0.6043956
0.71428571
0.66666667
0.43304843
0.0
0.33333333
