2.15
2.01234568
2.19512195
1.90123457
2.12345679
2.65822785
2.12345679
1.7804878
2.02469136
1.92592593
1.9382716
1.8902439
2.08536585
2.2804878
1.96341463
2.62025316
2.08536585
2.14634146
1.84146341
2.13414634
1.87804878
2.7625
2.3625
1.95061728
2.45679012
1.9382716
1.86585366
1.82716049
2.31707317
1.84146341
2.20731707
2.0
1.95121951
2.29268293
2.43589744
1.9382716
2.4625
2.06097561
1.85185185
2.25316456
2.25
2.02439024
2.7875
1.96296296
1.91358025
2.19512195
2.20731707
1.87804878
2.42682927
2.42682927
2.12195122
1.92592593
1.80246914
2.19753086
1.84146341
2.37037037
2.17283951
2.02469136
2.225
2.0
1.91463415
2.07407407
2.09876543
2.17073171
2.01219512
2.275
1.90123457
2.03703704
2.43037975
2.01234568
2.06097561
2.14634146
1.88888889
1.82716049
2.09756098
1.9382716
