0.47619048
1.0
0.0
0.2
0.5
0.33333333
0.0
0.83333333
0.2
0.39285714
0.0
0.0
0.83333333
0.5
0.38181818
0.26666667
0.0
0.53333333
0.3
0.33333333
0.42857143
0.52380952
0.0
0.52380952
0.33333333
0.66666667
0.53571429
0.30769231
0.47619048
0.33333333
0.61904762
0.0
0.30882353
0.5
0.33333333
0.53333333
0.5
0.3
0.39393939
0.47619048
0.23809524
0.55128205
0.33333333
0.66666667
0.28571429
1.0
0.61904762
0.41666667
0.0
0.66666667
0.33333333
0.5
0.33333333
0.33333333
0.3
0.0
0.63888889
0.2
0.33333333
0.13333333
0.48888889
0.26666667
0.66666667
0.47252747
0.0
0.0
0.53571429
0.5
1.0
0.33333333
0.8
0.66666667
0.4
0.47619048
0.3
0.23809524
