0.4
0.38888889
0.35714286
0.33333333
0.24761905
0.53333333
0.42307692
0.17619048
0.36111111
0.27272727
0.29004329
0.33333333
0.17777778
0.27619048
0.41106719
0.4
0.15204678
0.42307692
0.47272727
0.32967033
0.4379085
0.13333333
0.66666667
0.6
0.17857143
0.22727273
0.48888889
0.36029412
0.30909091
0.30769231
0.39705882
0.13333333
0.26373626
0.2687747
0.46666667
0.42424242
0.39285714
0.2
0.23809524
0.21666667
0.15555556
0.31868132
0.0
0.36666667
0.53571429
0.23976608
0.17857143
0.35238095
0.28104575
0.42424242
0.25730994
0.51111111
0.35947712
0.26666667
0.31578947
0.66666667
0.42647059
0.36111111
0.32967033
0.30769231
0.65238095
0.57777778
0.35555556
0.43939394
0.14545455
0.13636364
0.35714286
0.29487179
0.14285714
0.34166667
0.45833333
0.35947712
0.57142857
0.44210526
0.18181818
0.5
