0.23885918
0.29802956
0.24876847
0.33333333
0.0
0.39393939
0.31111111
0.33333333
0.36363636
0.20652174
0.30994152
0.37777778
0.32727273
0.36263736
0.33333333
0.35714286
0.4
0.41830065
0.33333333
0.28835979
0.28520499
0.44444444
0.43103448
0.23320158
0.31868132
0.33333333
0.28666667
0.23351159
0.46428571
0.29425287
0.30952381
0.25
0.3083004
0.35714286
0.3974359
0.32163743
0.28654971
0.16959064
0.50909091
0.33333333
0.16666667
0.33088235
0.16666667
0.24183007
0.4017094
0.53333333
0.83333333
0.22413793
0.38095238
0.45054945
0.28623188
0.36666667
0.27635328
0.43589744
0.50877193
0.30769231
0.26482213
0.36363636
0.35714286
0.21904762
0.28316327
0.39384615
0.21904762
0.46153846
0.16959064
0.3
0.30769231
0.35238095
0.21052632
0.32333333
0.53846154
0.35555556
0.38359788
0.43722944
0.25
0.23448276
