0.8
0.35238095
0.43333333
0.34166667
0.9
0.19047619
0.51282051
0.51648352
0.39393939
0.33333333
0.2
0.49637681
0.47222222
0.29090909
0.53846154
0.66666667
0.33333333
0.43589744
0.3715415
0.35238095
0.44871795
0.5
0.53333333
0.66666667
0.5
0.71111111
0.40441176
0.41818182
0.5
0.41904762
0.5047619
0.4
0.38461538
0.42857143
0.36111111
0.33333333
0.43636364
0.4
0.46428571
0.86666667
0.0
0.53333333
0.3
0.22222222
0.57142857
0.11111111
0.38888889
0.48333333
0.66666667
0.33333333
1.0
0.39285714
0.32631579
1.0
0.3982684
1.0
0.49090909
0.39393939
0.2
0.5
0.43382353
0.48538012
0.37878788
0.29090909
0.27472527
0.2
0.3
0.52287582
0.66666667
0.38095238
0.50909091
0.16666667
0.47368421
0.53333333
0.43333333
0.43939394
