0.0
2.18518519
2.86585366
2.39506173
0.0
2.72151899
2.74074074
2.15853659
2.28395062
2.65432099
2.88888889
2.42682927
2.95121951
2.64634146
2.25609756
2.69620253
2.32926829
2.07317073
2.36585366
2.45121951
2.70731707
0.0
0.0
2.38271605
2.40740741
2.72839506
2.43902439
0.0
2.46341463
2.31707317
2.2195122
2.50617284
2.91463415
2.46341463
2.80769231
2.12345679
2.825
2.31707317
1.83950617
0.0
2.775
2.82926829
0.0
2.49382716
0.0
2.54878049
2.48780488
2.86585366
2.85365854
3.03658537
2.51219512
0.0
2.28395062
2.81481481
2.35365854
3.01234568
2.28395062
2.28395062
2.7625
0.0
2.54878049
2.35802469
2.58024691
2.24390244
2.3902439
2.8125
2.48148148
2.49382716
2.25316456
3.03703704
2.13414634
2.46341463
2.33333333
2.4691358
2.80487805
3.37037037
