0.53333333
0.33333333
0.31818182
0.0
0.46969697
0.39285714
0.3
0.5
0.8
0.47619048
0.33333333
0.83333333
0.38181818
0.38095238
0.64444444
0.66666667
0.5
0.51111111
0.61904762
0.4
0.66666667
0.33333333
0.46153846
0.0
0.73333333
0.42857143
0.61904762
0.66666667
0.33333333
0.6
0.83333333
0.5
0.33333333
0.39285714
0.46428571
0.60714286
0.66666667
0.66666667
0.53333333
0.47619048
0.33333333
0.2
0.28571429
0.86666667
0.0
0.39285714
0.52380952
0.7
0.46666667
0.7
0.26666667
0.53571429
0.41666667
0.33333333
0.57142857
0.33333333
0.30769231
0.8
0.0
0.6
0.57575758
0.56363636
0.8
1.0
1.0
0.0
0.33333333
0.71428571
0.53333333
0.28676471
0.6
0.6
0.64285714
0.22222222
0.44444444
0.21428571
