1.9375
3.58024691
2.18292683
2.01234568
3.2345679
2.29113924
2.4691358
2.14634146
2.16049383
2.2962963
2.17283951
2.5
2.53658537
2.23170732
2.20731707
2.55696203
2.34146341
2.36585366
2.54878049
2.35365854
2.5
2.2
2.0125
3.44444444
2.59259259
2.67901235
1.98780488
2.09876543
2.24390244
2.36585366
1.95121951
2.50617284
2.56097561
2.53658537
2.29487179
2.28395062
2.3875
2.51219512
2.27160494
2.59493671
2.5375
2.29268293
2.75
2.11111111
2.08641975
2.43902439
2.98780488
2.29268293
2.76829268
2.46341463
2.1097561
2.41975309
2.2962963
2.28395062
2.35365854
3.01234568
3.0617284
2.16049383
3.425
2.0617284
2.13414634
2.60493827
2.74074074
2.63414634
2.26829268
3.3
2.48148148
2.58024691
2.51898734
3.13580247
2.24390244
2.3902439
1.9382716
2.7037037
2.7195122
2.74074074
