3.0375
2.18518519
2.64634146
2.59259259
2.28395062
2.24050633
1.87654321
3.13414634
2.37037037
2.16049383
1.86419753
1.93902439
2.45121951
1.98780488
1.96341463
2.44303797
2.51219512
2.26829268
4.20731707
2.37804878
2.3902439
2.1875
2.6625
3.51851852
2.18518519
1.82716049
2.85365854
2.43209877
1.97560976
1.79268293
2.37804878
2.03703704
2.54878049
2.3902439
2.53846154
2.40740741
3.0625
2.23170732
1.9382716
2.65822785
2.6625
2.6097561
2.5625
2.97530864
2.0
2.48780488
2.25609756
2.42682927
2.34146341
2.3902439
2.57317073
2.35802469
2.08641975
2.38271605
2.03658537
3.44444444
2.37037037
2.37037037
2.2625
2.4691358
2.1097561
2.18518519
3.18518519
2.18292683
2.34146341
2.7375
2.48148148
2.04938272
2.2278481
1.92592593
1.98780488
2.2804878
2.69135802
1.72839506
2.75609756
2.7037037
