1.8375
1.66666667
2.45121951
2.71604938
2.07407407
1.79746835
2.12345679
2.32926829
1.87654321
2.07407407
1.74074074
1.90243902
2.08536585
1.75609756
1.68292683
2.03797468
2.04878049
1.82926829
2.40243902
1.81707317
2.13414634
2.075
1.875
2.01234568
1.82716049
2.08641975
2.04878049
1.81481481
1.80487805
2.07317073
1.86585366
2.2345679
1.87804878
2.03658537
1.80769231
2.25925926
2.4125
1.85365854
1.9382716
1.86075949
2.175
1.84146341
2.275
2.16049383
1.71604938
1.86585366
1.87804878
1.96341463
2.15853659
2.3902439
2.42682927
1.83950617
1.9382716
1.86419753
1.76829268
2.66666667
1.97530864
1.87654321
2.45
1.88888889
1.5
1.74074074
2.37037037
2.34146341
1.98780488
3.0
1.80246914
1.71604938
2.25316456
1.77777778
1.69512195
2.40243902
2.14814815
1.74074074
2.26829268
2.12345679
