0.33333333
0.47252747
0.8
0.2875817
0.44444444
0.53333333
0.34848485
0.35714286
0.33333333
0.25
0.35294118
0.46428571
0.27777778
0.4
0.61904762
0.35555556
0.38095238
1.0
0.2
0.28571429
0.58333333
0.28306878
0.83333333
0.47252747
0.25
0.42857143
0.43956044
0.53333333
0.26666667
1.0
0.39393939
0.10714286
0.46666667
0.42857143
0.48484848
0.36842105
0.5
0.4
0.5
0.25
0.36363636
0.55555556
0.42857143
0.4
0.48571429
0.25
0.34782609
0.6
0.18947368
0.30769231
0.33333333
0.43636364
0.4
0.36363636
0.4379085
0.27777778
0.54545455
0.33333333
0.24166667
0.36363636
0.4
0.4
0.35714286
0.37426901
0.13333333
0.23076923
0.6
0.0
0.0
0.33333333
0.66666667
0.37908497
0.39855072
0.48923077
0.0
0.16911765
