2.2875
1.83950617
1.84146341
1.91358025
1.92592593
2.40506329
1.92592593
1.67073171
1.85185185
1.95061728
1.92592593
1.84146341
2.2804878
2.1097561
1.73170732
1.83544304
2.03658537
2.06097561
1.62195122
1.90243902
1.75609756
1.8875
2.0125
1.95061728
2.04938272
2.01234568
1.93902439
2.0
1.79268293
1.65853659
2.0
1.82716049
2.0
2.07317073
1.98717949
1.86419753
1.7625
1.96341463
1.77777778
2.12658228
2.0875
1.85365854
2.1125
1.66666667
1.83950617
2.17073171
1.75609756
1.86585366
2.17073171
1.93902439
2.06097561
2.22222222
1.71604938
2.54320988
2.09756098
2.03703704
1.79012346
1.85185185
2.0375
2.11111111
1.75609756
1.9382716
1.7654321
1.75609756
2.37804878
2.0375
2.0
2.07407407
1.87341772
2.08641975
1.80487805
1.7195122
2.18518519
2.03703704
1.84146341
1.85185185
