2.1
1.9382716
1.98780488
2.75308642
1.95061728
2.11392405
2.32098765
1.97560976
2.2962963
2.30864198
2.08641975
2.09756098
1.79268293
1.92682927
2.23170732
2.48101266
2.48780488
2.04878049
2.08536585
2.0
1.96341463
2.2
1.95
1.92592593
1.92592593
2.13580247
2.0
1.92592593
2.24390244
1.69512195
1.80487805
2.19753086
2.03658537
2.02439024
2.32051282
1.77777778
2.025
2.24390244
1.90123457
2.49367089
2.2625
2.19512195
2.2
2.09876543
2.08641975
2.5
2.19512195
1.8902439
2.2195122
2.65853659
2.6097561
2.5308642
2.4691358
1.90123457
2.17073171
1.91358025
1.81481481
2.2962963
2.3125
1.83950617
1.91463415
2.30864198
1.7654321
2.19512195
2.23170732
2.4125
2.03703704
1.85185185
1.92405063
2.13580247
2.34146341
2.14634146
1.7037037
1.7037037
2.04878049
2.0617284
