0.33992095
0.36363636
0.2
0.18181818
0.38461538
0.0
0.32806324
0.31868132
0.27705628
0.25
0.33333333
0.44664032
0.33333333
0.2459893
0.46153846
0.23809524
0.28666667
0.375
0.41176471
0.43684211
0.52564103
0.10714286
0.30434783
0.21978022
0.33333333
0.36263736
0.40522876
0.57142857
0.19883041
0.19444444
0.32608696
0.34848485
0.41818182
0.46428571
0.275
0.45588235
0.23529412
0.24175824
0.3956044
0.26666667
0.33333333
0.33333333
0.38095238
0.0
0.50362319
0.4
0.53333333
0.42307692
0.2
0.27777778
0.19047619
0.33333333
0.35294118
0.23636364
0.41798942
0.37878788
0.06666667
0.27705628
0.4
0.31578947
0.4021164
0.43636364
0.28571429
0.8
0.27777778
0.39285714
0.33333333
0.4
0.0
0.41666667
0.25757576
0.4025974
0.60294118
0.40333333
0.0
0.33333333
