2.4625
1.80246914
2.09756098
2.55555556
1.80246914
1.94936709
2.0617284
1.80487805
1.98765432
2.12345679
2.25925926
2.14634146
2.1097561
2.12195122
2.35365854
3.6835443
1.81707317
2.37804878
2.24390244
2.14634146
1.97560976
1.95
2.125
1.87654321
2.08641975
1.98765432
2.19512195
2.40740741
2.48780488
2.17073171
1.82926829
2.09876543
2.67073171
1.7195122
2.02564103
2.13580247
2.3875
2.29268293
1.75308642
1.91139241
2.1
2.13414634
2.65
2.72839506
1.7654321
2.52439024
2.29268293
2.17073171
2.0
2.24390244
2.07317073
2.38271605
2.24691358
2.0617284
2.02439024
2.02469136
1.82716049
1.98765432
1.7875
2.18518519
2.17073171
2.45679012
2.4691358
1.96341463
2.5
1.825
2.04938272
2.9382716
2.50632911
2.34567901
2.25609756
1.58536585
2.0
2.01234568
2.6097561
2.34567901
