0.34199134
0.46666667
0.33333333
0.25
0.4
0.13333333
0.0
0.4
0.33333333
1.0
0.39393939
0.6
0.33333333
0.35714286
0.34210526
0.0
0.3
0.61904762
0.3
0.3
0.51515152
0.46405229
0.83333333
0.27619048
0.5
0.33333333
0.22222222
0.48484848
0.33333333
0.21212121
0.28571429
0.5
0.38888889
0.5
0.2
0.34210526
0.33333333
0.27272727
0.0
0.34545455
0.0
0.66666667
0.52380952
0.30555556
0.0
0.25
0.33333333
0.7
0.5
0.33333333
0.33333333
0.5
0.38181818
0.30769231
0.33333333
0.28571429
0.33333333
0.33333333
0.4
1.0
0.3
0.51666667
0.32727273
0.24358974
0.0
0.0
0.41578947
0.49166667
0.57142857
0.0
0.6
0.42857143
0.25
0.46666667
0.47435897
0.42857143
