0.66666667
0.26373626
0.33333333
0.16666667
0.24175824
0.4
0.25274725
0.21794872
0.41666667
0.38888889
0.31578947
0.17857143
0.83333333
0.28571429
0.30065359
0.12380952
0.21693122
0.46666667
0.5
0.47619048
0.4
0.27667984
0.2
0.34848485
0.4
0.25714286
0.66666667
0.33333333
0.35087719
0.5
0.5
0.18181818
0.33333333
0.37908497
0.66666667
0.3
0.26666667
0.39285714
0.26839827
0.25
0.32727273
0.24561404
0.29487179
0.42857143
0.5
0.23809524
0.27941176
0.33333333
0.21846154
0.4
0.13888889
0.28571429
0.46153846
0.30555556
0.35833333
0.13888889
0.33333333
0.41666667
0.27777778
0.39285714
0.46666667
0.3
0.17857143
0.40526316
0.26666667
0.14285714
0.26923077
0.33333333
0.6
0.26923077
0.36029412
0.33333333
0.30909091
0.32967033
0.0
0.28571429
