2.3875
2.19753086
3.18292683
2.69135802
2.25925926
2.32911392
2.24691358
2.3902439
2.08641975
2.4691358
2.2962963
2.24390244
2.69512195
2.74390244
2.08536585
2.05063291
2.07317073
2.51219512
2.15853659
2.64634146
2.32926829
2.6375
2.2875
2.7037037
2.5308642
2.5308642
2.32926829
2.41975309
2.02439024
2.59756098
2.29268293
2.64197531
3.09756098
2.41463415
2.30769231
2.59259259
2.5625
2.81707317
2.7037037
2.27848101
2.5875
2.18292683
2.075
2.17283951
2.19753086
2.48780488
2.18292683
2.29268293
2.29268293
2.3902439
2.52439024
2.0
2.04938272
2.30864198
2.0
2.67901235
2.30864198
2.08641975
2.8875
2.41975309
2.14634146
2.27160494
2.86419753
2.3902439
2.87804878
3.125
2.37037037
2.41975309
2.83544304
2.30864198
2.29268293
2.45121951
2.0617284
2.22222222
2.2804878
2.66666667
