0.48571429
0.38769231
0.32380952
0.53333333
0.43636364
0.19047619
0.25454545
0.40909091
0.33333333
0.21818182
0.34558824
0.53030303
0.29166667
0.36758893
0.17857143
0.18181818
0.2
0.4
0.44444444
0.36111111
0.29090909
0.39215686
0.44166667
0.44444444
0.46666667
0.28205128
0.2
0.29487179
0.43589744
0.28104575
0.39705882
0.27205882
0.33823529
0.55555556
0.25
0.24501425
0.23361823
0.18181818
0.36315789
0.42857143
0.33333333
0.35897436
0.57142857
0.3
0.33333333
0.66666667
0.32142857
0.44444444
0.26666667
0.34545455
0.31818182
0.51282051
0.4
0.45021645
0.21794872
0.28205128
0.42424242
0.33333333
0.6
0.53333333
0.32051282
0.30541872
0.2
0.30909091
0.33333333
0.30555556
0.39285714
0.29538462
0.49450549
0.26236559
0.22222222
0.60714286
0.41609195
0.28421053
0.38095238
0.28063241
