0.49264706
0.40526316
0.43137255
0.61904762
0.7
0.36111111
0.41818182
0.78571429
0.33333333
0.36363636
0.43636364
0.45289855
1.0
0.66666667
0.61111111
0.35714286
0.6
0.40909091
0.61111111
0.52380952
0.48888889
1.0
0.56315789
1.0
0.5
0.37179487
0.45454545
0.41818182
0.66666667
0.53333333
0.50197628
0.5
0.46153846
0.7
0.41818182
0.46666667
0.6
0.27777778
0.46666667
0.53571429
0.5
0.0
0.7
0.26797386
0.35238095
0.6
0.66666667
0.46323529
1.0
0.38888889
0.33333333
0.46428571
0.65454545
0.3
0.66666667
0.33333333
0.4
0.33333333
0.5
0.49090909
0.73333333
0.56060606
0.30555556
0.43956044
0.36263736
0.5
0.61904762
0.45
0.43939394
0.5
0.8
0.46666667
0.54285714
0.41578947
0.33333333
0.51515152
