0.26666667
0.66666667
0.16666667
0.0
0.3974359
0.29090909
0.27536232
0.47272727
0.64444444
0.29473684
0.34057971
0.63636364
0.3
0.39393939
0.3827957
0.1
0.66666667
0.375
0.7
0.37777778
0.4
0.46969697
0.33333333
0.3
0.5
0.36111111
0.33497537
0.41758242
0.32727273
0.73333333
0.41304348
0.45454545
0.0
0.475
0.3
0.51111111
0.46666667
0.33333333
0.4
0.49090909
0.32142857
0.6
0.0
0.33333333
0.40711462
0.42222222
0.62820513
0.49090909
0.0
0.37142857
0.46153846
0.46666667
0.5
0.66666667
0.35172414
0.0
0.57575758
0.64444444
0.38095238
0.41025641
0.31904762
0.41025641
0.3
0.51111111
0.16666667
0.0
0.48888889
0.52205882
0.36263736
0.46428571
0.4952381
0.57777778
0.38095238
0.36666667
0.33333333
0.2
