3.1
1.82716049
2.20731707
2.2962963
2.88888889
2.43037975
1.86419753
1.7804878
2.16049383
2.49382716
1.90123457
2.20731707
1.98780488
1.90243902
1.96341463
2.74683544
2.24390244
2.13414634
1.97560976
1.96341463
1.87804878
2.275
1.775
1.69135802
2.48148148
2.14814815
2.2804878
1.91358025
1.98780488
1.69512195
2.07317073
1.91358025
2.57317073
3.01219512
2.41025641
1.74074074
2.2625
2.15853659
1.90123457
2.07594937
3.5875
1.97560976
2.7625
2.45679012
1.71604938
2.41463415
2.45121951
2.20731707
2.09756098
2.15853659
1.76829268
1.85185185
1.74074074
1.88888889
2.20731707
2.5308642
1.86419753
2.16049383
2.2875
2.7037037
1.8902439
1.86419753
2.02469136
1.76829268
2.43902439
2.475
1.87654321
2.04938272
1.93670886
1.96296296
2.2195122
2.54878049
1.81481481
1.80246914
2.25609756
2.11111111
