2.144578313253011
2.1175070649397587
2.4111078457831328
2.3575784622891556
2.373047746987953
2.222967820240964
2.2049680201204827
2.157801938915663
2.196043433012048
2.221329763975904
2.1371411574698786
2.198648251566264
2.3076697037349394
2.2292095209638547
1.9861886569879514
2.3336891872289156
2.2588892151807216
2.118424918795181
2.2386129885542165
2.2242139289156624
2.106670584698794
2.226204819277108
2.147289156626506
2.1850364414457832
2.3471664434939754
2.1877138177108435
2.1592712310843374
2.0803212851807227
2.234792830000001
2.086688216385542
2.11548633566265
2.2106202583132535
2.2653540993975905
2.2976785190361464
2.174235403373494
2.105905102530121
2.2376506024096385
2.227446370481928
2.1311914325301213
2.236388592289157
2.4484939759036144
2.266529532409639
2.5216867469879523
2.276364717831325
2.143983340963856
2.354687040963855
2.312959153614458
2.1722009992771083
2.3126652954216875
2.255069056626506
2.260946223855422
2.2275769745783136
2.038375724578313
2.241261342409639
2.0464296213253013
2.6404878778313265
2.1594526256626496
2.196043433012048
2.330421686746988
2.1778967720481934
1.9817807812048192
2.037483266144578
2.3923843521686736
2.127828386144579
2.3852483099999997
2.5945783132530122
2.141603451084338
2.11006990939759
2.1320725945783128
2.258515544216868
2.0928592414457836
2.16779312373494
1.9747136693975902
1.9678714856626502
2.332353805421687
2.30135356253012
