0.33201581
0.35978836
0.33333333
0.25
0.26315789
0.24242424
0.25
0.34065934
0.25846154
0.3
0.24384236
0.33538462
0.22857143
0.21014493
0.25897436
0.14285714
0.24137931
0.31216931
0.39166667
0.37368421
0.33201581
0.20952381
0.43103448
0.35
0.26769231
0.34502924
0.29239766
0.35327635
0.21376812
0.39076923
0.36956522
0.25735294
0.33684211
0.27272727
0.24110672
0.2687747
0.25714286
0.19076923
0.25210084
0.24736842
0.19117647
0.30769231
0.17582418
0.36190476
0.31623932
0.28333333
0.29487179
0.36
0.256917
0.22222222
0.25132275
0.21367521
0.30769231
0.30434783
0.37438424
0.16842105
0.28421053
0.25846154
0.16374269
0.27586207
0.36185383
0.27460317
0.33333333
0.28571429
0.13043478
0.33333333
0.26923077
0.29437229
0.21
0.22510823
0.32333333
0.27777778
0.32147937
0.32478632
0.21333333
0.32105263
