0.0
1.0526315573407206
4.1999999664
0.0
0.0
3.7406250584472662
1.3571428668367347
1.1245648049981483
1.3920903878709185
0.0
0.0
0.5000000150000001
0.0
0.9488372266792863
1.577142847229388
0.0
0.0
3.392857167091837
1.3142856928816327
1.9902438907888163
2.5362318933207306
0.0
1.5059523898267433
1.9624819686667543
3.677419367294485
2.4657534584349787
0.0
2.777777791666667
4.277777866185188
1.612987006432653
1.4639639344868518
4.650000074400001
1.3571428775
3.4260416375535483
1.6285713960000008
0.0
1.0160642502951565
1.711711713099586
1.5476190483928571
3.7777778113580247
1.5937499596582037
1.5930735741084312
1.7857143
3.4716980493414042
2.389937105339979
0.0
0.0
2.0289855085696282
1.6249999606250007
1.6326530804664725
1.5333333480533335
1.321138210254313
1.888888885111111
0.0
1.577142847229388
2.3636363571900825
1.0238353252178292
1.5012345566419756
1.7959183337609332
1.6590163890911047
0.9259259166666667
2.2000000330000007
1.9333333307555556
1.177489163471449
1.3421052663365651
0.0
1.4812646449671747
1.1
1.2727272692561982
1.4318181847469007
1.3299539329475252
2.142857173469388
2.16470592475571
3.0731706567519352
2.8508772040858723
0.7830508333892563
