1.5735915466361834
1.0123456841434129
1.3380281663300932
1.3983479890635595
1.3823754787018627
1.2086942021155633
1.067816679226895
1.1805555552391978
1.1940487532683175
1.309677977169411
1.082647464073693
1.0567375852291132
1.3333333314351852
1.2676056309561594
0.9927536243509767
1.2157100767553701
1.0592105221277701
1.137681161099559
1.3401360496024806
1.4285714276906554
1.201388890945216
1.2080357165292093
1.1621478853597502
1.2162208516479003
1.2891020554597854
1.1799063433322587
1.2589928057978366
1.3265219250921743
1.1360544220722848
1.1942446028735572
1.157142861577551
1.1776266034953542
1.3877551006747189
1.2733333337342223
1.077896787399332
1.2776500663905932
1.6621621610390798
1.2585033985904022
1.0985027556070843
1.4754068733114698
1.3643103470857552
0.9013157892607341
1.5443333355983557
1.274535929406141
1.0343531928836145
1.3197278896385765
0.979310348103686
1.2847222223804013
1.3428571472081632
1.2727272748124603
1.1180555538155865
0.9524041574560975
1.1798013567880299
1.0841432413215795
1.1619718278952589
1.4134637780394295
1.0997424285609656
1.3305114673280927
1.3691071453997703
1.3729071549942662
0.9219858108596147
1.1686637555581454
1.330089209834893
1.2887323938781987
1.2517482514675533
1.6568493196078065
1.0192323803741468
1.2163257789996949
0.9807071191404808
0.9607611824953608
1.073529405823962
1.1470588176773358
1.0414779302456676
1.0831390831702719
1.3943661969390995
1.184659835504511
