1.9414484048862657
0.9804604012729395
1.3421052663365651
0.6923076819230768
1.1455882626205887
0.9887754831056857
1.3893877369809915
1.3918128623131905
1.031561466805223
1.255434811304348
1.2057942198639824
1.0539215666666666
0.765550223520524
0.9109859076661775
1.7156862542647062
1.4145220683519073
0.8928571413265306
1.1355242289310168
1.6336134781358382
1.3181818214049585
1.35053764
0.4428904267853361
1.1825860716749697
0.81428572308
0.9066666843466668
1.735294132179931
1.0272872918282325
1.60382148752207
0.8294505697064367
1.2518025154107169
1.3131313100780533
1.1442307610576925
1.0615808786668963
0.7222485512540556
1.326984133269841
1.3992307585076924
0.9629629643004115
1.257142859238095
0.7791486170135893
0.8372093051730666
0.989011
0.9130434742911154
0.0
1.3171052778256582
1.1209150231862748
0.7103343668524867
1.0092272456967912
0.888119966330823
0.7499999906250002
1.2596006129032258
1.1188034153811965
0.6400000015199999
2.0151515066460055
0.5627165584835145
1.1909774249085874
4.812499948867188
0.857843146023965
1.5267856769642867
0.8242424202460974
1.1809100955560905
1.6366729436657517
0.25390625247955323
0.8253968286067019
1.4594594460482107
1.8749999945312499
0.41462083155157803
1.7289880238583777
0.8648275675819265
0.7749597247226698
1.0008996842223643
0.9212018261285806
1.160863664140559
1.5327103137907248
1.6815217493184784
1.2294643001434153
1.074380167813674
