1.2218315751649906
1.2394008498300177
1.3645434889307726
1.317379229738349
1.358593789350046
1.2222910796395008
1.2681267824891183
1.2395340986785757
1.254302753120492
1.2681068927120844
1.2218903491657616
1.2583249243661836
1.3303405048214174
1.2861987109228932
1.1607418850393934
1.2730914248111582
1.2906312958959962
1.2346292168104493
1.2675540764925846
1.2925204916636457
1.196828046335855
1.2472464608565754
1.2182769259485828
1.2528524026582042
1.3053452213267773
1.2399717058098598
1.2488103326702682
1.1804791285802327
1.2751509054634418
1.2035593218807223
1.209306232288977
1.2463122497186423
1.3088285225560008
1.307525083359314
1.1683125024283298
1.2091100156751207
1.2882295719604624
1.247942047812489
1.2327799493921783
1.2814329645990343
1.3519754989519004
1.2913108989252806
1.3892342563452817
1.2663837069417256
1.242291045247909
1.3155475297361827
1.3089971729771093
1.290052355662652
1.3107928048522837
1.307770960541365
1.2755305039380789
1.272313602639841
1.1794920231820842
1.27435461154654
1.173576002984553
1.4181787013111788
1.2354770147439214
1.2234996405289427
1.3084350770977995
1.2252244526478806
1.1852372576884558
1.215134165715788
1.3766120980922028
1.2437306757077577
1.3334976179152556
1.4526735774128774
1.221158938342458
1.2025737568657189
1.197860828905337
1.2934581619775183
1.2343154239978518
1.2531000511781056
1.1699078369273033
1.1270054975690424
1.3665633605216052
1.3162195246461725
