0.9864661651168524
1.0195254328524102
1.0567375852291132
1.1696696682637369
1.7010162081478626
1.1834233605412294
1.2764358566914047
1.248226944827725
1.2497232867581625
1.0193273774113003
1.1223832529902682
1.2937062924231015
1.1972789075422277
1.2366412204183905
1.043478259836169
1.236009324565246
1.5333333341432098
1.0633802772168222
1.1448275858948869
1.0530303006772268
0.8749999986513157
1.224496644788388
0.9755172429939596
1.1407775940066665
1.1799525845588212
1.2787524340917718
1.020979017610641
0.8581473307688476
1.2344827610777644
0.9374999985763889
1.0428571419367347
1.1415812926479962
1.1353383426660637
1.4305555552391975
1.260098350575612
1.012345680840192
1.1289855067555135
1.0979020993857889
1.182249851086853
1.673916918015915
1.891197179902202
1.1328671344711232
1.7842592557347965
1.1415812926479962
1.1457555786077966
1.5319148884200995
1.5957446768915042
1.0681818195936639
1.2258064528074921
1.1619718278952589
1.0340136055180713
1.202636217382666
1.0123456774439228
1.2365079381535147
1.156028366649565
1.2480974146523216
1.0054118090559228
1.2584019193102232
1.3815217385297733
1.1537763239820957
0.8582089533058588
0.9836266471386478
1.1599794261999885
1.1617647036656575
1.138686126930577
1.4279310368462306
1.1223832529902682
1.160303894523778
1.0590147129330982
1.033733263886648
1.231292513060299
1.2068965528941735
0.9761904799557822
1.0053155019473976
1.0642857158336736
0.9912551441618084
