1.2954861118308256
1.4389770729581002
1.302158272447596
1.4393214030324928
1.2134280448313097
1.4082076881371828
1.3764987999830924
1.076388888097994
0.0
1.3153607091020831
1.2776500663905932
1.2430555566628088
1.437086094477435
1.4475524445048655
1.2071428595275508
1.3793220610923442
1.654929575512795
1.3714285712612244
1.3380281663300932
1.3401360496024806
1.1575342498836554
1.2636986335991744
1.4251712367812912
1.2396069504605591
1.4103022583342932
1.4512647852020895
1.1857142856306122
1.2327202446223995
1.3521126710950209
1.3055555580864198
1.3426573392488628
1.2120601326861522
1.6408450649732196
1.3262411281525073
1.2629037622760788
1.7547325146024082
1.3957446768915043
1.4172661854800477
1.3753937894489277
1.1852051296873614
1.413562090394592
1.63636363740623
1.4048951041091498
1.3846276398511326
1.2357599025971198
1.2857142841205054
1.4055944035493178
1.4045801494225278
1.3496503508533424
1.1486486469265889
1.361702121101554
1.2923561810145923
1.2724622770958125
1.2321312532566004
1.1438848927653846
1.4530948147088119
1.3849451336860807
0.0
1.3218965539121046
1.3670361353230076
1.2575757532460972
1.3994190203545647
1.4561136504277088
1.3098591510255901
1.6753246739416428
1.850694445472608
1.3404853149083893
1.8208633722768577
1.244194822203934
1.4144120466257815
1.080291969798071
1.3888888895216052
1.6342151724635425
1.4229474213018474
1.3829787191972234
1.9089947129738472
