1.1898601391944839
1.0050098375340537
1.1360544220722848
1.1363063740446282
1.2008514280565816
1.0730413946803774
1.1714285736040817
1.0279720292151204
1.272663143934946
1.1050796320776437
0.9846101837934526
1.0979020993857889
1.16216216380935
1.0
1.1029411717711937
1.1024007009970769
1.1538461520817642
1.0073529399794552
1.2262773716074378
1.189781021155096
0.9459459435500366
1.1734482778043283
0.9717532470056501
1.0331473037894447
1.1914000151716733
1.0404663907169258
1.0719424463826923
0.9647858154220614
0.9523809489277616
0.9859154894604245
1.0694444447608025
1.1018728448538304
1.154929575512795
1.0986842107392658
1.038303257825574
0.9916855625997398
1.1289855067555135
1.1468531462115505
1.0495642667732763
1.2955742367516325
1.2300000022842859
1.1600000019680001
1.4470588223944638
1.0456465191264406
1.0831390831702719
1.027586208183591
1.0657894738261773
1.076923076040882
1.080536910904914
1.1223021564908648
1.0140845047649276
1.082647464073693
1.1037379950576323
1.2373113898255348
1.0196078399846213
1.6753608051965734
1.0831390831702719
1.2373113883262843
1.143537412943403
1.0961260100901395
1.0437956193457296
1.320450883773717
1.3365609605203443
1.0616438371551886
1.314685315768008
1.1875862088622116
1.1318587106288105
0.9914005977788699
1.0161989910398885
1.0341948672188452
1.2391304320699434
1.0425531903757357
1.0197350596763377
0.9516049392623539
1.0616438371551886
1.0406630373199086
