1.3691071453997703
1.4974279845819045
1.3825503350533759
1.640698173336328
1.2217965127809045
1.2742034084538538
1.1944222420103756
1.2080536910904913
1.392872775197524
1.4751322787395316
1.4432766080788673
1.200000002262069
1.1021897764782354
1.0684931511465567
1.057142859820408
1.2670449611316605
1.2260274010302121
1.0935251826572123
1.4637681128418398
1.3586206894211652
1.4507042217734576
1.0952054824526178
1.303214288134541
1.1652899899030862
1.121053941927941
1.0334362118241311
1.2397260290129481
1.3005829926669907
1.0283687897067553
1.3846153859386767
1.1468531462115505
1.193869733148474
1.0413793094478
1.2323943632691927
1.421544914141075
1.3619326798287286
1.330463579507127
1.2739726045862263
1.2620576175843512
1.260895421178884
1.424822690993411
1.3402777804668211
1.180696201485459
1.4422459002527286
1.2672019313190477
1.1677852356380345
1.2083333342824076
1.3671874988488768
1.1958041930373124
1.1276595711272068
1.25
1.0612175412047737
1.0913229984643318
1.2272957950062897
1.1773049589296312
1.2527777769093749
1.1559893201648723
1.2752926098117643
1.354720278962394
1.5220093655536706
1.398437500250244
1.2783635201369343
1.5185185198201059
1.1134751762738293
1.2323943632691927
1.320673079970784
1.1998171023403614
0.9499408083560023
1.010109592889977
1.0997424285609656
1.2733812986139434
1.4100719420216346
1.1344015355052437
1.2287782076890124
1.2733812986139434
1.184659835504511
