2.881318755626375
1.4853658292647238
1.5079365049797697
1.5833332858333342
1.048101280681942
2.333333333333333
2.4127659940470805
2.201087004754254
1.2444444582603176
1.08510638090086
1.4728681989003065
2.0707070310146927
1.2446808284212314
2.0357142450000008
0.9655172401307967
0.0
0.6588541717110187
1.4329292558668305
1.0792220169275266
1.893246208932462
1.726984153128748
1.3768115983931948
2.552332925436504
3.7868853042569213
2.0
1.4926829057132662
1.6576576536255174
1.3937303853051564
1.8586956380316637
2.1644562680032933
1.7100633672866195
1.1822222392800004
1.3300000239400003
2.56499998525125
1.3928571439285715
2.2656716793267995
1.053191473074921
0.9202279104843307
1.2763636501715705
2.011194018658387
3.487179515345168
1.241830065115981
3.4666667256000006
1.5966386764376341
1.1423077038576923
1.4285714071428575
2.315789468199446
1.3142857331428575
2.6228571421077547
1.283333335702564
1.7500000164062506
0.7699999992300001
1.781250033134766
1.3737373533394552
2.2398648356674586
4.371428570179591
1.5369458163852556
0.9890426939887376
1.3548386878251826
2.3749999929166665
1.206125848463335
1.3623660966053888
1.2622950887960227
1.1653718317487909
1.2800000364800004
3.9583332383333354
2.3859649643951992
2.005128264102565
1.3874296172022151
2.389937105339979
0.8686765424143353
1.841085257661799
1.305721292911121
2.1321462055044007
1.7432950165807901
1.0058823496868512
