1.5054889016444293
1.0030165788519552
1.7297520862163787
1.6330644942377732
1.5502450515788408
1.105694611418208
1.3368005146920066
1.2516046250195687
1.0270270230533236
1.1169230711692306
1.094532442804471
1.1860248392367674
1.3737373533394552
0.8970340066966938
1.098581732883187
0.6837606666666667
0.8216216196932067
1.1366569147150096
2.575757524242425
1.3152173964855072
1.4430284896682262
0.6304945242476755
2.1388888447743057
1.1499999822109375
2.62307696623077
0.8000247061743051
1.0621266326430374
1.196428560044643
1.2539682666666667
1.2008895464663445
1.3849673057225855
0.7021943636363636
1.0285714168163265
1.8499999430000014
2.708333422708336
1.7405405351811538
2.035714251785715
1.0919117659191175
1.2666493082937087
1.0375494166666668
0.8436700696051095
0.99784948
1.0113712287448415
0.8749999945312501
1.380592051294469
1.0595021764833683
1.4484127045965607
0.9872611325368169
0.9849230918492311
0.9538043314596714
1.48369566830104
1.0446580188848942
0.9081439363778411
0.7977208078031023
1.6136842130905262
1.7142857142857144
2.409420307514178
1.1874999681250005
1.9696969994490365
1.176797355807101
1.03257577950551
0.9414179013146023
1.2179487081114397
1.567944282633637
1.1316176143676477
0.9578947312963989
0.7058823344117651
1.1301939116664237
1.8712120650757589
1.2246376963547576
0.9285714310294119
1.0763546933743846
1.1400000180960002
1.2281582281663894
1.0293706103173752
1.4355495501982627
