0.0
1.46389555040568
1.8455882302843858
1.7291159751795218
1.7110067768264674
1.4817983412112523
1.3568244181149025
1.2534246626121224
1.2689966916580337
0.0
0.0
1.4054054067531045
1.729927003061431
1.335616441741415
1.235714289437755
1.5709887102898725
1.4689655221555291
1.7152777776195987
1.4500000049785715
1.3040540550648285
1.2657342632079809
1.5519366170953184
1.3739361663150746
1.2791124475141133
1.3265219250921743
1.5512923008282677
1.6595744653629094
1.46389555040568
1.380281686399524
1.1857142856306122
1.579710146994329
1.8267891928340485
1.1931034516299641
1.3661971816345964
1.272980983870918
1.7466527542310093
1.3957446768915043
1.4166666685648148
1.3131150449363267
1.5110651831777078
1.6483108096970873
1.1785714296173468
1.439072851303627
1.5005691207076053
1.518518521260288
1.5035971246788467
1.7857142903163266
1.5104895088053205
1.2887323938781987
1.3776223743341973
1.3142857172979592
1.46389555040568
1.1500797857209473
0.0
1.357142859234694
1.3983024698230901
1.1468531462115505
1.251371740417429
1.3297297288312637
1.2995359381573448
1.2589928057978366
1.276125887138942
1.6797439457061356
1.1632653020241566
1.6216216214718773
1.7318965545907252
1.335434723871107
1.3894940667533382
1.4807470995911902
1.5036310775633837
1.2335766405008257
1.3355704712760685
1.2654321027786597
1.1468531462115505
1.4855072457309388
1.3830638135779205
