1.8666666886666665
0.5072463847511026
1.9611285730424828
1.5
1.4918625758463617
1.4772726774147737
0.0
0.7673076900879807
0.0
2.231884059426591
1.5834586557283734
0.8064516063475548
2.2166666582666665
0.6274801642729002
1.4603174429327286
1.33333332
1.093750006152344
1.4827838729975091
2.6999999664000005
2.125000011953125
1.6999999830000003
1.1027026953265158
1.701101892032933
1.6502909100901175
2.538461499408285
1.4684909074630583
1.8071428695346938
1.6129031836628518
1.5059523585984005
1.571428555510204
1.1864406701235277
1.5447154580805076
1.3766666343500005
1.6203703653292183
2.7272726454545473
2.0526316091966765
1.2109890377978025
1.8055555955787044
1.322222204277778
1.328124990288086
1.546405208326029
2.0892857083163263
2.0263157628116346
1.3902438993872694
0.8297872189474876
1.1234567664060358
1.1188016677474644
1.4062500266601567
1.5659340471428576
0.8444444275555559
3.487179437107167
1.3439849323159876
1.1712962855594136
1.3999999748
1.068750016699219
1.4513556389658355
1.3084967416770474
0.0
2.3999999748
2.5277778262268527
1.5386702774965066
1.6791666804713543
1.375000009625
1.5277777496913585
1.2454212806488756
0.6999999895000002
1.1645569668899216
1.606593413404903
1.901655309840139
1.1637930822235436
0.8085561476602705
1.6249999746093755
1.080847741311533
1.3606719147897113
1.3761905039455786
1.5833333402173915
