1.1309523777210884
0.0
4.275000001526785
0.0
1.2844444391555556
1.2222222493827166
4.387096706264309
2.2901785765814733
2.7759740257216645
3.976744159226609
2.140243935586705
1.5584415636363633
0.9722222114197533
3.387096719562956
1.9676642786920864
0.0
2.3265305837567682
1.661899768519175
2.2790403877381773
2.118260880985406
1.1675823858241763
4.425655976074255
3.9583333168402777
1.6999999830000003
1.142857118367347
1.5321428245500004
1.0169491712438954
1.619047615809524
1.5788697410541213
2.331428582086531
3.0952380443877563
0.9743589451282056
0.8133802747019441
2.0289854781348455
3.636363720661159
2.6600984736538145
2.280701783795014
3.4374998925781286
0.0
0.9437908549882353
0.0
1.609999993675
2.66666664
0.0
0.0
1.8749999945312499
2.7445378483470098
2.5132275185185184
1.369565211436673
0.6440677878770469
2.0403225684690427
1.1623931340784577
2.6415094720897123
2.5850339948771346
1.4860139953415816
4.874999884218752
2.618181780099174
3.1249999617187503
0.6912568426130967
2.1404681888614228
2.098191225937143
1.4545454322314053
1.145454553785124
2.095238067482993
4.685185079334707
0.0
2.6858934735896667
1.6926056402394862
1.7152542448468833
0.0
1.4646464386083056
2.4793956143834532
5.250000013125001
2.2037037599485605
1.812499993203125
2.6249999671875
