1.1704391883983518
1.0760597421952112
1.0872483247331202
1.0258436229712373
1.0490248705583949
1.0998407293903276
1.1478003800318868
1.0482758657350773
1.243738979309801
0.9634738181464394
1.1703003212190062
1.1862069009978595
1.1214285756540816
1.181159420935728
1.1214285756540816
0.9972697912439714
1.2517985623394234
0.9724137974715814
1.0
1.1172413833664685
0.9855072487019534
1.0250000015033334
1.118181817556262
1.0123456781383782
1.033005792050466
1.1845133093335138
1.1232876743103772
1.0706101764536762
1.0709219800824907
1.0757575759458218
1.1408450707478675
1.3360208266165619
1.1884057965847512
1.1034482764470868
1.1232876743103772
0.9692671386687456
1.0680069924095066
1.0134228166497006
1.1491491461154397
1.1981989641066573
1.1539735128378141
1.1301369883017451
1.0662751682146074
0.9786008262352812
1.0560440562993123
1.1633986933358966
1.2573529354573962
1.1544117636862024
1.1944444476080247
1.2229729703898833
0.9503546063819728
1.1631205640762536
1.0052164819630143
1.0602268945539008
1.3529411732785466
1.2344086019798821
1.1871391789835535
1.1380618081270104
1.1061151087094352
1.2454036772988515
1.1102941117506488
1.138888886376634
1.057007985576007
1.0500000038071429
1.1700680275903559
1.331802718732866
1.2454515921794311
1.0693792355165421
0.9468012312521614
1.0123456762078746
1.0942028953213612
1.1678321695564575
1.0412698445052155
0.971025445085261
1.0140845047649276
1.0967078180352912
