0.9935483935868886
2.153846161301775
0.7311827990010406
0.0
1.3247863333333334
1.4181817800681826
1.0899758454584338
1.8545454495524476
2.218579223309146
1.1914893582616568
1.2020460494358358
2.2813036021813007
1.025675670685902
1.4350649412152132
1.327493337403249
0.5
2.533333391600001
1.5059523670880575
2.1388888710648146
1.226368154520309
1.5812499804814455
2.1274509892733566
1.3571428164285722
1.1176470697808536
2.1857142850897957
1.4166666666666667
1.423645308263547
1.7194570437583183
1.143383224817585
2.6666666545454545
1.307971035259662
2.7272726454545473
0.0
1.957575748084481
1.820000053386668
1.932420113594796
1.375862064797265
1.4705881989619383
1.3481481331687246
1.9522198563687496
1.776315790927978
2.630769178153847
0.0
1.7843136772087667
1.4109588855939201
1.907539702816256
1.8440860303433924
1.5954545305340908
0.0
1.0337349337903905
2.196286439078021
1.8117647017716265
2.2826086857277885
2.962962977777778
1.3849138228892786
0.0
2.344155814545455
2.66565656665932
1.5384615198224854
2.0248138853718083
0.9496358556123644
1.2307692423076926
1.0499999842500003
1.750656182093331
1.0
0.0
1.655913955549775
1.8011029443093751
1.6407854525737204
2.2159090654183884
1.5007215151515152
2.3225522912931855
1.2493345232245228
1.6587301856575964
1.3684210591135735
0.6176470660899654
