2.591549276611784
0.8237688192177552
1.533333348666667
0.7500000225000002
1.0744810666666667
1.9249999795468753
1.0081168750230591
1.0221043618061534
1.7824074503832312
1.2222222187301588
1.1398026061708475
0.7589285699107143
2.364864871384222
1.4805194731168831
1.1479500792578188
0.7284606826516778
0.7878028482618827
1.700000036428572
1.710000004788
1.6883117140968125
1.4615384643491125
1.058300381914773
0.8636363538223142
1.445355193749888
1.8857143045714289
1.0633204547308777
2.5974025766571094
1.6666666499999998
1.6061279710836058
2.0403225684690427
1.82142859744898
0.9935064615723569
1.1764705903114188
1.4621848801080433
3.238095300544219
1.4596153621597636
1.1060109398858728
1.7331932392177465
0.897879108229018
0.865384612056213
1.751871642468072
0.921052638486842
1.5142065055589895
1.469387743206997
1.6101694696926172
1.351351332943755
1.0886172326153607
1.1904761785714284
0.8249368736668647
1.5123287878401204
0.6099849836825846
1.2548262609308147
1.399830954546924
1.4121621762143899
1.3371950905957768
0.8101851984182099
1.3725490220299885
2.343749989453125
1.0833333268333334
1.7451922570756297
1.5901234728596252
1.011235943693978
0.8241758180896028
1.6057597057147144
1.207843156615917
0.5911329849498899
1.2426035347291764
1.148148139218107
1.9531915051534632
1.1367521172649577
1.3682055363063994
1.2105262985872576
0.8814814857064471
1.2500000189583336
0.0
1.2605042020514088
