1.296938773216299
1.183446357436429
1.385714289144898
1.3167573181444714
1.4711786134325024
1.1712281890734946
1.183551193163607
1.1250000028472222
1.4324346971943331
1.1786596147603678
1.144997874446893
1.013605439975936
1.4029850778235686
1.2928571434010205
1.1223021564908648
1.319232343508687
1.4460431652129806
1.1793103447105826
1.094936709156385
0.9664429528723931
1.187050359415144
1.414788730003174
1.038398691996027
1.274535929406141
1.2213460813178658
1.0701940032732176
1.1466666707484445
1.238990236333424
1.5000000027333333
1.1914893595986118
1.107142857770408
1.0406630373199086
1.2222222209567901
1.5034482809712248
1.0990675971685888
1.1177983528432214
1.3168402785093558
1.2083333342824076
1.0726841648186753
1.2109704677945472
1.676655633358471
1.225352110886729
1.591447365489439
1.1310344846306777
1.2287782076890124
1.3266666695457778
1.479729730216399
1.1095890463276412
1.513333333952889
1.2408759093942139
1.2549019573164166
1.4751322787395316
1.0670670686033332
1.583597884369539
1.061224485469943
1.4406457769143108
1.1302215493978673
1.4828725387613422
1.5056896576645897
1.33986927596213
1.020979017610641
1.1483324131179096
1.3688054226161035
1.2229729703898833
1.3310344868927468
1.579623291998968
1.427480241170849
1.1371554244853572
1.6578762343932645
1.1970303644614662
1.4296296346688615
1.2237762222524329
1.201705305037198
1.0270173540462244
1.121621618701607
1.3182343016677944
