1.0827464770432453
1.2205586154026704
1.3082191801595047
1.5536694100298163
1.337995335335387
0.9127018763419076
1.1240014487711725
1.4027777761959876
1.2342296644773416
1.2550312897398117
1.1531354782661687
1.1760563384348344
1.1118881111262164
1.0139860117404274
1.1714285736040817
1.2775073074352734
1.1063829730315378
1.0638297826558019
1.3931034482368607
1.1118881111262164
1.1088435365421816
1.1468531462115505
1.2314236117952355
1.1909949119663377
1.272663143934946
1.1628294942143043
1.1818181773002756
1.0536659095649448
1.1319444461844137
1.1197183078258282
1.0600000014213333
1.2262215245472314
1.1267605602082922
1.2608695649590422
1.0378899227301466
1.005458974276059
1.2757194253782154
1.2237762222524329
1.219092329066323
1.2273861193428837
1.2341836712864778
1.2818791936705554
1.2779220782540057
1.227738372545423
1.3919753068844307
1.1410256450690335
1.1527777761959876
1.3283582117865895
1.2302158260649034
1.1619718278952589
1.225352110886729
0.985168615967182
1.2302812094334896
1.046090538200933
1.139860140341337
1.2480974146523216
1.3025986361943505
1.2175508810692226
1.174479167319155
1.0542358462966661
1.2517985623394234
1.3947873851151145
1.3616762271351952
1.3602941132580018
1.5314685321502275
1.5195804187303046
1.0765084309974506
1.0685871062881038
1.079772324193197
1.417283953242401
1.3030303037832873
1.1857142856306122
1.0485008856615017
1.0341948672188452
1.186567165092448
1.2567049816662703
