0.9493121378116942
0.9308824608841695
1.1655263238529239
1.3783783381446317
0.0
1.5476190597789117
1.2182061315986845
1.2587064759278237
1.7272726754545464
0.8348751227015963
1.228426767333172
1.4166666572916669
1.4306493621626717
1.5196232460133068
1.0942760999132741
2.255639163276614
1.561538433911243
1.3803921588039216
1.439393908643251
1.0673616120207303
1.2358882941196276
2.6666665866666683
1.9499178996422708
0.8524595521283892
1.8589743821581197
1.5217391086011343
1.0561403687165283
1.2499737839710354
1.846345485454879
1.3001870969763092
1.1094619573611548
1.072033903029302
1.1113154147322455
1.3049450678941252
2.2521367441452993
1.2222222560000007
1.1497364871921714
0.7419590453627559
1.6969697
1.1323529466717128
0.9390243957406305
1.5441176642156866
1.071428562244898
1.0370001352477973
1.3896342628397975
2.4987653600278943
3.3465608023649955
0.7562749145100143
1.9809523997714287
1.8259109049222249
1.11221531022727
1.3425196951298901
0.9821170460658069
1.9096459239816268
1.8654970953216374
2.087912118485087
1.1576510250978138
1.6450216403215832
1.6581632430393591
1.009756087666865
0.9124149740145502
1.1862270956313796
0.7054075802656599
1.5576922830288464
0.7832409695321844
1.4249999715000006
1.176470603979239
1.344800745588069
1.1012146003114296
1.3337499995874997
2.034188058081672
1.52000001026
1.163439741343715
1.6614719019064943
0.8313252947946002
0.825031922638475
