1.400833335387889
1.2162714310908425
1.2083333342824076
1.3073338285879923
1.0972977651203928
1.0
1.1056825127498369
1.2198581551209697
1.033005792050466
1.3764987999830924
1.1799063433322587
1.237410075422597
1.4166666685648148
1.1258741228666438
0.9932432443288898
1.0588735015002175
1.2666666670716051
1.2536231893100187
1.2827586211576694
1.5
1.3333333333333333
1.0671232905948582
1.2047077925207033
1.1232876743103772
1.0944277592605218
1.1914000151716733
1.3576642296446269
1.3614303996327122
1.3380281663300932
1.4489795917228931
1.0965517258149822
1.0595884762207297
1.6267605602082922
1.0
1.1160871138796906
1.2075837793855126
1.2636986335991744
1.1408450707478675
1.2119631335854144
1.0594500227190897
1.1505102020467166
1.0482758657350773
1.493571431345204
1.3715651138987939
1.197080290048484
1.3489932879257691
0.9731543611972434
1.321678321638222
1.099290775604849
1.3333333313947988
1.0743243234632944
1.2175508810692226
1.0335837020791139
1.144390769502439
1.2158273391480772
1.574074075
1.0985027556070843
1.0056414045175082
1.1027586225149109
1.287220998868503
1.0431654666497594
1.3249818383566685
1.3005316754298033
1.2877697855307695
1.3873239387819878
1.7351307175933615
0.9698696333035695
1.1977047426235976
1.0730413946803774
0.9849849855506859
1.1793103447105826
1.0441176459061419
1.0942265735602492
1.0262134287019546
1.1408450707478675
1.2984433732035754
