1.0899647868902003
1.392872775197524
1.3092105248251384
1.3404853149083893
1.4790298550949508
1.4518077264430265
1.733468631461558
1.3615384676035505
1.5372656654106251
1.504458163474699
1.1696696682637369
1.3931034482368607
1.5
1.3500000032214285
1.0689655176313912
1.4828209821376344
1.3605442151446157
1.1818181812968849
1.2675159220365937
1.414285719055102
1.1489361692228761
1.1260563361249751
1.5875939844849343
1.0056414045175082
1.4903978056891098
1.420096022455609
1.2661870492562495
1.1810699571839278
1.2444444483588477
1.2642857193479593
1.316901403408054
1.3216735236509298
1.3000000052714287
1.3916083918088902
1.3297673669225933
1.0398924978886255
1.3303191451622152
1.2269503525476584
1.507899507268308
1.2426457433927116
1.9289930566272184
1.4827586234197385
1.317857140526239
1.261965164827302
1.4158167827177608
1.338129495638942
1.4353741461687262
1.4076923127869823
1.5422535200694307
1.4160583927625339
1.6013986023208957
1.5789570657423495
1.1371554244853572
1.2104133130969217
1.2313432834907552
1.2978790773540798
1.3641537466265141
1.4718500979521982
1.2862745087950789
1.5040564375075334
1.2015503873505198
1.0891443208372042
1.407232289483029
1.2537313457496102
1.5931034504989299
1.741830063993336
1.0539489290519148
1.1397738052364903
1.1710483629588295
1.6127713937038974
1.385714289144898
1.345070418712557
1.33986927596213
1.2418107023546558
1.160839157951978
1.3404853149083893
