1.4829268198453305
1.1828644347826085
0.8351648133124021
0.6190476087301587
1.2727272498181819
1.1868132
1.3957306804965746
0.8819152745124091
0.6334898381836938
1.3043478399810964
1.138756006437582
0.972992826695353
1.1515151169696978
1.7372727172627274
1.3578609882793837
1.7460317134391543
0.6844444374574072
0.9960474399604745
0.7196013202631538
0.8333333333333333
1.9606879725479782
1.0736018546013943
1.1200000050399999
1.0227642105984536
1.5384614994082846
1.3947368499999997
0.7944444563865741
1.3196721626713253
1.0714285741071428
0.8290598482905984
1.0872704853251831
0.8777777749777778
1.5960000190512003
1.5271071190311778
1.5166667111555567
1.533357262211569
1.03106413144753
0.9090909129870131
0.7922682943636521
1.9012345510973943
1.01500000588
0.6122448944606413
0.8596491518928904
0.8958835539918863
0.6612903280437044
1.3426573178052719
1.7105263120709382
0.5935251720886601
0.8400000191520001
1.0043478217202269
2.089285680133929
1.9431818296642562
1.2434210469572369
1.2254901878604383
1.4369047556309527
0.6250000046874999
0.7291666727430556
1.0111110997361115
1.0992646928814338
1.8961038820779224
1.777210884122935
1.162844035146242
0.6211180339251959
0.927505335404799
1.036190493879728
0.170454560369318
1.5617924344710752
0.7913043564272214
2.517934818070959
1.1151960820533768
1.4173669619945628
1.0675244806927808
1.3694444229361113
1.3218923864902883
0.7471264303408642
1.0793650929342404
