0.9795918569387757
1.3599999864
0.8571428473469388
0.7285714204285716
0.44615384821301773
1.0025806479793549
0.9157509285714285
1.299754315241384
1.5489796076215743
1.2516025603599605
1.0202140533629918
1.3656660717708033
0.4667036041825456
0.7905138260869564
0.9357638816200088
0.9957912500467638
1.159663890444884
0.8377100807290104
0.9196029720603168
0.9462485958876365
1.3027683576689972
0.9722222064236112
1.1055469969679559
0.7708531209201555
0.9057002361998595
2.0596206107740103
0.794520539874273
1.1656289255565606
1.480769183783285
1.5284023583807465
2.597222276288581
0.7877289518231074
0.9404761785714284
1.266666657166667
1.0511204498346103
1.2285714319020409
0.8382066333333335
0.6842105296398893
0.825304261030286
1.6470588429065747
1.8148148234567902
1.9743666580412895
1.56000001872
1.090909095247934
1.3804719113276067
1.286889207810061
2.3657142708440815
0.7981149154027412
1.0389610166975882
1.326315763389474
0.8198757839805564
0.851540612254902
0.9580034325089273
1.2450000274500004
1.9049653778878193
1.2000000270000002
1.1383928669614956
1.7999999915999998
1.005512792069034
1.3318322643946552
0.9456608363613517
0.9732265003113197
0.94545456
1.3032051258199786
0.7159090892820248
1.3076923351538463
0.9622649445518875
0.9579832133135608
0.8471867081296073
1.7229729536943028
1.0114050526911549
1.177258011856783
0.7993158039671702
1.3897058788143382
1.0488569920357016
1.291304328504348
