1.3998396374262088
1.0986248508810184
1.1053544602287222
1.0757311623215438
1.036293154943847
1.2596084968600931
1.032013271220209
1.101839703239322
1.1722687649003516
1.0456175762426154
1.2354522861351978
1.114277147499756
1.0431984270426804
1.155060641385248
1.3967302556869057
1.144748380568357
0.9314237532943849
1.2836321247034357
1.276444580419962
1.0486350568842921
1.3798241578862886
1.15883426554359
1.4863545804257587
0.9875407895346628
1.2756048117149736
1.3263254818158452
1.0827426945163678
1.486285025036396
1.1145237972726723
1.3120492116200149
1.4616499969066195
1.1307120017517047
0.9996731325552374
1.3691895456673027
1.5211862023638947
1.3469515087376298
1.1384458707179559
1.2180552445015465
1.132171448907288
1.0621279337296443
1.0927672310762426
1.111531055425592
1.1641603494618504
1.2008331586863832
1.0758641594297806
1.0669188754873982
1.3533326065362006
0.8852306146060257
1.1543511804728286
1.0235569340625963
1.2263662521727956
1.1119757882919346
1.2292847878861275
1.203617745965078
1.417019680426209
1.0354295699889664
1.2282396036375287
1.3712109752143027
1.115555968993279
1.4042653472009867
1.1714830797965297
1.0421674930136913
0.8669397615922217
1.1810451038375327
0.8374604709650191
0.7444207670537448
1.1042266395718534
1.2394103825758964
1.3315652488536827
0.9363657249814381
1.1700481896727337
1.288739001298665
1.153415737929865
1.4873128630202346
0.838986374388543
0.9532938105469294
