0.29347826
0.34188034
0.30833333
0.28571429
0.21052632
0.28095238
0.22826087
0.34065934
0.35897436
0.23678161
0.32333333
0.20952381
0.17786561
0.25101215
0.15
0.23544974
0.3048433
0.38235294
0.36764706
0.32900433
0.26190476
0.39569892
0.28333333
0.25846154
0.32105263
0.30147059
0.32275132
0.19367589
0.35978836
0.39473684
0.35869565
0.23529412
0.32679739
0.27272727
0.22807018
0.26666667
0.28888889
0.19312169
0.17894737
0.25189394
0.3
0.23376623
0.25833333
0.18
0.21925134
0.27941176
0.25108225
0.33684211
0.18803419
0.31076923
0.32380952
0.31827957
0.1871345
0.3
0.23550725
0.21212121
0.23384615
0.1754386
0.24501425
0.34621849
0.26825397
0.28571429
0.27705628
0.13438735
0.32142857
0.25641026
0.29411765
0.2
0.19762846
0.34
0.24367816
0.32859175
0.31481481
0.3015873
0.19
0.33918129
0.29047619
