0.33088235
0.25296443
0.23809524
0.30769231
0.34545455
0.18681319
0.2045977
0.38461538
0.27272727
0.30065359
0.27832512
0.24210526
0.21818182
0.24798387
0.23076923
0.26315789
0.23715415
0.39393939
0.20860215
0.2
0.37179487
0.19444444
0.29166667
0.15
0.23333333
0.31527094
0.26451613
0.20879121
0.28774929
0.2987013
0.24395161
0.25146199
0.44444444
0.4379085
0.21428571
0.36111111
0.15384615
0.20879121
0.26797386
0.22666667
0.30434783
0.25333333
0.57142857
0.17666667
0.21637427
0.31904762
0.26797386
0.18115942
0.12820513
0.29166667
0.20512821
0.29059829
0.0
0.30994152
0.38562092
0.34285714
0.21182266
0.32967033
0.24264706
0.25538462
0.35714286
0.26666667
0.25
0.14619883
0.18181818
0.32806324
0.30039526
0.21376812
0.23333333
0.28888889
0.43956044
0.24242424
0.23399015
0.27307692
0.23666667
0.31818182
0.4057971
