1.825
2.13580247
1.8902439
1.95121951
2.57317073
1.74358974
2.07407407
2.13414634
1.7654321
1.67901235
1.79012346
1.91463415
2.18292683
1.69512195
2.12658228
2.02469136
2.02439024
1.6625
1.82926829
1.74390244
1.92592593
1.6375
1.81481481
1.77777778
2.35365854
1.8902439
1.7654321
2.36585366
1.74390244
1.73170732
2.24390244
2.02439024
1.87804878
2.08536585
1.76923077
1.82926829
1.9875
1.96296296
2.32926829
2.14634146
1.91358025
1.875
1.9
2.07317073
2.0
2.0
2.03658537
2.01234568
2.01234568
2.025
1.79012346
2.01219512
2.2875
1.86419753
1.81707317
2.06329114
2.22222222
2.04938272
1.59259259
1.59756098
1.60493827
2.17283951
1.87804878
2.06097561
2.2
1.81481481
1.96296296
1.87341772
1.85185185
2.14634146
1.90243902
1.5
1.63414634
1.58536585
1.95121951
1.87654321
1.79012346
