0.30555556
0.38095238
1.0
0.14285714
0.0
0.30555556
0.26666667
0.7
0.0
0.38095238
0.3974359
0.0
0.5
0.37777778
0.66666667
0.23809524
0.42424242
0.0
0.3
0.0
0.36363636
0.5
0.0
0.46666667
0.53571429
0.53571429
0.83333333
0.38095238
0.66666667
0.42222222
0.38888889
0.19444444
0.23636364
0.0
0.0
0.4
0.36111111
0.3
0.28571429
0.53333333
0.39166667
0.5
0.0
0.33333333
0.66666667
0.32748538
0.4
0.46666667
0.73333333
0.6
0.43939394
0.64285714
0.0
0.83333333
0.3
0.33333333
0.46428571
0.5
0.41904762
0.51428571
0.66666667
0.0
0.0
0.24444444
0.16666667
0.16666667
0.5
0.66666667
0.6
0.63636364
0.69444444
0.31666667
0.0
0.66666667
0.41666667
0.1
0.46428571
