0.0
0.66666667
1.0
0.0
0.0
1.0
0.3
0.30909091
0.0
0.0
0.16666667
1.0
0.26666667
0.4
0.0
0.0
1.0
0.33333333
0.6
0.52777778
0.0
0.33333333
0.47619048
0.61904762
0.5
0.0
0.6
0.83333333
0.42424242
0.66666667
0.33333333
1.0
0.40659341
0.86666667
0.3
0.49090909
0.5
0.33333333
0.33333333
0.0
0.0
0.3
0.33333333
0.66666667
0.5
0.46666667
0.8
0.0
0.28571429
0.6
0.0
0.53333333
0.33333333
0.30769231
0.30909091
0.66666667
0.35555556
0.57142857
0.4
0.46666667
0.6
0.66666667
0.37878788
0.33333333
0.0
0.35714286
0.5
0.33333333
0.33333333
0.31428571
0.5
0.6
0.66666667
0.54545455
0.83333333
0.2
0.47619048
