1.975
1.97530864
2.91463415
2.75609756
2.54878049
2.17948718
1.81481481
2.37804878
2.35802469
2.12345679
1.87654321
2.15853659
2.02439024
1.68292683
2.20253165
2.03703704
1.98780488
2.3125
1.98780488
2.26829268
2.2962963
1.9875
2.58024691
2.24691358
2.13414634
1.79268293
1.7654321
2.2195122
2.54878049
1.87804878
1.76829268
2.19512195
1.95121951
2.37804878
2.19230769
1.97560976
2.8
2.14814815
2.54878049
2.02439024
2.2345679
2.2
2.425
2.17073171
2.09876543
2.27160494
2.74390244
2.0
2.16049383
1.7875
2.2962963
1.67073171
2.4625
2.32098765
1.82926829
2.46835443
1.85185185
2.62962963
2.25925926
2.07317073
1.82716049
2.67901235
1.90243902
2.3902439
2.4
2.24691358
1.77777778
2.24050633
2.07407407
1.81707317
1.96341463
1.90243902
1.82926829
1.90243902
2.76829268
2.24691358
1.97530864
