1.9
1.69135802
2.43902439
2.79268293
2.08536585
1.74358974
2.04938272
2.15853659
2.13580247
1.7037037
1.85185185
2.08536585
1.73170732
1.67073171
2.02531646
1.98765432
1.82926829
2.4375
1.8902439
2.12195122
2.11111111
1.8875
1.9382716
1.82716049
2.07317073
2.07317073
1.81481481
1.76829268
2.06097561
1.69512195
1.87804878
2.26829268
1.91463415
2.02439024
1.83333333
1.76829268
2.7
2.34567901
2.07317073
2.07317073
2.2962963
1.9875
2.4125
1.90243902
1.97530864
2.97530864
2.3902439
1.9382716
1.85185185
1.9625
1.88888889
1.76829268
2.6625
1.98765432
2.14634146
2.17721519
1.86419753
2.41975309
1.85185185
1.48780488
1.7654321
2.37037037
2.31707317
2.03658537
2.975
1.80246914
1.71604938
2.26582278
1.71604938
1.68292683
2.42682927
2.07317073
1.64634146
1.75609756
2.29268293
2.12345679
1.75308642
