2.4125
2.49382716
2.47560976
2.67073171
2.2804878
2.66666667
2.32098765
1.8902439
2.41975309
2.2962963
2.14814815
2.95121951
2.52439024
2.04878049
2.48101266
3.02469136
2.35365854
2.2625
2.37804878
2.06097561
2.2962963
2.5625
2.19753086
2.49382716
2.59756098
2.0
2.24691358
2.35365854
2.30487805
2.18292683
2.32926829
2.18292683
2.86585366
2.29268293
2.38461538
2.7804878
3.0125
2.60493827
2.45121951
2.07317073
2.90123457
2.6125
2.45
2.41463415
2.44444444
2.49382716
2.56097561
2.37037037
2.2345679
2.225
2.30864198
2.0
2.575
2.48148148
2.36585366
2.26582278
0.0
2.37037037
2.38271605
2.02439024
2.33333333
2.66666667
2.32926829
3.20731707
2.9875
2.39506173
2.87654321
2.26582278
2.43209877
1.79268293
2.45121951
3.1097561
2.03658537
2.51219512
2.3902439
3.27160494
2.77777778
