0.66666667
0.36666667
0.41666667
0.33333333
0.9
0.19047619
0.46666667
0.49450549
0.42857143
0.13333333
0.44155844
0.39285714
0.24242424
0.53846154
0.66666667
0.0
0.43939394
0.37944664
0.31578947
0.46153846
0.8
0.46666667
0.66666667
0.5
0.65454545
0.41176471
0.45454545
0.6
0.42857143
0.43333333
0.44166667
0.4
0.37878788
0.4
0.33333333
0.35
0.38888889
0.37179487
0.33333333
0.5
0.36363636
0.24444444
0.45454545
0.42222222
0.42857143
1.0
0.66666667
0.52777778
0.35714286
0.32105263
1.0
0.40526316
1.0
0.45454545
0.57142857
0.28571429
0.46153846
0.23809524
0.5
0.42647059
0.38970588
0.37878788
0.30909091
0.27472527
0.2
0.3
0.47058824
0.66666667
0.42857143
0.52727273
0.33333333
0.47953216
0.4
0.52777778
0.45
0.40909091
0.26666667
