0.42857143
0.33333333
0.2
0.5
0.35294118
0.4
0.21904762
0.18181818
0.38888889
0.3
0.21212121
0.25641026
0.33333333
0.7
0.22510823
0.31225296
0.24444444
0.0
0.2
0.16666667
0.28787879
0.33333333
0.33333333
0.18181818
0.24736842
0.33333333
0.36190476
0.29487179
0.25
0.39285714
0.37777778
0.16483516
0.2
0.32608696
0.66666667
0.41818182
0.0
0.28571429
0.38095238
0.2
0.5
0.33333333
0.0
0.4
0.26210826
0.41666667
0.28063241
0.1
0.32142857
0.23076923
0.20952381
0.22058824
0.0
0.28787879
0.27339901
0.2
0.21904762
0.2748538
0.28571429
0.52777778
0.30555556
0.0
0.26811594
0.25454545
0.66666667
0.66666667
0.39393939
0.29487179
0.2
0.3083004
0.36190476
0.28571429
0.9
0.26373626
0.26666667
0.21428571
0.52380952
