2.1375
1.91358025
2.24390244
1.93902439
2.31707317
2.03846154
1.95061728
1.95121951
2.08641975
1.87654321
1.7037037
2.19512195
2.06097561
2.02439024
2.44303797
1.77777778
1.81707317
1.925
1.93902439
2.03658537
1.7654321
2.3625
1.95061728
2.28395062
1.90243902
1.8902439
1.97530864
2.08536585
1.76829268
2.14634146
1.86585366
1.74390244
2.34146341
2.0
2.26923077
1.96341463
2.4
2.25925926
1.98780488
2.12195122
1.90123457
1.7875
2.075
1.91463415
1.81481481
1.86419753
2.17073171
1.64197531
2.41975309
1.7875
2.56790123
1.85365854
3.05
1.9382716
1.87804878
1.91139241
2.11111111
1.96296296
1.88888889
2.08536585
2.17283951
2.32098765
1.73170732
2.25609756
2.3
2.16049383
1.97530864
2.0
2.13580247
1.90243902
1.73170732
2.06097561
1.6097561
1.65853659
2.81707317
2.28395062
1.7037037
