2.4375
2.20987654
2.67073171
2.42682927
2.01219512
2.0
1.81481481
2.25609756
2.33333333
2.58024691
2.07407407
2.30487805
2.36585366
2.2195122
2.82278481
1.75308642
2.14634146
1.9125
2.36585366
2.20731707
2.2962963
2.2125
2.13580247
1.97530864
1.96341463
2.7804878
2.38271605
2.09756098
2.14634146
1.93902439
2.17073171
2.48780488
1.93902439
2.04878049
2.53846154
2.20731707
3.0625
2.60493827
2.48780488
2.0
2.55555556
2.3875
2.1
2.26829268
2.25925926
2.85185185
1.98780488
1.74074074
1.95061728
2.2375
2.11111111
1.82926829
2.6125
2.4691358
1.85365854
2.25316456
1.88888889
2.4691358
2.50617284
2.13414634
2.33333333
2.48148148
2.45121951
2.17073171
2.675
2.30864198
2.50617284
2.67088608
2.37037037
2.23170732
2.26829268
2.06097561
2.04878049
2.20731707
1.95121951
2.18518519
1.67901235
