1.435000001851613
0.970455513054547
1.4583333342824074
1.419580421024011
1.4900662294451996
1.0581983777875292
1.1901901904120338
1.32608695768431
1.2240781091052984
1.197080290048484
0.9638085585309825
1.2907801410190634
1.235714289437755
1.2097902105120053
1.1193844591220514
1.2672019313190477
1.3059701495277345
1.2598958340332755
1.1838235236040224
1.1126760554433646
1.2387914227180157
1.0712903239629552
1.2966345402647521
1.0255789567119642
1.1688311684854105
1.3379310375248512
1.124098123798467
1.1891891864937911
1.076923076040882
1.1986301394483019
1.1748251754266712
1.3521126710950209
1.2971014491461879
1.316901403408054
1.151404147079149
1.0620689669992867
1.2661764695951556
1.2955192952192898
1.5174825146755342
1.25
1.290384278100759
1.0961805561645448
1.4224489770759405
1.2617449686960045
1.2105672092528295
1.7087820604006183
1.4999999946052631
1.0458670639564867
1.4084809438803705
1.155851060550777
1.1142596750795675
1.1250000028472222
1.9368965549300354
0.9576242893529566
1.1063829730315378
1.112115730029121
1.1714285736040817
1.2975134735816676
1.4324346971943331
0.9858155993310196
1.0051146387237844
1.6641298862030955
1.138888889521605
1.1476510051601279
1.8662068996406183
0.0
1.1231864450576567
1.2037623069187569
1.1680911691367322
1.0928571457438776
1.2158273391480772
1.187050359415144
1.1194029844352862
1.0510948882391176
1.1751824773829185
1.1381739514547677
1.3272976737158766
