1.1627906725256898
1.0289473632460526
2.1590908845557855
0.9015151464772728
1.6325581063142247
0.0
1.2606060608686869
1.2391304129631382
0.0
2.073770486363881
2.425531937342689
0.9200968536258053
0.9714285974489798
1.5331468785312106
0.0
0.6209677506490634
1.4318181982190084
2.0879121279774284
1.33333332
3.454545504793389
0.0
0.0
0.0
2.752380906615874
2.3111111043703705
1.0810810799853907
2.592592576748972
1.7888888688703708
1.3793103223543401
1.0489220821537837
1.8958333172526043
1.6153845998520713
0.0
3.553846076618345
0.0
1.6703296327472534
0.0
1.7852684436133208
0.9479166631119792
1.6666666666666667
2.739726078626385
2.9680366055076015
1.0832024863341558
1.4232558222282317
1.4838709605619145
0.8196428360370537
2.506912397312324
2.0363409019135017
1.7460317774603178
1.8062499819375002
1.3333333333333333
1.2908208489504196
0.0
4.871794821827746
2.3511961542825484
0.0
1.3913043582608695
2.875362317215375
2.3833333346166667
1.2666666814444447
1.5833333011718758
1.3411764887335644
0.8076922928846156
3.399999966
2.228571422204082
1.8039215297193392
0.0
0.0
0.0
1.5333333052222229
2.5163398982929643
2.833333293666667
1.8658536321415826
1.7874214227205416
0.6746666615392001
11.000000110000002
0.6701939915063969
