0.9758561670571403
1.0053155019473976
1.1458333328587962
1.460000003608
1.1409395968352778
0.9488844480386712
1.026807762192643
1.0604026859303635
1.0802883408377
0.9297052156345349
0.9579915485736878
1.1931034516299641
1.1231884038594833
0.8741258713990904
1.0248357603577405
0.9718518544920495
0.9860139882595725
1.0811643865237381
1.0839160819110958
1.0342465755732784
1.0536659095649448
0.9413265289473136
1.1931216970729404
1.005551411008947
1.03846154290927
1.0909090877813097
0.855149149010874
1.047619045494007
0.9859154894604245
1.1428571446186897
0.9726027440345281
1.0559440526959754
1.0547945231638207
0.9503105617584199
1.058244187431343
0.9507042217734576
1.2512068986226872
0.9838288955202892
1.1094890513570248
0.9300699298293315
1.0398924978886255
0.9971088417738211
1.093333334936889
0.9735099379465812
0.9209533609283075
1.0927969945381646
1.0129870109124641
1.1128622698925894
0.938598644216341
1.0176259000126806
1.0255789567119642
1.0074626853798172
1.0068047336086623
1.0395227452508145
1.0201342304779064
0.8383641700116096
0.9842249652690139
1.0891443208372042
0.9776763087059624
0.9154929540864909
0.9666759460250599
1.3856930180547715
1.0638297826558019
0.9932885916751497
1.3552013428275977
1.1431930798827878
1.0467792037267851
1.0307665252948703
1.062603969893322
1.0342465755732784
0.9580419590444521
1.0156249974975586
0.9928057565415868
0.9929077967577083
1.1732283443214087
0.8527911979987866
1.0554242127505695
