1.1704391883983518
0.0
1.380281686399524
1.3018867906040108
1.7481481514776407
1.2905393466877892
2.0875266078690093
1.7746478833386234
1.5149286349931101
1.3688054226161035
1.3616762271351952
1.2681159406080655
1.2173913051228733
1.1643835638750235
1.2429250987714808
1.8821074568189733
1.2642857193479593
1.916609594292081
1.2867132865528876
1.5944055907164163
1.6981282362556493
1.6067567556711104
1.6872427976040238
0.0
1.4100719420216346
1.33088234731077
1.4039830548257206
2.044776118398307
1.2361111133256173
1.3040540550648285
1.3862068976047561
1.8000000023428573
1.6643835638750235
2.0000000058571428
1.3620383805486842
1.1642857175908163
1.909892087704958
1.670724338226168
1.450331130934608
1.1891891864937911
1.5113893206849758
1.2566780856347344
0.0
1.269503542923394
0.0
0.0
1.5555555580864198
1.5359727553698859
1.9877444296547169
1.4276785740799744
1.7612041318115181
1.1849315114655656
1.7551369911099644
1.749223143436748
1.302158272447596
1.4847849841338958
1.1645283639232458
1.7510844181411593
1.2877632503724261
1.3435114445521823
1.3919753075812455
1.6967483858646508
1.4857142909020409
1.3846153859386767
0.0
1.6636449972511078
1.5619047667578232
1.3839662432664543
1.7800977711866166
1.4014598489903562
1.7323943632691927
1.3188405820352866
1.2237762222524329
1.2553191480700168
2.2896551774449465
1.584541064093678
2.032027197522307
