1.3224376578626624
0.9978991428571428
1.5809524
2.777777811728396
0.6296296478189302
1.9833333276666667
2.044444394185186
2.1428571612244895
1.8873354873501753
1.4615384643491125
1.2584745480680846
2.5948717679250497
0.7903225498335072
2.819444456662037
3.642857080408165
2.6149425061930245
2.533333391600001
2.3103764784951446
1.561224517303207
1.4662149461872496
0.0
1.9896825334914021
1.7314814906481482
2.7058823338408304
1.3571428164285722
1.3366336600313695
1.3086734373979598
2.8148147725925936
1.7897727701526995
1.77513914611551
1.99500000277875
1.2499999718750003
1.9454056501597807
3.1467662087001567
1.4576720101704892
1.0069930153846154
3.4809917544072126
2.850877254126271
1.8205575091314696
1.761140827070008
1.570512801442308
4.130434836483933
1.971428546081633
2.7631579092797787
0.0
0.0
0.0
2.830882383664577
2.4444444811111112
1.7460317774603178
2.0239999846176002
2.095238110952381
0.0
3.186147241904763
1.436974806821552
0.9467213260642303
2.571428633142858
3.300000051975001
1.392045453799716
1.9044534247623792
2.137784119340377
3.5633802952410236
2.104761886952381
0.9051724013079668
3.9230769351479293
1.2587064759278237
3.428571454285714
4.545454545454546
0.0
1.9414484048862657
1.1818181785950412
1.7187500143554693
1.5584415250463826
1.6235294222698964
1.4968815141681184
1.7251462
1.847290655172414
