1.154833335027089
1.335434723871107
1.4892086318627398
1.55797101410523
1.2836879377767718
1.3453469621844212
1.1964085273027085
1.1567164174537758
1.2857529052345573
0.960430516190737
1.1691879664746119
1.3165467652637026
1.1690140802777227
0.979310348103686
1.184355732989539
1.1012679333099542
1.095890412728467
1.209352518855649
1.3134328349075517
1.1985294095923444
1.254738306470865
1.4915517266067064
1.226882515140499
1.2832550826198506
1.2805755420723566
1.2846715287399435
1.1310344846306777
1.2042253479646896
1.154929575512795
1.229166669988426
1.1304347795085068
1.2260274010302121
1.139860140341337
1.0629370643004548
1.3506054128336697
1.2805755420723566
1.2588926179566011
1.1380161795387855
1.2344827610777644
1.1986301394483019
1.1810699571839278
1.128187919917391
1.38061224245606
1.4166666685648148
1.2003527382292265
1.1559408069335013
1.16216216380935
1.378513260912019
1.256457401116433
1.0877551001168957
1.1330226485466797
1.0544217654819752
1.595198679511096
1.1354688035571159
1.0780141833247825
1.3486609815601915
1.1588693945757669
1.1901901904120338
1.2051734268479926
1.0208333357060186
1.2711408176628147
1.3222474149402426
1.2027972046417916
1.1986301394483019
1.1903225821810615
1.1318150461168766
1.190575552917337
1.2155229840766681
1.1774800783617585
1.2888888918584365
1.172661872498318
1.2773722598465553
1.1347517685538957
1.0
1.2965517280770509
1.1113794947341828
1.1043771060954533
