4.714285761428572
1.6564102527889546
0.0
3.6428571272448975
1.305220846893599
1.4173669516422254
1.1893162318310324
0.0
0.9428571230204082
1.567071289764795
2.080369820131387
1.7674418563547865
1.5024077220001082
1.5519031482865873
0.9454545286942148
0.8242424202460974
1.530612229279467
0.0
0.7199999942400002
4.27499997541875
1.5340908987861572
3.1224489592003333
0.0
1.53846155
1.326241113023993
0.0
0.0
1.5977961454545453
1.3499999831250002
1.9736842364958451
2.709677454318418
1.3737373533394552
0.0
1.2500000164062504
1.4999999999999998
1.5853658681588345
0.0
2.085365869934563
2.5904762152707486
2.876712368174142
1.5679442752188326
1.5937499596582037
0.0
2.0491071183105474
1.6972222423240741
0.0
3.1446540538744516
1.993355526046899
2.663157926507849
1.3998202958500738
3.7037036888888886
1.6106750249293567
0.0
2.7499999531250006
3.680000005888
1.3999999748
3.358024737997257
1.4901960836908883
4.553571309528064
1.7272727494805196
1.4666666666666668
0.0
1.8054298736438645
0.5090909000661156
0.0
1.4444444348148147
2.1703349577386053
1.1309523612654324
1.52830726090777
2.4291498477519715
3.3750000337500006
2.09090909946281
1.7647059031141872
1.6381766183000954
0.0
7.000000140000003
1.5979708000244481
