2.2168674638699377
1.2291497749361573
4.166666666666667
0.0
1.1403508747922437
0.0
0.0
2.0
0.0
3.609374961650391
0.0
0.9000000226800005
1.0379487149546351
1.5400000221760004
0.0
0.6333333574000004
2.3011494053055888
0.0
0.0
1.321138210254313
1.6874999789062501
0.0
0.6912568426130967
2.5
2.156028364493738
0.0
1.5810810714663985
1.315789477839335
1.3801452643370131
0.6052631674515235
2.46774192433923
2.200000022
0.0
1.4528301705873976
0.0
1.4615384643491125
0.0
2.3265306044106624
1.1848072589615437
0.0
0.0
0.0
3.378378319211104
0.0
0.0
1.016949135305947
2.1249999787500005
3.257142914375511
0.0
2.961538464272189
0.0
1.6315789407202217
0.0
0.0
1.4666666813333336
0.0
1.5384615198224854
0.0
5.133333459955559
1.340206178658731
1.1150442326901089
0.0
2.139534914321255
1.1774891894424766
0.0
2.648076931224852
0.0
0.0
1.6630435046526468
1.2522935670053026
0.9615384599852072
0.0
1.3714285458000004
3.870967791883455
0.0
2.500000037500001
1.6249999956985295
