1.1081081073593866
1.1995602946563295
1.4344827633398336
1.1678321695564575
1.3863636360812672
1.0930548492408003
1.489175165149634
1.2068965528941735
1.2550312897398117
1.36119452502622
1.1056825127498369
1.1258278164755933
1.6000000011310345
1.366666668671111
1.3138001229013705
1.0710323870705656
1.1258741228666438
1.296938773216299
1.3698630173146933
1.2605633785736958
1.4866614843431265
1.2687062929965278
1.3842277619054473
1.2454036772988515
1.0657894738261773
1.1408450707478675
1.5527708163751068
1.3687943243438458
1.1499999997071428
1.2397260290129481
1.0337837838960922
1.105960269935529
1.2071428595275508
1.3897058792052337
1.3279352193959086
1.4539007050953172
1.19102112474757
1.3138954524428497
1.3916083918088902
1.2517482514675533
1.244911577266952
1.3915562948926583
1.3875850315593734
1.5704225353739338
1.149735450135223
1.198830405949523
1.5600000041546669
1.3427640603293134
1.2779966667290874
1.0605902783669947
1.3079210605274258
1.0536912776055132
1.4126602596702416
1.1415812926479962
1.1594202880466289
1.3956551468948275
1.226882515140499
1.1977047426235976
1.3893571736099704
1.3405797089823568
1.2995359381573448
1.2262215245472314
1.0758620682634958
1.4305555552391975
1.3039115623196122
1.2567049816662703
1.2706683714824856
0.991098407988514
1.6939917708845214
1.157142861577551
1.0204081599639039
1.2777777790432099
1.1944444476080247
1.0839160819110958
1.3383458659132796
1.1862455484061394
1.4033205634261856
