1.340924661208013
1.2779966667290874
1.7746478833386234
1.6056337972862527
1.3455882332990916
1.270005164404029
1.2955192952192898
1.3379310375248512
1.518518521260288
1.298595151114916
1.2459639141281322
1.5744680787958354
1.6071428606989795
1.1066666661564444
1.1438904647795134
1.1944222420103756
1.4265734268942247
1.1038461563934912
1.3475177262481766
1.3680555538155865
1.5503755473844054
1.2830419573241723
1.4757433490550818
1.4087887393517264
1.581081081904675
1.2971014491461879
1.4400973716505396
1.1292516965060853
1.4093959738561326
1.2500000014642858
1.335714285337755
1.5144927542690612
1.7826086948771267
1.4113475147195813
1.2462217698911542
1.3214285733112245
1.5834482784829487
1.6636449972511078
1.5933333376702223
1.6159420311814745
1.529443111747801
1.4743150725323702
1.5008928599302296
1.517241382235434
1.5723666863195271
1.5474426844452507
1.606896551763139
2.010125236122392
1.1459190684143996
1.1427364857143674
1.3666666672523808
1.1619718278952589
1.5410839152217712
1.297704863475586
1.4055944035493178
1.530347295967468
1.140576131672845
1.5359727553698859
1.2620576175843512
1.2083333342824076
1.3100944067806186
1.6494863153009867
1.3971631140506011
1.6319444461844137
1.6126666690319114
1.3291341207784022
1.38047138118575
1.6411221356478904
1.2227032249929097
1.3525179884550487
1.3698630173146933
1.208633095689664
1.128571431667347
1.1928571475010206
1.3768115931695022
1.1465793629729868
1.432281666526214
