1.2358590896921362
1.2470423343044332
1.3632619445500498
1.3467361227437118
1.3807208716874495
1.2007131942120621
1.2613445652513262
1.2462548393171797
1.278592592967155
1.220019329291572
1.2122506329245528
1.3369839928369254
1.2847749110991629
1.1589041091945436
1.2689695320891594
1.271648256654851
1.2281420760354962
1.2239566084220508
1.286198136856296
1.2105088132609803
1.3045537607455102
1.2367107010179776
1.2463424424702823
1.3145210631685045
1.2789849064785659
1.2533829492687958
1.1835314539883643
1.276560147128749
1.2102503380690648
1.225004229211385
1.2126195671599704
1.2777409743098207
1.3004378582917189
1.3057547951790047
1.188008525193238
1.2452893671315926
1.364440463045019
1.2919588490933278
1.3297520667326768
1.253407369641783
1.213595121319988
1.2586533710860153
1.289649520622221
1.2686935089105202
1.2436364086073384
1.2972763055560759
1.3065318571312832
1.279783688697256
1.2733886615969299
1.164305153957548
1.275816850212961
1.1735036990304777
1.4021150527844835
1.2430773293097912
1.2460519606285003
1.2318989852932185
1.2310704966633443
1.3328185046400354
1.237552526599991
1.1895253098240257
1.2122782252196644
1.3978223302317951
1.236584947173563
1.3477406676865602
1.4388136427226257
1.2334579455523547
1.2085445421693004
1.2030333126627706
1.2820892305621547
1.2426648254072867
1.253344623255342
1.2136766998743744
1.2057416262522036
1.1411330867613763
1.36805078881555
1.0987739733182313
1.2719837959177267
