0.0
0.5727272514090913
1.7843136772087667
0.7196969759125343
1.1538461736263739
1.9499999536875012
1.1036789169405266
0.8863636064488642
1.2214285879857147
1.3014353852051619
0.684523802450397
3.97798732966477
1.2624584877617244
1.6112531719782057
0.6830356991613524
1.2037618037047602
1.3971831111858761
1.679012343813443
1.7543859881809791
1.433962256034176
1.3487603284219383
0.9000000090000001
1.3739669343867393
1.4160919778279826
0.9369654562575619
3.200000067200001
1.5896104255658634
1.1543478329560493
1.713636351557025
1.9067796827348464
1.608510629741965
0.6333333574000004
1.0807017536749768
1.8468241938787264
3.809523828571429
1.2556700828985017
1.704260693966496
2.437499961914063
1.1515151169696978
0.9533333026533338
1.300000032500001
1.4329502400845564
1.3941299751275662
1.9223880986821122
0.9194805286441557
2.088089305408629
2.426666656586667
1.0
1.5476190651587303
1.7526777183883255
1.0784314009227225
1.530735917426735
0.7142856999999999
2.5909091191735536
0.9744816616325938
1.1659090977985536
2.0119047500396827
1.6927083545735682
1.630434788563327
1.6666666666666667
0.527083349870573
0.6058673561133383
1.2856359997755626
1.552287580420992
0.5657142452914297
1.5
1.5752895411228223
2.527777795472222
0.7940161312569376
1.394871774842867
1.180165301310293
0.8920354062228836
1.9719101400549175
1.994505499945055
0.5887850648877633
2.1428572285714305
1.355731209664032
