0.9613793119360761
1.181069957747361
1.098591544903789
1.2040816331084272
1.0647482029242792
1.2164835205448978
1.2672528663793186
0.9858155993310196
1.0961260100901395
1.0191858502573068
0.9718518544920495
1.1666666645959596
1.1063829730315378
0.9712230202670669
1.4076642985141488
1.1077115753154878
0.9852941140116782
0.9613793119360761
1.197080290048484
1.0073529399794552
1.1352733678226505
1.067413794870202
0.9376087480285672
1.121053941927941
0.9794520580258961
0.915032677321543
0.9844189028707623
1.0140845047649276
0.8581081087445216
1.0600000014213333
1.1172413833664685
1.0
1.043478259836169
1.1448275858948869
1.044871795
1.061224485469943
1.2272108821831644
0.9568746834434922
1.111111110478395
0.9790209766550931
0.9006385696286431
1.1011824316883903
1.0397482021868691
1.0694444447608025
0.9583539110055858
0.9988477359983101
1.1476510051601279
1.102486049047907
1.0991181678983624
0.8977586221756004
1.060882804139405
0.9931972744338007
1.1081081073593866
0.9718518544920495
1.0833333314351852
0.9864440217405843
1.0922677053563488
1.3430452675697997
1.1468531462115505
1.1205673737005182
0.883110058771319
1.2671537738131975
0.9928057565415868
1.1538461520817642
1.2125816983953608
0.9590643269175131
1.111456441336248
1.010109592889977
1.1231864450576567
0.971830984695497
1.2214285715540816
0.9503546063819728
0.9714285759469388
0.9733333320942222
1.0780141833247825
0.8661781220666912
1.0615569273953094
