1.7727272915289256
1.2187500034277343
0.9047619112244899
2.3863636309400826
1.3574660769230769
1.9487179287310983
0.8659226121237676
1.0389610285714286
1.6527777659722223
1.0909090909090908
0.7424242238636367
1.208791237802198
1.2345678888888887
2.4818181998677686
0.97546899991823
1.3258740866788603
1.032863816438538
0.0
0.7714285692244899
0.7968750037353515
1.5113636512784092
1.3764705867778546
1.8039215378546714
0.927272724490909
1.0317073207352767
1.2925169780508123
1.5380952146190479
1.3760683808547012
0.9539473521035321
1.335100452885982
1.4679365232819956
0.8600095154780953
0.7317073259964308
1.2013730168493317
3.636363720661159
1.3751748187243815
0.0
1.2063492003174603
1.2698412666666667
0.7906249902407227
1.924999998075
1.1290322285639962
0.0
1.3999999790000004
0.8440774360125092
1.6826923049741125
1.234782589182609
0.3372093070308275
2.4107143352678584
0.9096340568253369
0.8979591985422742
0.88235296
0.0
1.155069215570774
0.8692686445048144
0.9562499853574222
1.0952381
1.0383365870074361
1.0714285741071428
1.7929984776197325
0.8789954405548258
0.0
0.928475581176095
1.2165775139096415
2.8518519120576142
2.655172438513674
1.7486084882880248
1.0495436628798092
0.8161290273876171
1.0046340518494121
1.6771196481459452
1.0181086710547793
3.1773913214781095
1.059131320090537
0.885207117051854
2.1428570999999996
2.2589285352343755
