1.422279055459555
1.2739463530252235
1.5314770165793903
0.0
1.4685314615893197
1.484238610832734
0.9193053941651079
1.4583333096354167
1.3579096247975677
0.8933830914255414
1.3999999748
1.152380948190476
1.285714317857143
0.9741843918138633
1.5714285714285714
0.9743590055384621
1.1586674189852384
1.6851851496090537
1.0201863185137534
1.0872780991607875
2.412878706444131
2.432282044862974
1.52564101474359
1.1111111214092142
1.2019231125300487
0.9134615135817311
1.0549595659342552
1.1076923360769233
0.9431787488525932
1.1167163465032452
1.1033799170657421
3.0444964420758636
1.3144654133143467
1.8537037193096713
1.4600985240928923
0.7314822013188854
0.7125000101531249
0.9166666891666669
0.9743589994871801
1.0555555738888889
1.9585610056824632
1.0616666504383334
0.8035714024553574
1.0287081363636363
1.2555879193193316
2.2622951101531847
2.470588264359862
1.0957324401187332
1.8426501142857143
1.753846179569231
1.326797396181139
1.5858123449235217
4.333333463333337
1.1294117463944635
0.8654545213454548
1.6746794101662685
1.7217391086011342
2.8687499560722665
1.718749962445313
1.0414066725849787
1.2886003133670036
1.5060975680963713
1.5098039288956173
0.7246087383049273
3.090909012231407
0.669312176536491
1.5979457218799273
2.6731234292559622
1.270381237506798
0.9754737937448501
2.2222221919753093
1.021952913927494
1.263116980184633
1.6885964825184674
0.9477352003059403
4.355555470518521
1.3397435833974358
