1.2670138895927856
1.4795821433680658
1.3378378389609205
1.1437500027867187
1.2464788738087682
1.512118021814022
1.4599815205469715
1.314685315768008
1.3044991303239593
1.303568409735804
1.2272957950062897
1.3405797089823568
1.5306122427349715
1.2567567542859752
1.3507889747966824
0.0
1.6028368743181933
1.6812949652383418
1.335526315434557
1.3034482787091557
1.2415560229234661
1.6166107389060178
1.2308375512452068
1.5632821025411336
1.678321678361778
1.349315069724151
1.3067156953000973
1.380952380686751
1.3071428612846938
1.4507042217734576
1.4335664327644384
1.5673758813691463
1.3333333314351852
1.1148648630304967
1.2864372421039314
1.5833333314351852
1.635787675714487
1.3638545970076972
1.4571428609918369
1.356643356723556
1.310951238640972
1.094727889220209
1.1132450359141264
1.160839157951978
1.4033205634261856
1.5569178400942087
1.0264900674838822
1.4060356646700198
1.6751043604856866
1.0952054824526178
1.434156380241198
1.2260274010302121
1.2588926179566011
1.3810808654623228
1.443661969390994
1.290260194883478
1.141436736969706
1.518518521260288
1.61975309015097
1.3103448293412603
1.2308375512452068
1.3005316754298033
1.2244897930723309
1.3377483454857242
1.2370689675648037
1.3473129947648608
1.5553920400731722
1.1823287816508936
1.3596467502253846
1.401408449321563
1.2700729909531674
1.1619718278952589
1.328767127750047
1.415492954086491
1.5072463786200379
1.263969171602348
1.7769144413835443
