1.3248299296295525
1.4158167827177608
1.5472972980085828
1.5319148884200995
2.2448979530362347
1.590940173133379
1.3520589927592184
1.492857146915306
1.6223488466926
1.242741591850055
0.0
1.425531909572959
1.234899329893248
1.2230215826064903
1.3407173004670654
1.3544487047246048
1.2230215826064903
1.5540322600697192
1.638888889521605
1.2857142841205054
1.3883597907212395
1.7059440549896816
1.3849451336860807
1.3928245938494594
1.3486842080418975
1.4827586234197385
1.5362168711685498
1.398601397679104
1.32608695768431
1.6845637592018377
1.5555555580864198
1.3082191801595047
1.7194244638269238
1.6180555538155863
1.3993416508112557
1.3466666663751112
1.5822147657378045
1.5645342293345263
1.3698630173146933
1.3028168986431266
1.5256477116467926
1.349032259805203
1.5521428600254081
1.276595740350083
1.3893571736099704
1.411580589726906
1.6040268482969235
1.2672019313190477
1.691962355417084
1.2721631169584025
1.5390390392303792
1.2285714334244897
1.4932098735936596
1.5253586911315145
1.3600000030613335
0.0
1.5448132129986527
1.7083333342824074
1.476337447903521
1.242647055498486
1.3426144810138596
1.929325459740873
1.4014598489903562
1.313725487989235
1.4219653162751846
1.5684228787575951
1.203487868277769
1.5746146531333345
1.7196008869030162
1.44202898589477
1.0909090877813097
1.2814814856208505
1.3537414951566475
1.0921052590408586
1.5547445256785124
1.1261596880324074
1.1478003800318868
