1.4700193339149759
0.7441176569074397
1.0052909932275136
0.6180773319251972
1.0443974766409363
0.7291666766927083
1.0125000101250001
1.1377005427540108
0.8427419634274196
0.968070665751104
1.3232142592500005
1.6843749941347659
1.241830065115981
1.085936059275474
0.7424242619490358
0.7878787740909092
1.578571406714286
0.9112426207938098
0.83660132
1.1695261136184352
0.65115438062019
0.6267280883603392
1.194852940704818
0.5506072829575963
0.7103513781660864
1.0410497127306515
1.926879662333379
1.3959183549387755
1.0849492248019632
0.7931869350076347
0.9813486544885749
0.8937500111289062
0.6686777359674287
2.3314286023200004
1.583333384375002
0.7205882141911768
0.36666664760000023
0.7134146594638611
0.648148153909465
0.8213391905759863
1.5927360783747693
0.6493506521335807
0.6800887618056248
1.2941176652249136
0.706493489263716
1.339393972550965
1.696969687327824
0.8479338676471828
1.8181817999999998
1.0983673485760932
1.9743589993675221
1.0624999742187504
1.8333333119444448
0.5798319249283241
1.760443322780681
1.2954545195454552
0.9594356322320204
1.75
1.4244755285807376
1.1459129071959364
1.0039615344579087
0.6476190551177946
0.8489596015794597
0.5163265413075798
0.0
0.9266409199102578
1.687499964351563
2.0312499680078133
0.6283068751886145
0.9307781110431556
1.1278195806292048
1.0310063693817084
1.6197183027415196
1.1910058946932487
0.7660878453248556
1.4464285301020419
0.611650503251956
