0.0
1.6444644314541357
0.0
0.8749999917968749
0.0
0.0
2.389610377972677
1.9047619000000002
0.0
0.0
1.4528301705873976
3.8863636593285125
3.12000003744
2.5490196417531723
1.8333333740740747
1.5617283441609522
0.8666666786666669
1.6589862020514345
1.4391534483480306
0.8333333499999999
0.0
0.0
2.11111106888889
2.2666666440000003
2.7586206653983356
1.777777766666667
0.0
1.186046506663061
2.813852791378535
3.857142846122449
2.196078443483276
1.7142856946938776
3.5294118062283744
2.951388840486112
0.0
2.0
0.0
0.0
2.264114806365651
2.9080460151169247
1.295454548538961
0.0
0.0
1.8300180958179781
1.916485104816832
0.0
2.863636357128099
1.3475177227553945
0.0
1.69166667240625
3.64285719489796
2.380376316278399
0.0
0.5958188080649273
2.019230749815089
0.0
1.9500000045499999
2.82051279122288
0.0
0.0
0.8611111200810185
1.222222222222222
1.3650000273780003
0.8380952259428572
2.785714364642859
1.360215032043878
1.9298245456602032
3.8315789251855956
0.0
1.4989374179325656
0.48484847272727266
1.7004264103689977
1.6764706109169554
2.1935483531321545
1.2574849940227337
0.0
0.0
