1.2235294155432526
1.1851784571319366
2.1969410052705913
0.8333333275000002
1.2630277236855298
3.7916665955729187
1.0310294206868824
0.8943738734950806
1.2974877162141931
1.3333333100000004
1.0894071744154223
1.8125874332694998
0.8080807999999999
1.2923661641422468
1.342105254432133
0.8846153916923079
1.6129032258064517
1.0985155243184885
0.99064171403561
1.2759999982986667
1.3964194664828204
1.5872093392374265
1.4068627753748562
1.6775599268845318
0.9164706037661177
0.595975250505133
1.5476190214768344
1.489087310462136
0.9304615390325035
1.8370370061432106
1.1400000076949999
1.3008447370691651
0.8916084020645264
1.5968441558947053
2.0618736924816283
1.0263158134210528
0.9714285677857143
1.431233071017376
0.8541666821614583
1.393464088721569
1.2758620427467304
0.8055555564583333
0.9781860145997914
1.0493087611573508
0.992863523704622
1.2693602497848862
1.034384785591139
1.2990729056827535
1.2068965230083237
1.1331707401629982
2.4418605219037333
0.9300699462555628
1.7843136772087667
1.2553846192473372
1.225589214001746
1.7141052891425688
1.08187135
0.9068627511642157
1.944444458169935
1.312500020507813
0.8540510480815864
0.496031767000361
1.1116666807638889
2.098765467544582
0.9538950681906071
1.1112414240140007
1.885714308857143
1.61764704
1.0823529521193773
0.7701674184174643
1.4184210339681442
1.2417391550155013
1.1886792565290139
0.8031746146984128
1.756198352826822
3.077294691363392
1.409340649883242
