2.3099999621160006
2.1035598606450496
0.0
2.6000000086666666
0.9917355454545455
0.8695652196597352
1.6610169666475152
0.6333333574000004
0.0
2.543778808613052
1.6999999830000003
3.387096719562956
0.40540539992695407
1.1733333472960001
2.065306115283632
1.0708994744266398
1.7175140902709953
0.93750000984375
0.0
1.6452991246877056
2.7444444889333335
0.88888888
0.9726898488497228
2.672955911831021
0.0
0.789473694598338
1.2608186923576488
1.2499999718750003
1.8095238565714296
2.2510822305054257
0.0
1.1136363552840909
0.8970426939477959
1.6905222582575414
5.9999998800000025
1.7752913529701755
0.5384615260355032
1.1320754993592028
1.010989003523246
1.5838509694828522
1.7164179217197597
1.2941176710380622
2.5955357115756694
2.4285713982142862
1.9480519636363636
4.444444444444445
3.7916667203819454
2.144067806058604
1.44444444
2.0854781311043715
1.3812499841621098
1.7272726754545464
0.0
1.4609848798832075
2.47500002475
1.3386243129142523
2.367857137575
1.6190476517006807
1.5873015714285714
0.295312498800293
0.9009623833119991
1.1435028441917074
1.526785743231027
0.0
0.0
1.642857124375
1.3140096258433107
1.7455242837151117
0.7083333404166665
1.3939393787327825
1.8758621051890616
1.1153439134069034
1.5384615169230773
1.6985294369928639
0.8817391274622307
1.5555555711111113
1.281355941107728
