1.990476211828572
1.3933333710800004
2.5352112318984332
1.1929824643028624
3.4999999761363636
1.6363636295454547
1.4416475973467422
2.8483244797439418
1.2651162814234722
2.202352947103391
1.3982684311688318
1.0084615246236923
0.9188348178489931
1.0451389008365886
0.6588516681489549
1.658653811736779
1.9116883618701308
3.2380952400577203
2.097902115384615
1.981859381854783
1.235224609511594
2.0737926913973745
2.0652174182419665
1.7307692198964497
1.1965812372649582
1.0452287899610784
1.2231405034410219
2.33955224408053
1.943661947740528
1.6704213833263213
1.462857143405714
1.420940169079416
1.9603801551413773
1.7234848204782198
2.831111098168889
1.8846153749230767
4.885714347134694
1.8992695245026423
1.2527472464835165
1.2734042607378904
1.4202657825144864
1.7141350565080387
2.35714279912088
1.3922356013451396
1.6632928526049435
1.576086935895558
1.9999999625000007
1.6262930971822978
1.186046506663061
1.1535714232209822
2.580645207492196
1.83908049678161
1.657894745567867
2.16029902604825
1.5521855303002012
1.9743589409467457
1.4471243349589191
2.437499961914063
1.748847922574699
1.9265866276284023
1.6297817799273615
0.0
1.0208771936015235
1.5238094911564628
3.530769241633136
0.9887005762328832
1.1819398306339979
1.4838709605619145
0.8119658000000001
1.2516469000000001
1.2283281532491448
1.4442789909821832
1.4909090580727273
1.7616659005542654
2.4803922020934266
1.7422222020622224
1.7625000326250002
