2.9142857818441574
1.5050024746328388
1.520137330871058
1.7777777714285716
1.3463414601308745
2.042042084869735
2.2488889389777786
1.7797618557043662
0.580985915149276
1.7730414639144494
1.8759560739402386
1.8333333333333333
1.1941176332445216
0.9488372266792863
0.0
0.7518518561958847
1.500000017647059
1.6689342330115537
1.9194424472389917
3.3333334266666688
0.6129032436004168
2.2616407809328862
4.371428570179591
2.6538461130177518
1.6499598275118816
1.7832647228911582
1.8000000146666666
2.3076922721893496
1.9117647171280279
1.457746460805396
1.4637037211757038
1.0285714520816334
1.4920512461222886
2.6228571421077547
2.414285720971429
1.1489899165381083
1.3194444518663195
2.55863542624829
1.3553571379627978
1.2689655182259214
1.6521739345935733
1.0826210761253563
1.2499999898437502
1.134052355421379
1.7105263439231306
0.759740259999262
2.500000023437501
2.619047607142857
0.5555555666666666
1.8900000325080006
0.0
1.8720588616970595
5.217391213610587
2.5816326876366626
3.2307691997041426
1.079365105149912
1.741551939689106
1.272727290082645
1.50639385723396
1.1750000217500003
1.4650054499861567
1.2339743650579387
1.4410583320354418
1.2761431729654327
2.1875000451171887
2.533333391600001
1.788042427321315
1.5730219032848745
2.029999989444
1.031346763405369
1.8169399013392455
1.6206316660628255
1.5022461764023802
2.757575791418733
1.4237288183855215
1.285714248979593
1.1103896216056672
