2.0266666904800004
1.108333328375
1.8336247075358258
0.6194331905561473
1.0483333115166669
0.786713261848379
1.228183594393957
1.5285554430392416
1.2901155523184824
1.4100185553096565
1.4037575406936456
1.1842057119442664
1.1141304235733698
1.798512497606724
1.3356009381114353
0.7841269826137566
1.0284325964005359
1.599251836592561
1.463636358290909
1.5988965424088277
0.2872474949026729
1.38562092
1.3424342038616364
0.7857142778571428
1.1097204728073213
1.1916666672986111
1.536472800537494
0.7664128264196687
1.4172973080227904
1.6041666778958334
1.507797233802253
1.0905982758027613
1.3970588484981228
0.9367646915632353
1.3852813818181817
0.9956896414387636
1.3235765065172647
1.369251697688008
1.0171879357211493
1.4935064888979592
1.2904065091007735
1.1753086356323732
1.0084033883341574
1.8857142222857157
0.8411067211399209
1.5686275142156878
0.9354838384183147
1.021220137638343
0.8946986483034782
1.8113552684584868
0.5884615203663462
1.290322584391259
4.789473656481994
0.9053571541989796
0.5322128797275772
1.6537717506543481
0.7764705809273358
0.7428571407346939
1.6377005454545455
1.6082015980942972
0.5131579125623271
0.5500000055
1.3974937561683158
2.057142896914286
0.37012985902597423
1.9166667203333343
1.089426880691082
1.1484009707679754
0.9910968510473983
0.9583333491458335
1.0342598685083502
1.5292307561088756
1.5487842745058404
1.2799999892053333
1.2167029015592405
2.2631579326315796
0.8653846195913462
