1.9000000178125003
1.010204071399417
0.9340659444125107
1.8840579324511664
0.7801233326024897
2.1249999787500005
1.5678733261219058
0.7973421884029978
1.0303030291582491
0.9812409695595409
1.525423739069233
1.489090920010909
1.0791666388125005
1.1999999935384615
0.8602150562608394
1.1948529388531455
1.5343245132066166
1.7416666749166665
1.2134453881819083
2.400000009
0.5310558859593574
4.371428570179591
1.125
1.859113323831154
1.24337604886948
1.321641812940633
1.3186813474097336
0.6689750798148418
1.9589800608993566
1.607692299881657
1.1400000076949999
0.8333333145833336
1.0835164771648351
1.243537001002398
3.2653061142857145
1.3084444628935112
1.0239382141352398
0.8769230593846158
0.7954545500437062
0.8256740110709637
1.862903214689126
1.0279719997310384
0.9090909000000001
0.8002904551053021
1.175510182355685
1.5377874753390788
1.0069929999731038
0.7096171872291772
1.159663890444884
1.2459016454716474
1.3574660630290125
1.3785166466300587
1.3764705752802768
1.0212613220121423
0.7205651593698138
2.905660384759701
1.0027548182018533
0.5717717955256882
0.8742857140359184
1.544117649664522
1.0714285832142858
1.57528960097673
1.2365079494259261
0.957983189807217
1.1930232477679825
1.1603375843080708
1.6450000008399999
1.4438502581786727
1.448275842092747
1.6849816540502358
1.3951048685442446
1.1304347948960303
1.0832092352303082
1.4973262058508967
1.0805194740556585
3.301587161269847
1.5164834887535323
