1.6582802516083817
1.052571335099186
1.251700678602434
1.3055555580864198
1.581081081904675
1.3052830833444093
1.082647464073693
1.0067567556711103
1.4431310693811883
1.0458670639564867
1.1325617280241318
1.139860140341337
1.1142857137836735
1.151079136223798
1.313892003519336
1.226882515140499
1.1824324308226808
1.164107145019056
1.179856115956731
1.0845070401388615
1.324370034998274
1.0468085076686284
0.9313580240326584
1.417283953242401
1.2551724186292508
1.3402777804668211
1.0528395099441648
1.1292516965060853
0.9594594604327977
1.136986302293113
1.2142857155408164
1.095890412728467
1.3947368375623268
1.6938775503373595
1.389456694607297
1.2394366156516565
1.1514610392601197
0.9920987642550781
1.3194444447608025
1.0196078399846213
0.9846101837934526
1.1629807719145708
1.2777397295280541
1.217687073084363
1.1185357823113085
1.1519795693550006
1.3333333313947988
1.0123456841434129
1.0760597421952112
0.9758561670571403
1.0257542342369974
1.365671644805079
1.3398692799948737
1.1240014487711725
1.0140845047649276
1.2790526767471648
1.181069962132236
1.2485596740978877
1.5220581892184288
1.1397058776978806
1.1240014487711725
1.181069957747361
1.0431654666497594
1.547445250799723
1.3760274010302123
1.0907668219592674
1.1691879664746119
1.1024007009970769
1.1459190684143996
1.3623188418714554
1.3877551006747189
1.09219857817816
1.3913043444675488
1.0935251826572123
1.3028168986431266
1.0180651419951143
1.1539324871866112
