1.3043887072532059
1.2516046250195687
0.7626050690546221
0.5055555499944444
1.1525423632289573
0.5829959448769855
0.96842104
1.0547944967066996
1.2749999799187501
1.3900080815069602
1.4514620151241067
1.0716063162989193
0.9256571464684638
0.891393442988276
1.3411764830138406
1.2418300529411768
0.8783783750036523
1.5217391086011343
1.0826602452927816
1.0353739887811582
1.0961538298446747
1.2191666376713546
1.143610042872201
1.3434343242424247
2.260416627565105
0.8418972384189725
1.4200000235600005
1.0975207810033747
0.9456521923440455
0.7504702111318325
1.2715384361076927
0.6976744208761493
0.9166666462500004
1.9462315743212895
0.8783676052404226
0.8783993678999065
1.6664032119936771
0.8809091093280995
1.6363636363636362
0.8796263114099403
1.3729475704842768
0.8806451695832467
0.9362139755055124
1.2180606996571983
0.9848484998898072
1.7486764811100586
3.2117647347882357
0.9811320941616236
1.3301630645516305
1.507936537592593
1.6392857184750003
1.8564868023666399
1.1333333091555562
1.1844629480582123
1.2162162211833456
1.029773087160502
1.5129310854221172
1.5678733261219058
1.357142850357143
1.1712418106300655
0.5639628649488377
0.9402984982000446
1.117647062768166
0.9024793292907587
0.9259259333333333
1.6836734996938778
1.69393940822865
1.142601423477544
1.0214285498392859
0.766666658488889
1.6835589660111119
0.7561124966618619
1.0747556119427895
1.5118279272634416
0.8827027218150476
3.0639729992891884
1.8258159920396382
