1.1685000017138
1.170996870451639
1.251700678602434
1.1197183078258282
1.357142859234694
1.0996963550795067
1.080747411161657
1.1764705836245675
1.1718247943063693
1.0258436229712373
0.9838288955202892
1.276595740350083
1.1266666684524445
1.1527777761959876
1.3179546919142937
0.952795933631794
1.1287878766230486
1.1275000020939285
1.1691176436451125
1.1597222252276236
1.0194748729248313
1.326883565279133
1.0880994331775111
1.2485596740978877
1.061224485469943
1.0839160819110958
1.0586621460977814
1.1958041930373124
1.0820895514167965
1.2307692281226466
1.0625000014236112
0.9662162161039081
1.3812949622887012
1.138888889521605
1.2322975073395566
1.1258741228666438
1.3957446768915043
1.268899039914792
1.1164383603190093
1.2340425499743475
1.075180931020989
1.0108620706386682
1.1898601391944839
1.0979020993857889
1.0406630373199086
0.9614100470391711
1.2191780870388442
0.9481829238903952
1.407232289483029
0.9971088417738211
1.4132073888912244
1.1259259303352538
1.6240259744477987
1.0812127273393517
1.1079136695740386
1.0311459034952575
1.1856925444813495
1.1100893999063548
1.0681992361128816
1.2391304320699434
1.3100944067806186
1.359435626096095
1.0597014952773445
1.2847222223804013
1.2573333351774223
1.2302812094334896
1.1823015198532383
1.1081081073593866
1.259969803352496
1.1641791028335933
1.0597014952773445
1.270676691497541
0.9230769239591178
0.9006622564387526
1.6618705043610578
1.0763445448100357
0.9376087480285672
