1.7560661715639327
1.2262215245472314
1.3935483881207076
1.3034482787091557
1.1958041930373124
1.2024467878150744
1.1610118281616715
1.2773722598465553
1.3849451336860807
1.0674393212412638
1.272663143934946
1.5390070858467884
1.462068965868252
1.054054050909423
1.0728060499622039
0.9308144811801937
1.424242424054178
1.400833335387889
1.3426573392488628
1.4652777776195989
1.1135802502109347
1.5967687046587764
1.1318587106288105
1.2975134735816676
1.0204081599639039
1.3040540550648285
1.2671537738131975
1.0206896575514863
1.3851851850951988
1.356643356723556
1.5514705828708912
1.1310344846306777
1.443661969390994
1.1034482764470868
1.673751682443089
1.5629629651676271
1.4474662152381985
1.5772052252562876
1.2569444433371915
1.2992700725121211
1.2402910682868253
1.2551020385964182
1.352430556306906
1.3900709166239125
1.1091140111657107
1.1363063740446282
1.2302631529968835
1.22583353878424
1.3744255204206304
1.209352518855649
1.2025851386050677
1.0952380909880142
1.359548611866416
1.5220093655536706
1.0948905075848472
1.6679179433124158
1.226882515140499
1.3232804261718065
1.3025986361943505
1.2937062924231015
1.6298047434615468
1.3497942392221078
1.0909090877813097
1.2344827610777644
1.2586397023655655
1.1787586693938592
1.3360208266165619
1.1062624888832007
1.272663143934946
1.1418918912554785
1.2058823495717994
1.3823529392257785
1.2773722598465553
1.1760563384348344
1.4558823510791523
1.1081890580937055
1.0265043611040534
