1.1156462565301495
1.2424242405417814
1.096153846760355
1.3355704712760685
1.4214285750683673
1.244374670316072
1.2871252203903754
1.357142859234694
1.3545470316542867
1.2916134562068085
1.0756172851808985
1.4322580646867846
1.4888888906436215
1.1164383603190093
1.3703979496441325
1.4847736629313824
1.1654676290399046
1.1421428592639795
1.072463768374291
1.1066666661564444
1.5396090522442274
1.1365646238400897
1.425547996934405
1.7065255781692616
1.1095890463276412
1.304347824795211
1.256457401116433
1.4429530209837396
1.2246376807718966
1.2428571454510204
0.9200000017493334
1.1772151873113283
1.1276595711272068
1.5205479475905426
1.1584190744743585
1.0993377489917107
1.3097222229498455
1.4857447394861474
1.2836879377767718
1.435714287094898
1.4482167380267872
1.2100694451167053
1.2552536226426432
1.3071428612846938
1.5405260310693367
1.3864734273682
1.5611510782454323
1.4304884603925412
1.6942729764968185
1.2812499964200368
1.6210345351459188
1.0551724163671818
1.5443333355983557
1.3569739894837616
1.3916083918088902
1.419271504972717
1.1415812926479962
1.4577777817380742
1.060882804139405
1.1678832084895305
1.1323273909411236
1.2530432551031925
1.1366906493069717
1.237410075422597
1.6087748384856584
1.673182439818435
1.1652899899030862
1.2184920184557282
1.5447645229076599
1.1666666636956522
1.3916083918088902
1.0740740745240056
1.048611109054784
1.1200000028426667
1.4125874094195314
1.177146134745508
1.3708847759004914
