2.5217390691871464
0.0
2.214814784375309
0.5923076999230771
0.0
1.0119047598809525
1.480769183783285
2.1272727427438016
1.7068965647711056
2.4574468503395206
2.555555521481482
0.0
1.448244529865828
2.4428571759714295
5.500000055000001
1.6000000096
1.875
1.3050847092645799
1.960784352479816
4.246153780828403
2.598155426119036
1.4827202019485244
0.0
1.5079365036281178
0.0
1.5653114455246286
2.1532921608893463
1.5510203732653067
1.4423076899778107
1.744186026230395
1.921921964020778
0.7931034548394766
0.0
1.1949685347454613
0.2142857271428573
1.1948052025552827
1.7769230383091725
2.857142912244899
1.853186803669802
2.3076922721893496
3.33333332
0.0
1.2749999799187501
0.6333333574000004
1.9576270834731406
3.751724210378123
3.9599999524800005
2.0652174182419665
0.0
2.134883733342347
1.5542857213910206
2.6923076773964496
0.0
0.0
4.615384544378699
0.0
2.6984127439858914
5.014285699959184
1.9534884175229865
1.7905467939042177
1.87755104972095
1.3959183556668056
2.2962963128806586
2.3833333859111123
1.3684210591135735
2.16666666125
2.753623238090738
0.0
0.0
2.5899999722800002
1.9588948908813504
1.2888888788641977
0.0
0.0
3.680000005888
NaN
0.8867469921985774
