0 734 195 296 0 0 442 0 0 0 0 0 0 0 0 0 0 22 0 0 0 0 0 0 0 0 0 415 0 0 0 1766 0 2692 0 144 93 0 3 0 0 244 0 0 1 0 0 484 0 0 0 0 0 0 0 0 0 0 0 0 0 0 0 0 0 0 0 0 0 0 0 0 0 0 0 0 0 0 0 0 0 0 0 
734 0 0 0 0 0 1 0 0 0 0 0 0 0 0 0 0 1614 86 0 0 0 2 0 0 0 0 1044 0 0 0 1962 0 1757 0 0 357 0 0 0 0 0 0 0 0 0 0 0 0 0 0 0 0 0 0 0 0 0 0 0 0 0 0 0 0 0 0 0 0 0 0 0 0 0 0 0 0 0 0 0 0 0 0 
195 0 0 6 0 0 28 1 0 0 0 0 0 0 0 0 0 0 0 0 0 0 0 0 0 0 0 72 0 0 0 67 0 196 1237 329 355 82 2 0 0 67 0 605 0 0 0 7016 402 0 0 0 0 0 0 0 0 0 0 0 0 0 0 0 0 0 0 0 0 0 0 0 0 0 0 0 0 0 0 0 0 0 10 
296 0 6 0 0 0 6 23 0 0 0 228 0 0 0 0 0 0 0 0 0 0 0 0 0 0 0 1 0 0 0 1 0 0 0 62 2 0 181 0 0 2107 0 344 2 0 0 2925 65 0 0 0 1 0 0 0 0 0 0 0 0 0 0 0 0 0 0 0 0 0 0 0 0 0 0 0 0 0 0 0 0 0 0 
0 0 0 0 0 220 382 0 328 0 0 0 0 0 0 0 0 217 0 0 0 0 0 0 0 0 0 0 0 0 0 0 0 4017 0 0 100 0 0 0 0 0 0 0 0 0 0 0 0 0 0 0 0 0 0 0 0 0 0 0 0 0 0 0 0 0 0 0 0 0 0 0 0 0 0 0 0 0 0 0 0 0 0 
0 0 0 0 220 0 131 0 3892 0 0 0 0 0 0 0 0 0 0 0 0 0 0 0 0 0 0 0 0 0 0 0 0 163 0 0 0 0 0 0 0 0 0 0 0 0 0 0 0 0 0 0 0 0 0 0 0 0 0 0 0 0 0 0 0 0 0 0 0 0 0 0 0 0 0 0 0 0 0 0 0 0 0 
442 1 28 6 382 131 0 80 379 0 0 11 2 0 0 0 0 2931 767 0 0 0 601 11 3 0 0 4453 0 8 0 4816 0 3568 7892 2022 12392 417 2 0 0 3 0 340 93 0 0 13793 3374 0 0 0 0 2 0 0 0 0 0 0 0 0 0 0 0 0 0 0 0 0 0 0 0 0 0 0 0 0 0 0 0 0 367 
0 0 1 23 0 0 80 0 167 775 191 1167 12042 8420 0 11 20 6 0 0 0 0 0 0 0 0 0 0 0 0 0 0 0 27 9014 1528 1569 1 0 0 0 378 0 944 81 0 0 12513 49814 14 3892 6 9 416 271 0 0 0 0 0 0 0 0 0 0 0 0 0 0 0 0 0 0 0 0 0 0 0 0 0 0 0 476 
0 0 0 0 328 3892 379 167 0 6119 0 0 0 0 0 46 158 0 29 0 0 0 0 0 0 0 0 0 0 0 0 2 0 3879 6309 718 6590 0 0 0 0 0 0 0 0 0 0 10 2578 0 0 0 0 0 0 0 0 0 0 0 0 0 0 0 0 0 0 0 0 0 0 0 0 0 0 0 0 0 0 0 0 0 492 
0 0 0 0 0 0 0 775 6119 0 608 0 8 12960 0 2653 7581 155 1393 0 0 0 0 0 0 0 0 0 171 754 10 64 0 1753 20174 3136 1899 1 0 0 0 0 0 0 0 0 0 0 505 0 8130 2076 0 0 144 0 167 0 173 0 563 0 0 0 0 0 0 0 0 0 0 0 0 0 0 0 0 0 0 0 0 0 4103 
0 0 0 0 0 0 0 191 0 608 0 0 58 3071 0 321 0 617 0 7 0 0 0 0 0 0 0 0 0 0 0 0 0 0 0 0 0 0 0 0 0 0 0 0 0 0 0 0 0 0 0 6 0 0 3 0 0 0 0 0 0 0 0 0 0 0 0 0 0 0 0 0 0 0 0 0 0 0 0 0 0 0 0 
0 0 0 228 0 0 11 1167 0 0 0 0 248 0 0 0 0 0 0 0 0 0 0 0 0 0 0 0 0 0 0 0 0 0 0 0 0 0 0 0 0 716 0 165 54 0 0 194 165 0 0 0 0 8 0 0 0 0 0 0 0 0 0 0 0 0 0 0 0 0 0 0 0 0 0 0 0 0 0 0 0 0 0 
0 0 0 0 0 0 2 12042 0 8 58 248 0 304 0 0 0 2 0 2 0 0 0 0 0 0 0 0 0 0 0 0 0 0 0 0 0 0 0 0 0 1 0 2 0 0 0 134 680 0 0 5 0 2 0 0 0 0 0 0 0 0 0 0 0 0 0 0 0 0 0 0 0 0 0 0 0 0 0 0 0 0 0 
0 0 0 0 0 0 0 8420 0 12960 3071 0 304 0 2 64 0 6649 0 3205 0 0 0 0 0 0 0 0 0 0 0 0 0 0 0 0 0 0 0 0 0 0 0 0 0 0 0 0 23 0 33 83 0 0 13 0 0 0 0 0 85 0 0 0 0 0 0 0 0 0 0 0 0 0 0 0 0 0 0 0 0 0 0 
0 0 0 0 0 0 0 0 0 0 0 0 0 2 0 0 0 15719 39 1877 554 36 0 5 0 18 0 0 0 0 0 2 1 0 1183 0 16 0 0 42 0 0 0 0 0 0 0 0 0 0 0 0 0 0 0 0 0 0 0 0 195 76 1 0 0 0 0 0 0 0 0 0 0 0 0 0 0 0 0 0 0 0 3 
0 0 0 0 0 0 0 11 46 2653 321 0 0 64 0 0 326 303 272 7 0 0 0 0 0 0 0 0 33 69 0 13 0 901 5138 7 176 0 0 0 0 0 0 0 0 0 0 0 0 0 0 0 0 0 0 0 0 0 0 0 0 0 0 0 0 0 0 0 0 0 0 0 0 0 0 0 0 0 0 0 0 0 163 
0 0 0 0 0 0 0 20 158 7581 0 0 0 0 0 326 0 166 470 0 0 0 0 0 0 0 0 0 119 2617 41 821 9 1427 0 0 3537 28 0 0 0 0 0 0 0 0 0 0 0 0 0 0 0 0 0 0 0 0 0 0 0 0 0 0 0 0 0 0 0 0 0 0 0 0 0 0 0 0 0 0 0 0 78 
22 1614 0 0 217 0 2931 6 0 155 617 0 2 6649 15719 303 166 0 9558 4237 136 1 2436 5 86 51 0 20 3084 1190 1 1600 71 308 15814 2391 1510 403 0 69 0 0 0 0 0 0 0 0 0 0 0 0 0 0 86 1051 60 0 3140 0 12801 1358 0 0 1 0 0 0 0 0 0 0 71 99 52 0 0 0 0 0 0 0 1424 
0 86 0 0 0 0 767 0 29 1393 0 0 0 0 39 272 470 9558 0 0 0 0 407 2 5642 0 0 165 4595 1095 5 2428 164 406 2037 0 1463 13 0 18 0 0 0 0 0 0 0 0 0 0 0 0 0 0 0 0 0 0 64 0 437 0 0 0 0 0 0 0 0 0 0 0 0 0 0 0 0 0 0 0 0 0 297 
0 0 0 0 0 0 0 0 0 0 7 0 2 3205 1877 7 0 4237 0 0 93 0 0 9 0 40 0 0 0 0 0 0 0 0 0 0 0 0 0 32 0 0 0 0 0 0 0 0 0 0 0 0 0 0 0 38 0 0 0 0 124 141 2 0 5 0 0 0 0 0 0 0 0 0 0 0 0 0 0 0 0 0 0 
0 0 0 0 0 0 0 0 0 0 0 0 0 0 554 0 0 136 0 93 0 1280 0 843 0 0 0 0 0 0 0 0 0 7 0 0 7 0 0 0 0 0 0 0 0 0 0 0 0 0 0 0 0 0 0 16 0 0 97 0 582 1272 0 0 101 0 0 0 0 0 0 0 0 0 38 0 0 0 0 0 0 0 0 
0 0 0 0 0 0 0 0 0 0 0 0 0 0 36 0 0 1 0 0 1280 0 53 541 0 0 0 0 0 0 0 0 0 116 0 0 87 0 0 0 0 0 0 0 0 0 0 0 0 0 0 0 0 0 0 0 0 0 343 0 1369 500 0 0 29 0 0 0 0 0 0 0 10 0 112 0 0 0 0 0 0 0 0 
0 2 0 0 0 0 601 0 0 0 0 0 0 0 0 0 0 2436 407 0 0 53 0 102 3441 85 0 0 19 0 0 310 0 2731 247 0 3704 861 0 49 0 0 0 0 0 0 0 0 0 0 0 0 0 0 0 4 0 0 59 0 3082 4919 0 0 3 0 0 0 0 0 0 0 0 2 0 0 0 0 0 0 0 0 316 
0 0 0 0 0 0 11 0 0 0 0 0 0 0 5 0 0 5 2 9 843 541 102 0 219 17 0 0 0 0 0 0 0 832 77 0 658 0 0 286 0 0 0 0 0 0 0 0 0 0 0 0 0 0 0 0 0 0 11 0 56 320 30 0 26 0 0 0 0 2 1 1 13 4 5 0 0 0 0 0 0 0 0 
0 0 0 0 0 0 3 0 0 0 0 0 0 0 0 0 0 86 5642 0 0 0 3441 219 0 63 1 86 238 103 0 2 0 9 147 0 558 40 0 157 1 0 0 0 0 0 0 0 0 0 0 0 0 0 0 0 0 0 0 0 0 0 0 0 0 0 0 0 0 0 0 0 0 0 0 0 0 0 0 0 0 0 0 
0 0 0 0 0 0 0 0 0 0 0 0 0 0 18 0 0 51 0 40 0 0 85 17 63 0 1 0 0 0 0 0 0 0 39 0 63 0 0 138 0 0 0 0 0 0 0 0 0 0 0 0 0 0 0 0 0 0 0 0 0 9 0 0 0 0 0 0 0 0 0 0 0 0 0 0 0 0 0 0 0 0 0 
0 0 0 0 0 0 0 0 0 0 0 0 0 0 0 0 0 0 0 0 0 0 0 0 1 1 0 0 0 0 0 0 0 81 1 0 156 364 0 150 33 0 0 0 0 0 0 0 0 0 0 0 0 0 0 0 0 0 0 0 0 0 0 0 0 0 0 0 0 0 0 0 0 0 0 0 0 0 0 0 0 0 1 
415 1044 72 1 0 0 4453 0 0 0 0 0 0 0 0 0 0 20 165 0 0 0 0 0 86 0 0 0 6 3 0 99 0 370 0 0 2707 254 0 2 0 0 0 0 0 0 0 0 0 0 0 0 0 0 0 0 0 0 0 0 0 0 0 0 0 0 0 0 0 0 0 0 0 0 0 0 0 0 0 0 0 0 0 
0 0 0 0 0 0 0 0 0 171 0 0 0 0 0 33 119 3084 4595 0 0 0 19 0 238 0 0 6 0 137 255 131 0 1 12 0 277 36 0 0 0 0 0 0 0 0 0 0 0 0 0 0 0 0 0 0 0 0 0 0 0 0 0 0 0 0 0 0 0 0 0 0 0 0 0 0 0 0 0 0 0 0 64 
0 0 0 0 0 0 8 0 0 754 0 0 0 0 0 69 2617 1190 1095 0 0 0 0 0 103 0 0 3 137 0 2718 510 0 2 11 0 4195 39 0 0 0 0 0 0 0 0 0 0 0 0 0 0 0 0 0 0 0 0 0 0 0 0 0 0 0 0 0 0 0 0 0 0 0 0 0 0 0 0 0 0 0 0 421 
0 0 0 0 0 0 0 0 0 10 0 0 0 0 0 0 41 1 5 0 0 0 0 0 0 0 0 0 255 2718 0 746 0 13 0 0 15 0 0 0 0 0 0 0 0 0 0 0 0 0 0 0 0 0 0 0 0 0 0 0 0 0 0 0 0 0 0 0 0 0 0 0 0 0 0 0 0 0 0 0 0 0 0 
1766 1962 67 1 0 0 4816 0 2 64 0 0 0 0 2 13 821 1600 2428 0 0 0 310 0 2 0 0 99 131 510 746 0 64 433 19 0 531 7 0 0 0 0 0 0 0 0 0 0 0 0 0 0 0 0 0 0 0 0 0 0 0 0 0 0 0 0 0 0 0 0 0 0 0 0 0 0 0 0 0 0 0 0 0 
0 0 0 0 0 0 0 0 0 0 0 0 0 0 1 0 9 71 164 0 0 0 0 0 0 0 0 0 0 0 0 64 0 114 0 0 2 0 0 0 0 0 0 0 0 0 0 0 0 0 0 0 0 0 0 0 0 0 0 0 0 0 0 0 0 0 0 0 0 0 0 0 0 0 0 0 0 0 0 0 0 0 0 
2692 1757 196 0 4017 163 3568 27 3879 1753 0 0 0 0 0 901 1427 308 406 0 7 116 2731 832 9 0 81 370 1 2 13 433 114 0 17 8 73 4 54 0 0 0 0 0 0 0 0 0 0 0 0 0 0 0 0 0 0 0 0 0 0 0 0 0 0 0 0 0 0 0 0 0 0 0 0 0 0 0 0 0 0 0 0 
0 0 1237 0 0 0 7892 9014 6309 20174 0 0 0 0 1183 5138 0 15814 2037 0 0 0 247 77 147 39 1 0 12 11 0 19 0 17 0 259 94 190 0 83 76 0 0 0 0 0 0 0 335 0 36 0 0 0 0 7 0 0 627 0 2451 525 15 0 0 0 0 0 0 0 0 30 393 16 0 0 0 0 32 0 1 0 264 
144 0 329 62 0 0 2022 1528 718 3136 0 0 0 0 0 7 0 2391 0 0 0 0 0 0 0 0 0 0 0 0 0 0 0 8 259 0 17 29 0 0 0 0 0 0 0 0 0 0 0 0 116 374 0 0 0 0 42 0 39 0 81 0 0 0 0 0 0 0 0 0 0 0 0 0 0 0 0 0 0 0 0 0 0 
93 357 355 2 100 0 12392 1569 6590 1899 0 0 0 0 16 176 3537 1510 1463 0 7 87 3704 658 558 63 156 2707 277 4195 15 531 2 73 94 17 0 16 5 18 0 0 0 0 0 0 0 0 0 0 0 0 0 0 0 0 0 0 54 0 44 0 0 0 0 0 0 0 0 0 0 1 77 85 76 0 0 0 1 0 0 0 2436 
0 0 82 0 0 0 417 1 0 1 0 0 0 0 0 0 28 403 13 0 0 0 861 0 40 0 364 254 36 39 0 7 0 4 190 29 16 0 0 1 0 0 0 0 0 0 0 0 0 0 0 0 0 0 0 0 0 0 117 0 151 0 0 0 0 0 0 0 0 0 0 6 123 21 4 0 0 0 1 0 0 0 1436 
3 0 2 181 0 0 2 0 0 0 0 0 0 0 0 0 0 0 0 0 0 0 0 0 0 0 0 0 0 0 0 0 0 54 0 0 5 0 0 0 1 3 0 0 0 0 0 9 0 0 0 0 0 0 0 0 0 0 0 0 0 0 0 0 0 0 0 0 0 0 0 0 0 0 0 0 0 0 0 0 0 0 0 
0 0 0 0 0 0 0 0 0 0 0 0 0 0 42 0 0 69 18 32 0 0 49 286 157 138 150 2 0 0 0 0 0 0 83 0 18 1 0 0 1 0 0 0 0 0 0 0 0 0 0 0 0 0 0 0 0 0 53 0 33 720 39 0 0 0 0 0 0 0 0 29 670 312 91 0 0 31 0 0 0 0 2 
0 0 0 0 0 0 0 0 0 0 0 0 0 0 0 0 0 0 0 0 0 0 0 0 1 0 33 0 0 0 0 0 0 0 76 0 0 0 1 1 0 0 0 0 0 0 0 0 0 0 0 0 0 0 0 0 0 0 0 0 0 0 0 0 0 0 0 0 0 0 0 0 0 0 0 0 0 0 11 0 0 0 5 
244 0 67 2107 0 0 3 378 0 0 0 716 1 0 0 0 0 0 0 0 0 0 0 0 0 0 0 0 0 0 0 0 0 0 0 0 0 0 3 0 0 0 214 0 129 91 0 1167 0 0 0 0 759 0 0 0 0 0 0 0 0 0 0 0 0 0 1 0 5 0 0 0 113 0 3259 0 0 10 0 0 73 0 0 
0 0 0 0 0 0 0 0 0 0 0 0 0 0 0 0 0 0 0 0 0 0 0 0 0 0 0 0 0 0 0 0 0 0 0 0 0 0 0 0 0 214 0 0 0 15 0 0 0 0 0 0 0 0 0 0 0 0 0 0 0 0 0 0 0 1 9 0 0 0 2 0 12 0 1548 1 0 1462 0 0 319 0 0 
0 0 605 344 0 0 340 944 0 0 0 165 2 0 0 0 0 0 0 0 0 0 0 0 0 0 0 0 0 0 0 0 0 0 0 0 0 0 0 0 0 0 0 0 126 0 0 0 19 0 0 0 237 127 0 0 0 0 0 0 0 0 0 0 0 0 0 0 0 0 0 0 0 0 0 0 0 0 0 0 0 0 0 
1 0 0 2 0 0 93 81 0 0 0 54 0 0 0 0 0 0 0 0 0 0 0 0 0 0 0 0 0 0 0 0 0 0 0 0 0 0 0 0 0 129 0 126 0 0 0 1026 5 0 0 0 379 21 0 0 0 0 0 0 0 0 0 0 0 0 0 0 0 0 0 0 1 0 1 2 0 0 0 0 14 10 3 
0 0 0 0 0 0 0 0 0 0 0 0 0 0 0 0 0 0 0 0 0 0 0 0 0 0 0 0 0 0 0 0 0 0 0 0 0 0 0 0 0 91 15 0 0 0 447 0 0 0 0 0 0 0 0 0 0 0 0 0 0 0 0 0 0 0 0 0 0 0 0 0 12 0 5402 0 1 3890 57 0 251 0 1 
0 0 0 0 0 0 0 0 0 0 0 0 0 0 0 0 0 0 0 0 0 0 0 0 0 0 0 0 0 0 0 0 0 0 0 0 0 0 0 0 0 0 0 0 0 447 0 2097 4000 7767 4949 0 0 0 0 0 209 0 0 0 0 0 0 0 0 0 0 0 0 0 0 0 0 0 620 0 0 0 0 0 0 0 0 
484 0 7016 2925 0 0 13793 12513 10 0 0 194 134 0 0 0 0 0 0 0 0 0 0 0 0 0 0 0 0 0 0 0 0 0 0 0 0 0 9 0 0 1167 0 0 1026 0 2097 0 1663 1026 324 0 179 297 0 0 0 0 0 0 0 0 0 0 0 39 395 0 332 49 121 0 942 0 6251 102 11023 10327 660 453 271 0 463 
0 0 402 65 0 0 3374 49814 2578 505 0 165 680 23 0 0 0 0 0 0 0 0 0 0 0 0 0 0 0 0 0 0 0 0 335 0 0 0 0 0 0 0 0 19 5 0 4000 1663 0 1006 110 139 903 10578 5340 0 0 0 0 0 0 0 0 0 0 0 0 0 0 0 0 0 0 0 4422 4534 2250 7480 100 0 0 0 3651 
0 0 0 0 0 0 0 14 0 0 0 0 0 0 0 0 0 0 0 0 0 0 0 0 0 0 0 0 0 0 0 0 0 0 0 0 0 0 0 0 0 0 0 0 0 0 7767 1026 1006 0 3330 0 0 0 0 0 1 0 0 0 0 0 0 0 0 0 0 0 0 0 0 0 0 0 2738 386 1301 2355 41 0 0 0 732 
0 0 0 0 0 0 0 3892 0 8130 0 0 0 33 0 0 0 0 0 0 0 0 0 0 0 0 0 0 0 0 0 0 0 0 36 116 0 0 0 0 0 0 0 0 0 0 4949 324 110 3330 0 325 0 0 796 0 6957 23 2874 126 0 0 0 0 0 0 0 0 0 1 304 2651 232 83 6114 9444 433 14717 1320 0 96 0 6190 
0 0 0 0 0 0 0 6 0 2076 6 0 5 83 0 0 0 0 0 0 0 0 0 0 0 0 0 0 0 0 0 0 0 0 0 374 0 0 0 0 0 0 0 0 0 0 0 0 139 0 325 0 0 0 2182 0 0 0 0 0 0 0 0 0 0 0 0 0 0 0 0 0 0 0 0 225 1 0 0 0 0 0 0 
0 0 0 1 0 0 0 9 0 0 0 0 0 0 0 0 0 0 0 0 0 0 0 0 0 0 0 0 0 0 0 0 0 0 0 0 0 0 0 0 0 759 0 237 379 0 0 179 903 0 0 0 0 285 0 0 0 0 0 0 0 0 0 0 0 0 0 0 0 0 0 0 0 0 0 0 0 0 0 0 0 0 0 
0 0 0 0 0 0 2 416 0 0 0 8 2 0 0 0 0 0 0 0 0 0 0 0 0 0 0 0 0 0 0 0 0 0 0 0 0 0 0 0 0 0 0 127 21 0 0 297 10578 0 0 0 285 0 0 0 0 0 0 0 0 0 0 0 0 0 0 0 0 0 0 0 0 0 0 0 0 0 0 0 0 0 0 
0 0 0 0 0 0 0 271 0 144 3 0 0 13 0 0 0 86 0 0 0 0 0 0 0 0 0 0 0 0 0 0 0 0 0 0 0 0 0 0 0 0 0 0 0 0 0 0 5340 0 796 2182 0 0 0 106 2 0 10 0 2219 0 0 0 0 0 0 0 0 0 0 0 0 0 0 0 0 0 0 0 0 0 0 
0 0 0 0 0 0 0 0 0 0 0 0 0 0 0 0 0 1051 0 38 16 0 4 0 0 0 0 0 0 0 0 0 0 0 7 0 0 0 0 0 0 0 0 0 0 0 0 0 0 0 0 0 0 0 106 0 0 0 2 0 4552 3 0 0 0 0 99 1 0 0 0 0 0 0 0 0 0 0 0 0 2 0 0 
0 0 0 0 0 0 0 0 0 167 0 0 0 0 0 0 0 60 0 0 0 0 0 0 0 0 0 0 0 0 0 0 0 0 0 42 0 0 0 0 0 0 0 0 0 0 209 0 0 1 6957 0 0 0 2 0 0 638 2829 1438 0 0 0 0 0 0 0 0 0 2 102 3008 1526 106 6270 1684 17 1926 0 0 0 0 63 
0 0 0 0 0 0 0 0 0 0 0 0 0 0 0 0 0 0 0 0 0 0 0 0 0 0 0 0 0 0 0 0 0 0 0 0 0 0 0 0 0 0 0 0 0 0 0 0 0 0 23 0 0 0 0 0 638 0 309 138 0 0 0 0 0 0 0 0 0 0 25 6799 1699 8 76 0 0 0 0 0 0 0 0 
0 0 0 0 0 0 0 0 0 173 0 0 0 0 0 0 0 3140 64 0 97 343 59 11 0 0 0 0 0 0 0 0 0 0 627 39 54 117 0 53 0 0 0 0 0 0 0 0 0 0 2874 0 0 0 10 2 2829 309 0 8355 142 489 446 3265 0 87 0 0 0 4427 2350 5613 4784 1399 5231 1341 21 2803 0 0 2 0 258 
0 0 0 0 0 0 0 0 0 0 0 0 0 0 0 0 0 0 0 0 0 0 0 0 0 0 0 0 0 0 0 0 0 0 0 0 0 0 0 0 0 0 0 0 0 0 0 0 0 0 126 0 0 0 0 0 1438 138 8355 0 377 0 0 422 0 177 0 0 0 1373 386 2963 520 15 0 0 0 0 0 0 0 0 0 
0 0 0 0 0 0 0 0 0 563 0 0 0 85 195 0 0 12801 437 124 582 1369 3082 56 0 0 0 0 0 0 0 0 0 0 2451 81 44 151 0 33 0 0 0 0 0 0 0 0 0 0 0 0 0 0 2219 4552 0 0 142 377 0 10 0 351 192 355 278 0 0 1513 624 1193 2795 631 1943 1 0 266 0 0 193 0 2 
0 0 0 0 0 0 0 0 0 0 0 0 0 0 76 0 0 1358 0 141 1272 500 4919 320 0 9 0 0 0 0 0 0 0 0 525 0 0 0 0 720 0 0 0 0 0 0 0 0 0 0 0 0 0 0 0 3 0 0 489 0 10 0 1482 447 15 23 0 0 0 2919 1297 186 658 7 45 0 0 0 0 0 0 0 0 
0 0 0 0 0 0 0 0 0 0 0 0 0 0 1 0 0 0 0 2 0 0 0 30 0 0 0 0 0 0 0 0 0 0 15 0 0 0 0 39 0 0 0 0 0 0 0 0 0 0 0 0 0 0 0 0 0 0 446 0 0 1482 0 175 133 3 0 0 0 3107 331 0 0 0 0 0 0 0 0 0 0 0 0 
0 0 0 0 0 0 0 0 0 0 0 0 0 0 0 0 0 0 0 0 0 0 0 0 0 0 0 0 0 0 0 0 0 0 0 0 0 0 0 0 0 0 0 0 0 0 0 0 0 0 0 0 0 0 0 0 0 0 3265 422 351 447 175 0 46 348 0 0 0 3012 475 2 1 0 0 0 0 0 0 0 0 0 0 
0 0 0 0 0 0 0 0 0 0 0 0 0 0 0 0 0 1 0 5 101 29 3 26 0 0 0 0 0 0 0 0 0 0 0 0 0 0 0 0 0 0 0 0 0 0 0 0 0 0 0 0 0 0 0 0 0 0 0 0 192 15 133 46 0 1055 134 0 0 5263 2414 0 26 0 0 0 0 0 0 0 2 0 0 
0 0 0 0 0 0 0 0 0 0 0 0 0 0 0 0 0 0 0 0 0 0 0 0 0 0 0 0 0 0 0 0 0 0 0 0 0 0 0 0 0 0 1 0 0 0 0 39 0 0 0 0 0 0 0 0 0 0 87 177 355 23 3 348 1055 0 17 1 9 2054 893 0 304 0 71 0 0 438 124 0 0 462 0 
0 0 0 0 0 0 0 0 0 0 0 0 0 0 0 0 0 0 0 0 0 0 0 0 0 0 0 0 0 0 0 0 0 0 0 0 0 0 0 0 0 1 9 0 0 0 0 395 0 0 0 0 0 0 0 99 0 0 0 0 278 0 0 0 134 17 0 3 0 40 277 0 1192 0 36 0 0 467 78 0 141 99 0 
0 0 0 0 0 0 0 0 0 0 0 0 0 0 0 0 0 0 0 0 0 0 0 0 0 0 0 0 0 0 0 0 0 0 0 0 0 0 0 0 0 0 0 0 0 0 0 0 0 0 0 0 0 0 0 1 0 0 0 0 0 0 0 0 0 1 3 0 1 0 0 0 0 0 0 0 0 0 0 0 56 0 0 
0 0 0 0 0 0 0 0 0 0 0 0 0 0 0 0 0 0 0 0 0 0 0 0 0 0 0 0 0 0 0 0 0 0 0 0 0 0 0 0 0 5 0 0 0 0 0 332 0 0 0 0 0 0 0 0 0 0 0 0 0 0 0 0 0 9 0 1 0 0 0 0 0 0 406 0 0 312 2 0 0 478 0 
0 0 0 0 0 0 0 0 0 0 0 0 0 0 0 0 0 0 0 0 0 0 0 2 0 0 0 0 0 0 0 0 0 0 0 0 0 0 0 0 0 0 0 0 0 0 0 49 0 0 1 0 0 0 0 0 2 0 4427 1373 1513 2919 3107 3012 5263 2054 40 0 0 0 162 77 38 0 50 0 0 335 100 0 1 801 0 
0 0 0 0 0 0 0 0 0 0 0 0 0 0 0 0 0 0 0 0 0 0 0 1 0 0 0 0 0 0 0 0 0 0 0 0 0 0 0 0 0 0 2 0 0 0 0 121 0 0 304 0 0 0 0 0 102 25 2350 386 624 1297 331 475 2414 893 277 0 0 162 0 24 53 0 7 0 0 40 0 0 252 0 0 
0 0 0 0 0 0 0 0 0 0 0 0 0 0 0 0 0 0 0 0 0 0 0 1 0 0 0 0 0 0 0 0 0 0 30 0 1 6 0 29 0 0 0 0 0 0 0 0 0 0 2651 0 0 0 0 0 3008 6799 5613 2963 1193 186 0 2 0 0 0 0 0 77 24 0 669 0 0 0 0 0 0 0 0 0 0 
0 0 0 0 0 0 0 0 0 0 0 0 0 0 0 0 0 71 0 0 0 10 0 13 0 0 0 0 0 0 0 0 0 0 393 0 77 123 0 670 0 113 12 0 1 12 0 942 0 0 232 0 0 0 0 0 1526 1699 4784 520 2795 658 0 1 26 304 1192 0 0 38 53 669 0 757 265 4 0 24 0 0 628 0 0 
0 0 0 0 0 0 0 0 0 0 0 0 0 0 0 0 0 99 0 0 0 0 2 4 0 0 0 0 0 0 0 0 0 0 16 0 85 21 0 312 0 0 0 0 0 0 0 0 0 0 83 0 0 0 0 0 106 8 1399 15 631 7 0 0 0 0 0 0 0 0 0 0 757 0 4 0 0 0 0 0 0 0 0 
0 0 0 0 0 0 0 0 0 0 0 0 0 0 0 0 0 52 0 0 38 112 0 5 0 0 0 0 0 0 0 0 0 0 0 0 76 4 0 91 0 3259 1548 0 1 5402 620 6251 4422 2738 6114 0 0 0 0 0 6270 76 5231 0 1943 45 0 0 0 71 36 0 406 50 7 0 265 4 0 1 2 13 0 0 83 0 0 
0 0 0 0 0 0 0 0 0 0 0 0 0 0 0 0 0 0 0 0 0 0 0 0 0 0 0 0 0 0 0 0 0 0 0 0 0 0 0 0 0 0 1 0 2 0 0 102 4534 386 9444 225 0 0 0 0 1684 0 1341 0 1 0 0 0 0 0 0 0 0 0 0 0 4 0 1 0 850 233 83 0 43 133 462 
0 0 0 0 0 0 0 0 0 0 0 0 0 0 0 0 0 0 0 0 0 0 0 0 0 0 0 0 0 0 0 0 0 0 0 0 0 0 0 0 0 0 0 0 0 1 0 11023 2250 1301 433 1 0 0 0 0 17 0 21 0 0 0 0 0 0 0 0 0 0 0 0 0 0 0 2 850 0 239 0 1 0 0 1127 
0 0 0 0 0 0 0 0 0 0 0 0 0 0 0 0 0 0 0 0 0 0 0 0 0 0 0 0 0 0 0 0 0 0 0 0 0 0 0 31 0 10 1462 0 0 3890 0 10327 7480 2355 14717 0 0 0 0 0 1926 0 2803 0 266 0 0 0 0 438 467 0 312 335 40 0 24 0 13 233 239 0 2 0 134 0 1199 
0 0 0 0 0 0 0 0 0 0 0 0 0 0 0 0 0 0 0 0 0 0 0 0 0 0 0 0 0 0 0 0 0 0 32 0 1 1 0 0 11 0 0 0 0 57 0 660 100 41 1320 0 0 0 0 0 0 0 0 0 0 0 0 0 0 124 78 0 2 100 0 0 0 0 0 83 0 2 0 0 17 0 1243 
0 0 0 0 0 0 0 0 0 0 0 0 0 0 0 0 0 0 0 0 0 0 0 0 0 0 0 0 0 0 0 0 0 0 0 0 0 0 0 0 0 0 0 0 0 0 0 453 0 0 0 0 0 0 0 0 0 0 0 0 0 0 0 0 0 0 0 0 0 0 0 0 0 0 0 0 1 0 0 0 0 0 0 
0 0 0 0 0 0 0 0 0 0 0 0 0 0 0 0 0 0 0 0 0 0 0 0 0 0 0 0 0 0 0 0 0 0 1 0 0 0 0 0 0 73 319 0 14 251 0 271 0 0 96 0 0 0 0 2 0 0 2 0 193 0 0 0 2 0 141 56 0 1 252 0 628 0 83 43 0 134 17 0 0 64 0 
0 0 0 0 0 0 0 0 0 0 0 0 0 0 0 0 0 0 0 0 0 0 0 0 0 0 0 0 0 0 0 0 0 0 0 0 0 0 0 0 0 0 0 0 10 0 0 0 0 0 0 0 0 0 0 0 0 0 0 0 0 0 0 0 0 462 99 0 478 801 0 0 0 0 0 133 0 0 0 0 64 0 0 
0 0 10 0 0 0 367 476 492 4103 0 0 0 0 3 163 78 1424 297 0 0 0 316 0 0 0 1 0 64 421 0 0 0 0 264 0 2436 1436 0 2 5 0 0 0 3 1 0 463 3651 732 6190 0 0 0 0 0 63 0 258 0 2 0 0 0 0 0 0 0 0 0 0 0 0 0 0 462 1127 1199 1243 0 0 0 0 
