0 543 61 45 3 0 88 0 0 0 0 0 0 0 0 0 0 1 0 0 0 0 1 0 0 0 0 350 0 11 0 2585 0 1897 0 0 1 0 26 0 0 0 0 0 0 0 0 0 0 0 0 0 0 0 0 0 0 0 0 0 0 0 0 0 0 0 0 0 0 0 0 0 0 0 0 0 0 0 0 0 0 0 0 
543 0 0 0 31 19 3 0 0 0 0 0 0 0 0 0 0 30 33 0 0 26 4013 554 110 12 0 2766 9 43 0 3924 0 246 2 0 2160 0 0 1 0 0 0 0 0 0 0 0 0 0 0 0 0 0 0 0 0 0 0 0 0 0 0 0 0 0 0 0 0 0 0 0 0 0 0 93 0 5 0 0 0 0 24 
61 0 0 641 0 0 6 0 0 0 0 32 1 0 0 0 0 0 0 0 0 0 0 0 0 0 0 0 0 0 0 0 0 947 0 938 5 0 993 0 0 2988 0 1466 216 0 0 2 24 0 0 0 52 1 0 0 0 0 0 0 0 0 0 0 0 0 0 0 0 0 0 0 0 0 28 0 0 0 0 0 0 0 0 
45 0 641 0 0 0 0 149 0 0 0 161 280 0 0 0 0 0 0 0 0 0 0 0 0 0 0 0 0 0 0 0 0 122 0 0 0 0 158 0 0 343 0 469 275 0 0 4 13 0 0 0 1 2 0 0 0 0 0 0 0 0 0 0 0 0 0 0 0 0 0 0 0 0 0 0 0 0 0 0 0 0 0 
3 31 0 0 0 1735 718 2599 48 1018 0 0 0 2 0 192 926 2160 3 65 0 1404 6335 1237 92 11 0 25 151 363 1 308 0 2848 0 0 8046 0 0 2 0 0 0 0 0 0 0 0 4 0 0 0 0 0 0 0 2 0 0 30 1 0 0 42 0 0 0 0 0 0 0 0 11 0 5 157 0 382 5 0 0 0 75 
0 19 0 0 1735 0 5 10361 4882 7072 0 0 0 20 0 116 9287 64 0 3 0 0 12 0 0 0 0 0 86 785 0 27 0 906 0 0 97 0 0 0 0 0 0 0 0 0 0 0 80 0 0 0 0 0 0 0 0 0 0 0 0 0 0 0 0 0 0 0 0 0 0 0 0 0 0 0 0 3 0 0 0 0 1 
88 3 6 0 718 5 0 22037 5786 1 0 6 1376 0 0 0 0 1967 0 80 0 342 616 117 3 0 0 1449 84 67 0 373 0 3044 422 16028 24309 1249 2295 0 2 435 0 2687 0 232 0 10528 12163 0 0 0 0 126 0 0 0 0 13 74 17 0 0 88 0 0 0 0 0 2 3 0 8 0 10 121 0 249 2 0 0 0 73 
0 0 0 149 2599 10361 22037 0 4164 1735 1964 11 29283 17176 0 346 65 123 0 607 0 0 0 0 0 0 0 0 7 77 2 0 0 791 2649 1099 16327 71 83 0 0 700 0 6327 16 92 1 4294 18958 0 1 1723 100 150 57 0 0 0 0 0 1 0 0 0 0 0 0 0 0 0 0 0 0 0 4 10 0 4 0 0 0 0 628 
0 0 0 0 48 4882 5786 4164 0 9883 0 0 0 0 0 135 662 0 0 0 0 0 0 0 0 0 0 0 35 105 0 1 0 0 0 0 0 0 0 0 0 0 0 0 0 0 0 0 0 0 0 0 0 0 0 0 0 0 0 0 0 0 0 0 0 0 0 0 0 0 0 0 0 0 0 0 0 0 0 0 0 0 0 
0 0 0 0 1018 7072 1 1735 9883 0 2326 0 4 514 0 11616 24381 337 524 166 0 0 0 0 0 0 0 0 71 780 1 176 1 3758 11424 1926 18932 563 0 0 0 0 0 0 0 0 0 0 1499 0 3786 8866 0 0 143 0 692 0 89 0 865 0 0 0 0 0 0 0 0 0 0 0 0 0 1 6 0 3 0 0 0 0 1377 
0 0 0 0 0 0 0 1964 0 2326 0 1 171 1625 0 1489 0 538 0 1217 0 0 0 0 0 0 0 0 0 0 0 0 0 0 0 0 0 0 0 0 0 0 0 0 0 0 0 0 127 0 278 704 0 3 0 0 20 0 0 0 45 0 0 0 0 0 0 0 0 0 0 0 0 0 0 0 0 0 0 0 0 0 0 
0 0 32 161 0 0 6 11 0 0 1 0 283 0 0 0 0 0 0 0 0 0 0 0 0 0 0 0 0 0 0 0 0 440 0 0 0 0 500 0 0 0 0 8 2 0 0 0 0 0 0 0 2 7 0 0 0 0 0 0 0 0 0 0 0 0 0 0 0 0 0 0 0 0 7 0 0 0 0 0 0 0 0 
0 0 1 280 0 0 1376 29283 0 4 171 283 0 268 1 10 0 36 0 257 0 0 0 0 0 0 0 0 0 1 0 0 0 21 0 0 1 0 9 0 0 0 0 259 13 0 0 655 775 0 0 0 331 288 0 0 0 0 0 0 1 0 0 0 0 0 0 0 0 0 0 0 0 0 0 0 0 0 0 0 0 0 0 
0 0 0 0 2 20 0 17176 0 514 1625 0 268 0 73 739 2 2507 0 8684 0 0 0 0 0 0 0 0 3 7 0 0 0 19 17 34 238 0 0 0 0 0 0 0 0 0 0 0 129 0 0 4 0 6 20 110 15 0 3 0 403 0 0 0 0 0 0 0 0 0 0 0 0 0 0 0 0 0 0 0 0 0 0 
0 0 0 0 0 0 0 0 0 0 0 0 1 73 0 0 0 561 0 2400 170 37 0 72 1 303 0 0 0 0 0 0 0 0 0 0 1 0 0 28 0 0 0 0 0 0 0 0 0 0 0 0 0 0 12 377 0 0 9 0 160 6 3 1 1 0 0 0 0 0 0 0 0 0 0 14 0 0 0 0 157 0 0 
0 0 0 0 192 116 0 346 135 11616 1489 0 10 739 0 0 7034 1760 1403 239 0 0 0 0 0 0 0 0 115 331 4 209 124 1502 7377 1117 16124 0 0 0 0 0 0 0 0 0 1 0 94 0 0 11 0 0 0 0 24 0 367 0 792 0 0 0 0 0 0 0 0 0 0 0 0 0 1 0 0 1 0 0 0 0 2433 
0 0 0 0 926 9287 0 65 662 24381 0 0 0 2 0 7034 0 7489 6950 0 0 0 0 0 0 0 0 0 5 3228 532 1580 143 2003 0 0 189 0 0 0 0 0 0 0 0 0 0 0 5 0 0 0 0 0 0 0 0 0 0 0 0 0 0 0 0 0 0 0 0 0 0 0 0 0 0 0 0 1 0 0 0 0 0 
1 30 0 0 2160 64 1967 123 0 337 538 0 36 2507 561 1760 7489 0 21182 1051 251 117 308 48 13 8 0 0 453 1904 107 21232 7 8527 12219 1603 17224 0 0 93 0 0 0 0 0 0 0 0 1 0 0 8 0 0 10 58 24 0 14949 325 2965 149 12 2035 1 0 0 0 0 0 2 0 24 0 0 66 15 472 0 0 64 0 6623 
0 33 0 0 3 0 0 0 0 524 0 0 0 0 0 1403 6950 21182 0 0 0 0 490 0 751 0 0 0 2212 19521 3169 7686 0 2 0 0 0 0 0 0 0 0 0 0 0 0 0 0 0 0 0 0 0 0 0 0 0 0 0 0 0 0 0 0 0 0 0 0 0 0 0 0 0 0 0 0 0 3 0 0 0 0 0 
0 0 0 0 65 3 80 607 0 166 1217 0 257 8684 2400 239 0 1051 0 0 355 2 0 253 39 346 3 0 0 1 0 53 0 76 2786 504 613 0 0 865 0 0 0 0 0 0 0 0 0 0 1 136 0 5 528 64 14 0 831 1 2933 41 0 7 0 0 0 0 0 0 0 0 6 0 0 204 14 270 0 0 2 0 497 
0 0 0 0 0 0 0 0 0 0 0 0 0 0 170 0 0 251 0 355 0 1461 7 129 19 8 0 0 0 0 0 0 0 0 0 0 0 0 0 19 0 0 0 0 0 0 0 0 0 0 0 0 0 0 0 1 0 0 291 10 140 46 19 36 206 1 0 0 0 0 0 0 0 0 0 0 0 4 0 0 1 0 0 
0 26 0 0 1404 0 342 0 0 0 0 0 0 0 37 0 0 117 0 2 1461 0 337 1083 4 25 0 0 0 10 0 339 0 558 0 0 31 0 0 15 0 0 0 0 0 0 0 0 0 0 0 0 0 0 0 0 0 0 48 0 0 0 0 9 58 0 0 0 0 0 0 0 0 0 0 0 0 19 0 0 0 0 0 
1 4013 0 0 6335 12 616 0 0 0 0 0 0 0 0 0 0 308 490 0 7 337 0 373 5555 34 1 8 4967 3616 0 11687 0 2080 0 0 863 0 0 154 0 0 0 0 0 0 0 0 0 0 0 0 0 0 0 0 0 0 409 12 0 0 0 84 0 0 0 0 0 0 0 0 6 0 0 0 0 298 0 0 0 0 0 
0 554 0 0 1237 0 117 0 0 0 0 0 0 0 72 0 0 48 0 253 129 1083 373 0 236 204 1 4 20 98 0 594 0 165 0 0 258 0 0 108 0 0 0 0 0 0 0 0 0 0 0 0 0 0 0 0 0 0 1 0 5 0 2 0 196 0 0 0 0 0 0 0 0 0 0 0 0 0 0 0 0 0 0 
0 110 0 0 92 0 3 0 0 0 0 0 0 0 1 0 0 13 751 39 19 4 5555 236 0 321 5 25 1688 554 0 234 0 46 1 0 99 0 0 246 0 0 0 0 0 0 0 0 0 0 0 0 0 0 0 0 0 0 0 0 0 0 0 0 0 0 0 0 0 0 0 0 0 0 0 0 0 0 0 0 0 0 0 
0 12 0 0 11 0 0 0 0 0 0 0 0 0 303 0 0 8 0 346 8 25 34 204 321 0 392 9 0 0 0 36 0 65 0 0 12 0 0 210 110 0 0 0 0 0 0 0 0 0 0 0 0 0 0 0 0 0 0 0 0 0 0 0 0 0 0 0 0 0 0 0 0 0 0 0 0 0 0 0 0 0 0 
0 0 0 0 0 0 0 0 0 0 0 0 0 0 0 0 0 0 0 3 0 0 1 1 5 392 0 45 20 0 0 0 0 165 0 0 43 0 0 15 4 0 0 0 0 0 0 0 0 0 0 0 0 0 0 0 0 0 0 0 0 0 0 0 0 0 0 0 0 0 0 0 0 0 0 0 0 0 0 0 0 0 0 
350 2766 0 0 25 0 1449 0 0 0 0 0 0 0 0 0 0 0 0 0 0 0 8 4 25 9 45 0 979 27 0 17 0 29 31 0 2363 1 0 983 416 0 0 0 0 0 0 0 0 0 0 0 0 0 0 0 0 0 0 0 0 0 0 0 0 0 0 0 0 0 0 0 0 0 0 0 0 0 0 0 0 0 0 
0 9 0 0 151 86 84 7 35 71 0 0 0 3 0 115 5 453 2212 0 0 0 4967 20 1688 0 20 979 0 5339 4 1746 0 55 1 0 42 0 0 300 0 0 0 0 0 0 0 0 5 0 0 0 0 0 0 0 0 0 0 63 0 0 0 16 0 0 0 0 0 1 0 0 11 0 0 9 0 82 0 0 0 0 10 
11 43 0 0 363 785 67 77 105 780 0 0 1 7 0 331 3228 1904 19521 1 0 10 3616 98 554 0 0 27 5339 0 2006 2635 0 175 0 0 300 0 0 32 0 0 0 0 0 0 1 0 28 0 1 0 0 0 0 0 0 0 19 388 0 0 0 111 0 0 0 0 0 7 0 0 18 0 1 45 0 273 0 0 0 0 52 
0 0 0 0 1 0 0 2 0 1 0 0 0 0 0 4 532 107 3169 0 0 0 0 0 0 0 0 0 4 2006 0 726 0 3 0 0 2 0 0 0 0 0 0 0 0 0 0 0 0 0 0 0 0 0 0 0 0 0 0 0 0 0 0 0 0 0 0 0 0 0 0 0 0 0 0 0 0 0 0 0 0 0 0 
2585 3924 0 0 308 27 373 0 1 176 0 0 0 0 0 209 1580 21232 7686 53 0 339 11687 594 234 36 0 17 1746 2635 726 0 416 6362 3 0 276 0 0 277 4 0 0 0 0 0 0 0 0 0 0 0 0 0 0 0 3 0 5 362 0 0 0 62 0 0 0 0 0 3 1 0 9 0 2 24 0 306 3 0 0 0 48 
0 0 0 0 0 0 0 0 0 1 0 0 0 0 0 124 143 7 0 0 0 0 0 0 0 0 0 0 0 0 0 416 0 56 0 0 0 0 0 0 0 0 0 0 0 0 0 0 0 0 0 0 0 0 0 0 0 0 0 0 0 0 0 0 0 0 0 0 0 0 0 0 0 0 0 0 0 0 0 0 0 0 0 
1897 246 947 122 2848 906 3044 791 0 3758 0 440 21 19 0 1502 2003 8527 2 76 0 558 2080 165 46 65 165 29 55 175 3 6362 56 0 11 1 883 5 346 72 247 0 0 0 0 0 0 0 39 0 0 0 1 0 0 0 0 0 0 13 0 0 0 13 0 0 0 0 0 0 0 0 1 0 3 1 0 117 0 0 0 0 16 
0 2 0 0 0 0 422 2649 0 11424 0 0 0 17 0 7377 0 12219 0 2786 0 0 0 0 1 0 0 31 1 0 0 3 0 11 0 1385 764 132 1 2 1 0 0 0 0 0 0 0 84 0 0 3 0 0 0 0 0 0 573 0 3002 0 0 0 0 0 0 0 0 0 0 0 1 0 11 3246 44 577 1 0 0 0 371 
0 0 938 0 0 0 16028 1099 0 1926 0 0 0 34 0 1117 0 1603 0 504 0 0 0 0 0 0 0 0 0 0 0 0 0 1 1385 0 302 5 1 0 0 0 0 0 0 0 0 0 0 0 0 0 0 0 0 0 1 0 111 0 238 0 0 0 0 0 0 0 0 0 0 0 0 0 0 932 59 8 0 0 0 0 7 
1 2160 5 0 8046 97 24309 16327 0 18932 0 0 1 238 1 16124 189 17224 0 613 0 31 863 258 99 12 43 2363 42 300 2 276 0 883 764 302 0 28 4 149 3 0 0 0 0 0 19 0 5172 0 0 0 0 0 0 0 1 0 73 41 490 0 0 39 0 0 0 0 0 4 6 0 20 0 298 1379 0 3339 83 0 0 0 3692 
0 0 0 0 0 0 1249 71 0 563 0 0 0 0 0 0 0 0 0 0 0 0 0 0 0 0 0 1 0 0 0 0 0 5 132 5 28 0 0 19 0 0 0 0 0 0 0 0 3 0 0 0 0 0 0 0 0 0 3 0 7 0 0 1 0 0 0 0 0 0 0 0 0 0 0 93 0 128 12 0 0 0 1983 
26 0 993 158 0 0 2295 83 0 0 0 500 9 0 0 0 0 0 0 0 0 0 0 0 0 0 0 0 0 0 0 0 0 346 1 1 4 0 0 0 0 0 0 0 7 0 0 0 0 0 0 0 0 0 0 0 0 0 0 0 0 0 0 0 0 0 0 0 0 0 0 0 0 0 0 0 0 0 0 0 0 0 1 
0 1 0 0 2 0 0 0 0 0 0 0 0 0 28 0 0 93 0 865 19 15 154 108 246 210 15 983 300 32 0 277 0 72 2 0 149 19 0 0 57 0 0 0 0 0 0 0 0 0 0 0 0 0 0 11 0 0 0 0 11 0 0 0 0 0 0 0 0 0 0 0 0 0 0 10 0 2 0 0 82 0 5 
0 0 0 0 0 0 2 0 0 0 0 0 0 0 0 0 0 0 0 0 0 0 0 0 0 110 4 416 0 0 0 4 0 247 1 0 3 0 0 57 0 0 0 0 0 0 0 0 0 0 0 0 0 0 0 0 0 0 0 0 0 0 0 0 0 0 0 0 0 0 0 0 0 0 0 0 0 0 1 0 0 0 0 
0 0 2988 343 0 0 435 700 0 0 0 0 0 0 0 0 0 0 0 0 0 0 0 0 0 0 0 0 0 0 0 0 0 0 0 0 0 0 0 0 0 0 967 17 815 25 63 65 29 0 0 0 169 1 0 0 0 0 0 0 0 0 0 0 0 0 0 50 206 0 0 0 5929 0 4438 0 1483 2140 41 964 0 291 0 
0 0 0 0 0 0 0 0 0 0 0 0 0 0 0 0 0 0 0 0 0 0 0 0 0 0 0 0 0 0 0 0 0 0 0 0 0 0 0 0 0 967 0 0 0 3 281 0 25 0 0 0 0 0 0 0 0 0 0 0 0 0 0 0 0 0 0 0 1 0 0 0 4596 0 1396 0 0 568 0 0 0 0 0 
0 0 1466 469 0 0 2687 6327 0 0 0 8 259 0 0 0 0 0 0 0 0 0 0 0 0 0 0 0 0 0 0 0 0 0 0 0 0 0 0 0 0 17 0 0 440 0 0 13 18 0 0 0 0 15 0 0 0 0 0 0 0 0 0 0 0 0 0 0 0 0 0 0 0 0 80 0 1256 6 0 105 0 0 0 
0 0 216 275 0 0 0 16 0 0 0 2 13 0 0 0 0 0 0 0 0 0 0 0 0 0 0 0 0 0 0 0 0 0 0 0 0 0 7 0 0 815 0 440 0 0 0 0 120 0 0 0 132 28 0 0 0 0 0 0 0 0 0 0 0 0 0 0 0 0 0 0 0 0 37 0 0 0 0 0 0 0 0 
0 0 0 0 0 0 232 92 0 0 0 0 0 0 0 0 0 0 0 0 0 0 0 0 0 0 0 0 0 0 0 0 0 0 0 0 0 0 0 0 0 25 3 0 0 0 2446 987 1878 0 0 0 0 0 0 0 0 0 0 0 0 0 0 0 0 3 0 0 0 0 0 0 5175 0 4769 0 22 4887 0 0 0 0 0 
0 0 0 0 0 0 0 1 0 0 0 0 0 0 0 1 0 0 0 0 0 0 0 0 0 0 0 0 0 1 0 0 0 0 0 0 19 0 0 0 0 63 281 0 0 2446 0 156 27094 187 5743 0 0 0 0 0 1339 53 220 19 0 0 0 604 2 0 0 0 0 360 3925 495 1128 0 4508 0 2 444 0 0 0 0 0 
0 0 2 4 0 0 10528 4294 0 0 0 0 655 0 0 0 0 0 0 0 0 0 0 0 0 0 0 0 0 0 0 0 0 0 0 0 0 0 0 0 0 65 0 13 0 987 156 0 38909 12577 129 0 0 1 0 0 0 0 0 0 0 0 0 0 0 4 0 0 8 0 0 0 8873 0 215 4 19363 15597 168 0 0 0 0 
0 0 24 13 4 80 12163 18958 0 1499 127 0 775 129 0 94 5 1 0 0 0 0 0 0 0 0 0 0 5 28 0 0 0 39 84 0 5172 3 0 0 0 29 25 18 120 1878 27094 38909 0 3617 177 395 1189 3720 1630 0 1 0 0 0 35 0 0 0 0 0 0 0 0 0 0 0 0 0 4092 3156 1297 11046 7 0 0 0 557 
0 0 0 0 0 0 0 0 0 0 0 0 0 0 0 0 0 0 0 0 0 0 0 0 0 0 0 0 0 0 0 0 0 0 0 0 0 0 0 0 0 0 0 0 0 0 187 12577 3617 0 17585 0 0 0 0 0 383 8 9 5 0 0 0 0 0 0 0 0 0 63 45 8 1 0 0 0 0 0 0 0 0 0 0 
0 0 0 0 0 0 0 1 0 3786 278 0 0 0 0 0 0 0 0 1 0 0 0 0 0 0 0 0 0 1 0 0 0 0 0 0 0 0 0 0 0 0 0 0 0 0 5743 129 177 17585 0 29 0 1 5 0 19362 6738 152 231 2 0 0 1 0 0 0 0 0 1279 5772 3765 2786 6 5385 11519 767 17991 213 0 0 0 9819 
0 0 0 0 0 0 0 1723 0 8866 704 0 0 4 0 11 0 8 0 136 0 0 0 0 0 0 0 0 0 0 0 0 0 0 3 0 0 0 0 0 0 0 0 0 0 0 0 0 395 0 29 0 0 267 742 0 1891 0 3 0 723 0 0 0 0 0 0 0 0 0 0 0 0 0 0 953 227 93 0 0 0 0 362 
0 0 52 1 0 0 0 100 0 0 0 2 331 0 0 0 0 0 0 0 0 0 0 0 0 0 0 0 0 0 0 0 0 1 0 0 0 0 0 0 0 169 0 0 132 0 0 0 1189 0 0 0 0 300 1 0 0 0 0 0 0 0 0 0 0 0 0 0 0 0 0 0 0 0 614 0 0 0 0 0 0 0 0 
0 0 1 2 0 0 126 150 0 0 3 7 288 6 0 0 0 0 0 5 0 0 0 0 0 0 0 0 0 0 0 0 0 0 0 0 0 0 0 0 0 1 0 15 28 0 0 1 3720 0 1 267 300 0 202 0 109 0 0 0 83 0 0 0 0 0 0 0 0 0 0 0 0 0 5 0 0 0 0 0 0 0 0 
0 0 0 0 0 0 0 57 0 143 0 0 0 20 12 0 0 10 0 528 0 0 0 0 0 0 0 0 0 0 0 0 0 0 0 0 0 0 0 0 0 0 0 0 0 0 0 0 1630 0 5 742 1 202 0 1876 157 0 12 0 2623 0 0 0 24 0 0 0 0 0 0 0 0 0 0 1 0 4 0 0 0 0 2 
0 0 0 0 0 0 0 0 0 0 0 0 0 110 377 0 0 58 0 64 1 0 0 0 0 0 0 0 0 0 0 0 0 0 0 0 0 0 0 11 0 0 0 0 0 0 0 0 0 0 0 0 0 0 1876 0 0 0 13 0 1100 73 112 0 59 3 459 35 24 21 0 0 0 0 0 24 0 0 0 0 361 25 0 
0 0 0 0 2 0 0 0 0 692 20 0 0 15 0 24 0 24 0 14 0 0 0 0 0 0 0 0 0 0 0 3 0 0 0 1 1 0 0 0 0 0 0 0 0 0 1339 0 1 383 19362 1891 0 109 157 0 0 17265 2164 467 1123 0 0 3 0 0 0 0 0 80 928 487 141 77 809 2907 547 11199 0 0 0 0 1140 
0 0 0 0 0 0 0 0 0 0 0 0 0 0 0 0 0 0 0 0 0 0 0 0 0 0 0 0 0 0 0 0 0 0 0 0 0 0 0 0 0 0 0 0 0 0 53 0 0 8 6738 0 0 0 0 0 17265 0 9688 290 0 0 0 0 0 0 0 0 0 133 5185 3834 7890 117 569 0 0 395 0 0 0 0 0 
0 0 0 0 0 0 13 0 0 89 0 0 0 3 9 367 0 14949 0 831 291 48 409 1 0 0 0 0 0 19 0 5 0 0 573 111 73 3 0 0 0 0 0 0 0 0 220 0 0 9 152 3 0 0 12 13 2164 9688 0 26375 566 1024 317 3388 272 1 8 0 0 12 904 3 2103 907 1673 14826 847 23805 227 0 44 0 1974 
0 0 0 0 30 0 74 0 0 0 0 0 0 0 0 0 0 325 0 1 10 0 12 0 0 0 0 0 63 388 0 362 0 13 0 0 41 0 0 0 0 0 0 0 0 0 19 0 0 5 231 0 0 0 0 0 467 290 26375 0 986 3 1 3466 0 0 0 0 0 3103 12614 1980 1741 49 16 0 0 560 0 0 0 0 0 
0 0 0 0 1 0 17 1 0 865 45 0 1 403 160 792 0 2965 0 2933 140 0 0 5 0 0 0 0 0 0 0 0 0 0 3002 238 490 7 0 11 0 0 0 0 0 0 0 0 35 0 2 723 0 83 2623 1100 1123 0 566 986 0 158 79 91 40 0 37 0 1 1 0 0 28 0 0 789 287 2050 0 0 300 0 820 
0 0 0 0 0 0 0 0 0 0 0 0 0 0 6 0 0 149 0 41 46 0 0 0 0 0 0 0 0 0 0 0 0 0 0 0 0 0 0 0 0 0 0 0 0 0 0 0 0 0 0 0 0 0 0 73 0 0 1024 3 158 0 583 159 894 1 34 0 0 0 0 0 0 0 0 0 0 0 0 0 154 0 0 
0 0 0 0 0 0 0 0 0 0 0 0 0 0 3 0 0 12 0 0 19 0 0 2 0 0 0 0 0 0 0 0 0 0 0 0 0 0 0 0 0 0 0 0 0 0 0 0 0 0 0 0 0 0 0 112 0 0 317 1 79 583 0 371 2405 3 92 1 2 4 0 0 0 0 0 0 0 1 0 0 290 0 0 
0 0 0 0 42 0 88 0 0 0 0 0 0 0 1 0 0 2035 0 7 36 9 84 0 0 0 0 0 16 111 0 62 0 13 0 0 39 1 0 0 0 0 0 0 0 0 604 0 0 0 1 0 0 0 0 0 3 0 3388 3466 91 159 371 0 326 1136 2 1 5 151 2038 0 8393 8 701 43 0 7058 8 1 88 0 71 
0 0 0 0 0 0 0 0 0 0 0 0 0 0 1 0 0 1 0 0 206 58 0 196 0 0 0 0 0 0 0 0 0 0 0 0 0 0 0 0 0 0 0 0 0 0 2 0 0 0 0 0 0 0 24 59 0 0 272 0 40 894 2405 326 0 152 389 28 73 113 24 0 147 0 15 0 0 61 0 2 154 0 0 
0 0 0 0 0 0 0 0 0 0 0 0 0 0 0 0 0 0 0 0 1 0 0 0 0 0 0 0 0 0 0 0 0 0 0 0 0 0 0 0 0 0 0 0 0 3 0 4 0 0 0 0 0 0 0 3 0 0 1 0 0 1 3 1136 152 0 177 179 68 1023 240 0 2106 2 16 0 0 503 0 4 142 0 0 
0 0 0 0 0 0 0 0 0 0 0 0 0 0 0 0 0 0 0 0 0 0 0 0 0 0 0 0 0 0 0 0 0 0 0 0 0 0 0 0 0 0 0 0 0 0 0 0 0 0 0 0 0 0 0 459 0 0 8 0 37 34 92 2 389 177 0 346 111 39 1 0 5 0 0 0 0 10 0 0 86 1117 0 
0 0 0 0 0 0 0 0 0 0 0 0 0 0 0 0 0 0 0 0 0 0 0 0 0 0 0 0 0 0 0 0 0 0 0 0 0 0 0 0 0 50 0 0 0 0 0 0 0 0 0 0 0 0 0 35 0 0 0 0 0 0 1 1 28 179 346 0 149 7 0 0 6 0 31 0 0 4 1 0 57 13 0 
0 0 0 0 0 0 0 0 0 0 0 0 0 0 0 0 0 0 0 0 0 0 0 0 0 0 0 0 0 0 0 0 0 0 0 0 0 0 0 0 0 206 1 0 0 0 0 8 0 0 0 0 0 0 0 24 0 0 0 0 1 0 2 5 73 68 111 149 0 1 4 0 0 0 74 0 0 217 169 4 724 2936 0 
0 0 0 0 0 0 2 0 0 0 0 0 0 0 0 0 0 0 0 0 0 0 0 0 0 0 0 0 1 7 0 3 0 0 0 0 4 0 0 0 0 0 0 0 0 0 360 0 0 63 1279 0 0 0 0 21 80 133 12 3103 1 0 4 151 113 1023 39 7 1 0 2682 2 598 0 58 0 0 143 0 0 62 0 0 
0 0 0 0 0 0 3 0 0 0 0 0 0 0 0 0 0 2 0 0 0 0 0 0 0 0 0 0 0 0 0 1 0 0 0 0 6 0 0 0 0 0 0 0 0 0 3925 0 0 45 5772 0 0 0 0 0 928 5185 904 12614 0 0 0 2038 24 240 1 0 4 2682 0 409 1422 6 794 0 0 1235 0 0 53 0 0 
0 0 0 0 0 0 0 0 0 0 0 0 0 0 0 0 0 0 0 0 0 0 0 0 0 0 0 0 0 0 0 0 0 0 0 0 0 0 0 0 0 0 0 0 0 0 495 0 0 8 3765 0 0 0 0 0 487 3834 3 1980 0 0 0 0 0 0 0 0 0 2 409 0 1219 0 41 0 0 78 0 0 0 0 0 
0 0 0 0 11 0 8 0 0 0 0 0 0 0 0 0 0 24 0 6 0 0 6 0 0 0 0 0 11 18 0 9 0 1 1 0 20 0 0 0 0 5929 4596 0 0 5175 1128 8873 0 1 2786 0 0 0 0 0 141 7890 2103 1741 28 0 0 8393 147 2106 5 6 0 598 1422 1219 0 84 2514 27 0 5962 170 53 1670 560 7 
0 0 0 0 0 0 0 0 0 0 0 0 0 0 0 0 0 0 0 0 0 0 0 0 0 0 0 0 0 0 0 0 0 0 0 0 0 0 0 0 0 0 0 0 0 0 0 0 0 0 6 0 0 0 0 0 77 117 907 49 0 0 0 8 0 2 0 0 0 0 6 0 84 0 291 0 0 68 0 0 0 0 0 
0 0 28 0 5 0 10 4 0 1 0 7 0 0 0 1 0 0 0 0 0 0 0 0 0 0 0 0 0 1 0 2 0 3 11 0 298 0 0 0 0 4438 1396 80 37 4769 4508 215 4092 0 5385 0 614 5 0 0 809 569 1673 16 0 0 0 701 15 16 0 31 74 58 794 41 2514 291 0 2 7 628 8 21 11 35 0 
0 93 0 0 157 0 121 10 0 6 0 0 0 0 14 0 0 66 0 204 0 0 0 0 0 0 0 0 9 45 0 24 0 1 3246 932 1379 93 0 10 0 0 0 0 0 0 0 4 3156 0 11519 953 0 0 1 24 2907 0 14826 0 789 0 0 43 0 0 0 0 0 0 0 0 27 0 2 0 322 337 1 2 0 0 841 
0 0 0 0 0 0 0 0 0 0 0 0 0 0 0 0 0 15 0 14 0 0 0 0 0 0 0 0 0 0 0 0 0 0 44 59 0 0 0 0 0 1483 0 1256 0 22 2 19363 1297 0 767 227 0 0 0 0 547 0 847 0 287 0 0 0 0 0 0 0 0 0 0 0 0 0 7 322 0 322 0 0 0 0 43 
0 5 0 0 382 3 249 4 0 3 0 0 0 0 0 1 1 472 3 270 4 19 298 0 0 0 0 0 82 273 0 306 0 117 577 8 3339 128 0 2 0 2140 568 6 0 4887 444 15597 11046 0 17991 93 0 0 4 0 11199 395 23805 560 2050 0 1 7058 61 503 10 4 217 143 1235 78 5962 68 628 337 322 0 6 0 88 27 2798 
0 0 0 0 5 0 2 0 0 0 0 0 0 0 0 0 0 0 0 0 0 0 0 0 0 0 0 0 0 0 0 3 0 0 1 0 83 12 0 0 1 41 0 0 0 0 0 168 7 0 213 0 0 0 0 0 0 0 227 0 0 0 0 8 0 0 0 1 169 0 0 0 170 0 8 1 0 6 0 0 23 9 746 
0 0 0 0 0 0 0 0 0 0 0 0 0 0 0 0 0 0 0 0 0 0 0 0 0 0 0 0 0 0 0 0 0 0 0 0 0 0 0 0 0 964 0 105 0 0 0 0 0 0 0 0 0 0 0 0 0 0 0 0 0 0 0 1 2 4 0 0 4 0 0 0 53 0 21 2 0 0 0 0 0 2 0 
0 0 0 0 0 0 0 0 0 0 0 0 0 0 157 0 0 64 0 2 1 0 0 0 0 0 0 0 0 0 0 0 0 0 0 0 0 0 0 82 0 0 0 0 0 0 0 0 0 0 0 0 0 0 0 361 0 0 44 0 300 154 290 88 154 142 86 57 724 62 53 0 1670 0 11 0 0 88 23 0 0 22 2 
0 0 0 0 0 0 0 0 0 0 0 0 0 0 0 0 0 0 0 0 0 0 0 0 0 0 0 0 0 0 0 0 0 0 0 0 0 0 0 0 0 291 0 0 0 0 0 0 0 0 0 0 0 0 0 25 0 0 0 0 0 0 0 0 0 0 1117 13 2936 0 0 0 560 0 35 0 0 27 9 2 22 0 0 
0 24 0 0 75 1 73 628 0 1377 0 0 0 0 0 2433 0 6623 0 497 0 0 0 0 0 0 0 0 10 52 0 48 0 16 371 7 3692 1983 1 5 0 0 0 0 0 0 0 0 557 0 9819 362 0 0 2 0 1140 0 1974 0 820 0 0 71 0 0 0 0 0 0 0 0 7 0 0 841 43 2798 746 0 2 0 0 
