0 10 0 112 96 0 73 0 0 0 0 113 0 0 0 0 0 250 17 0 0 0 0 0 0 0 0 0 58 17 0 0 0 798 21 2553 6538 0 22 0 0 2875 0 0 0 0 0 221 0 0 0 0 0 0 0 0 0 0 0 0 0 0 0 0 0 0 0 0 0 0 0 0 0 0 0 0 0 0 0 3 0 0 3 
10 0 0 0 2 0 5 0 0 0 0 0 0 0 0 0 0 0 0 0 0 0 0 0 0 0 0 0 0 0 0 0 0 0 346 4734 3400 10 0 0 0 0 0 0 0 0 0 8 5 0 0 0 0 0 0 0 0 0 0 0 0 0 0 0 0 0 0 0 0 0 0 0 0 0 0 0 0 0 0 0 0 0 0 
0 0 0 435 0 0 0 0 0 0 0 199 0 0 0 0 0 0 0 0 0 0 0 0 0 0 0 0 0 0 0 0 0 0 0 0 0 0 0 0 0 2 0 0 0 0 0 56 0 0 0 0 0 0 0 0 0 0 0 0 0 0 0 0 0 0 0 0 0 0 0 0 0 0 0 0 0 0 0 0 0 0 0 
112 0 435 0 0 0 75 1 0 0 0 150 0 0 0 0 0 1 0 0 0 0 0 0 0 0 0 0 0 0 0 0 0 93 0 14 233 0 0 0 0 147 0 0 0 0 0 2 0 0 0 0 0 0 0 0 0 0 0 0 0 0 0 0 0 0 0 0 0 0 0 0 0 0 0 0 0 0 0 1 0 0 0 
96 2 0 0 0 1875 387 0 1 57 0 0 0 0 0 0 0 6 0 0 0 0 0 0 0 0 0 0 0 0 0 0 0 1460 321 144 6088 1 0 0 0 0 0 0 0 0 0 0 0 0 0 0 0 0 0 0 0 0 0 0 0 0 0 0 0 0 0 0 0 0 0 0 0 0 0 0 0 0 0 0 0 0 0 
0 0 0 0 1875 0 1859 104 150 1612 0 0 0 0 0 0 0 15 0 0 0 0 0 0 0 0 0 0 0 0 0 0 0 160 0 0 56 0 0 0 0 0 0 0 0 0 0 0 0 0 0 0 0 0 0 0 0 0 0 0 0 0 0 0 0 0 0 0 0 0 0 0 0 0 0 0 0 0 0 0 0 0 0 
73 5 0 75 387 1859 0 1205 852 2358 0 661 2495 0 0 272 105 344 0 0 0 0 0 0 0 0 0 0 0 0 0 0 0 19 2340 9720 5956 90 73 0 0 801 0 0 0 0 0 4821 4159 0 0 0 0 0 0 0 0 0 0 0 0 0 0 0 0 0 0 0 0 0 0 0 0 0 0 7 0 258 0 2 0 0 0 
0 0 0 1 0 104 1205 0 1401 4522 1 3115 15487 3925 0 740 161 486 0 0 0 0 0 0 0 0 0 0 0 0 0 0 0 0 1235 42 13493 0 0 0 0 0 0 0 0 0 0 0 21810 0 178 0 0 7 81 0 0 0 0 0 0 0 0 0 0 0 0 0 0 0 0 0 0 0 0 3526 148 2345 0 0 0 0 0 
0 0 0 0 1 150 852 1401 0 4387 0 0 7 0 0 0 0 0 0 0 0 0 0 0 0 0 0 0 0 0 0 0 0 0 0 0 16 0 0 0 0 0 0 0 0 0 0 0 127 0 0 0 0 0 0 0 0 0 0 0 0 0 0 0 0 0 0 0 0 0 0 0 0 0 0 0 0 0 0 0 0 0 0 
0 0 0 0 57 1612 2358 4522 4387 0 296 0 191 519 0 1201 368 2433 6 30 0 0 0 0 0 0 0 0 0 4 0 0 0 5463 16339 917 10435 0 0 11 1 0 0 0 0 0 0 0 4136 0 1079 813 0 1 141 0 22 0 443 0 165 0 0 0 0 0 0 0 0 0 0 0 0 0 0 2020 105 3 0 0 0 0 4891 
0 0 0 0 0 0 0 1 0 296 0 0 25 3391 0 0 0 249 0 1033 0 0 0 0 0 0 0 0 0 0 0 0 0 0 452 35 0 0 0 0 0 0 0 0 0 0 0 0 563 0 375 216 0 0 272 0 1476 0 1058 0 145 0 0 0 0 0 0 0 0 0 0 0 0 0 0 221 0 0 0 0 0 0 0 
113 0 199 150 0 0 661 3115 0 0 0 0 7 0 0 0 0 0 0 0 0 0 0 0 0 0 0 0 0 0 0 0 0 0 0 0 55 0 2 0 0 436 0 0 42 0 0 0 0 0 0 0 0 0 0 0 0 0 0 0 0 0 0 0 0 0 0 0 0 0 0 0 0 0 0 0 0 0 0 2 0 0 0 
0 0 0 0 0 0 2495 15487 7 191 25 7 0 16 0 0 0 15 0 0 0 0 0 0 0 0 0 0 0 0 0 0 0 0 1 0 0 0 0 0 0 0 0 0 0 0 0 0 591 0 0 0 0 1 0 0 0 0 0 0 0 0 0 0 0 0 0 0 0 0 0 0 0 0 0 0 0 1 0 0 0 0 0 
0 0 0 0 0 0 0 3925 0 519 3391 0 16 0 76 0 0 3 0 1141 0 0 0 0 0 0 0 0 0 0 0 0 0 0 0 0 0 0 0 0 0 0 0 0 0 0 0 0 128 0 0 21 0 0 10 0 1 0 9 0 0 0 0 0 0 0 0 0 0 0 0 0 0 0 0 1 0 0 0 0 0 0 0 
0 0 0 0 0 0 0 0 0 0 0 0 0 76 0 0 0 599 0 1717 147 2 0 235 17 11 0 0 6 0 0 0 0 107 0 0 0 0 0 533 0 0 0 0 0 0 0 0 0 0 0 0 0 0 0 28 0 0 61 348 14 0 0 0 0 232 0 0 0 0 0 0 0 0 0 0 0 0 0 0 127 0 0 
0 0 0 0 0 0 272 740 0 1201 0 0 0 0 0 0 1009 223 3 5 0 0 0 0 0 0 0 0 0 25 1 1 0 2063 95 0 1221 0 0 4 4 0 0 0 0 0 0 0 18 0 0 0 0 0 0 0 0 0 0 0 1 0 0 0 0 0 0 0 0 0 0 0 0 0 0 0 0 0 0 0 0 0 68 
0 0 0 0 0 0 105 161 0 368 0 0 0 0 0 1009 0 589 6389 0 0 0 0 0 0 0 0 0 54 2216 50 245 0 3260 0 0 884 0 0 0 0 0 0 0 0 0 0 0 0 0 0 0 0 0 0 0 0 0 0 0 0 0 0 0 0 0 0 0 0 0 0 0 0 0 0 0 0 0 0 0 0 0 0 
250 0 0 1 6 15 344 486 0 2433 249 0 15 3 599 223 589 0 11480 337 79 0 1055 25 238 0 0 0 13831 6684 2919 4657 18 7399 567 0 5110 0 0 7602 254 0 0 0 0 0 0 0 226 0 15 100 0 0 596 959 30 0 513 1192 5476 0 0 8 0 4207 0 0 0 0 0 0 0 0 0 211 0 0 0 0 110 0 38 
17 0 0 0 0 0 0 0 0 6 0 0 0 0 0 3 6389 11480 0 0 0 0 317 0 348 0 0 0 3262 1710 74 361 0 1093 0 0 0 0 0 1414 0 0 0 0 0 0 0 0 0 0 0 0 0 0 0 0 0 0 0 19 0 0 0 0 0 136 0 0 0 0 0 0 0 0 0 0 0 0 0 0 0 0 0 
0 0 0 0 0 0 0 0 0 30 1033 0 0 1141 1717 5 0 337 0 0 731 9 579 49 33 0 0 0 174 0 0 0 0 21 0 0 0 0 0 196 0 0 0 0 0 0 0 0 0 0 0 108 0 0 1594 1645 10 0 126 630 6535 0 0 1 0 293 0 0 0 0 0 0 0 0 0 41 0 0 0 0 0 0 0 
0 0 0 0 0 0 0 0 0 0 0 0 0 0 147 0 0 79 0 731 0 46 1637 1192 3022 0 0 0 4356 0 0 0 0 0 0 0 0 0 0 221 0 0 0 0 0 0 0 0 0 0 0 0 0 0 0 0 0 0 0 7 0 0 0 0 0 4 0 0 0 0 0 0 0 0 0 0 0 0 0 0 0 0 0 
0 0 0 0 0 0 0 0 0 0 0 0 0 0 2 0 0 0 0 9 46 0 22 479 2858 0 0 0 430 0 0 0 0 0 0 0 0 0 0 25 0 0 0 0 0 0 0 0 0 0 0 0 0 0 0 0 0 0 0 0 0 0 0 0 2 0 0 0 0 0 0 0 0 0 0 0 0 0 0 0 0 0 0 
0 0 0 0 0 0 0 0 0 0 0 0 0 0 0 0 0 1055 317 579 1637 22 0 75 3284 0 0 0 3174 43 0 0 0 0 0 0 0 0 0 188 0 0 0 0 0 0 0 0 0 0 0 0 0 0 0 0 0 0 0 0 0 0 0 0 0 0 0 0 0 0 0 0 0 0 0 0 0 0 0 0 0 0 0 
0 0 0 0 0 0 0 0 0 0 0 0 0 0 235 0 0 25 0 49 1192 479 75 0 936 25 0 0 157 0 0 0 0 2 0 0 0 0 0 238 0 0 0 0 0 0 0 0 0 0 0 0 0 0 0 0 0 0 0 5 0 0 2 0 1 0 0 0 0 0 0 0 0 0 0 0 0 0 0 0 0 0 0 
0 0 0 0 0 0 0 0 0 0 0 0 0 0 17 0 0 238 348 33 3022 2858 3284 936 0 1 0 0 75 1 0 0 0 1337 0 0 16 0 0 369 0 0 0 0 0 0 0 0 0 0 0 0 0 0 0 10 0 0 0 0 0 0 0 0 0 9 0 0 0 0 0 0 0 0 0 0 0 0 0 0 0 0 0 
0 0 0 0 0 0 0 0 0 0 0 0 0 0 11 0 0 0 0 0 0 0 0 25 1 0 0 0 0 0 0 0 0 0 0 0 0 0 0 49 0 0 0 0 0 0 0 0 0 0 0 0 0 0 0 0 0 0 0 0 0 0 0 0 0 0 0 0 0 0 0 0 0 0 0 0 0 0 0 0 0 0 0 
0 0 0 0 0 0 0 0 0 0 0 0 0 0 0 0 0 0 0 0 0 0 0 0 0 0 0 0 0 0 0 0 0 0 0 0 0 0 0 0 0 0 0 0 0 0 0 0 0 0 0 0 0 0 0 0 0 0 0 0 0 0 0 0 0 0 0 0 0 0 0 0 0 0 0 0 0 0 0 0 0 0 0 
0 0 0 0 0 0 0 0 0 0 0 0 0 0 0 0 0 0 0 0 0 0 0 0 0 0 0 0 0 0 0 0 0 46 0 0 0 0 0 0 0 0 0 0 0 0 0 0 0 0 0 0 0 0 0 0 0 0 0 0 0 0 0 0 0 0 0 0 0 0 0 0 0 0 0 0 0 0 0 0 0 0 0 
58 0 0 0 0 0 0 0 0 0 0 0 0 0 6 0 54 13831 3262 174 4356 430 3174 157 75 0 0 0 0 609 26 66 0 1748 0 0 1 0 0 1 0 0 0 0 0 0 0 0 0 0 0 0 0 0 0 0 0 0 0 0 0 0 0 0 0 0 0 0 0 0 0 0 0 0 0 0 0 0 0 0 0 0 0 
17 0 0 0 0 0 0 0 0 4 0 0 0 0 0 25 2216 6684 1710 0 0 0 43 0 1 0 0 0 609 0 301 1333 0 2090 0 0 0 0 0 0 0 0 0 0 0 0 0 0 0 0 0 0 0 0 0 0 0 0 0 0 0 0 0 0 0 0 0 0 0 0 0 0 0 0 0 0 0 0 0 0 0 0 0 
0 0 0 0 0 0 0 0 0 0 0 0 0 0 0 1 50 2919 74 0 0 0 0 0 0 0 0 0 26 301 0 375 0 20 0 0 0 0 0 0 0 0 0 0 0 0 0 0 0 0 0 0 0 0 0 0 0 0 0 0 0 0 0 0 0 0 0 0 0 0 0 0 0 0 0 0 0 0 0 0 0 0 0 
0 0 0 0 0 0 0 0 0 0 0 0 0 0 0 1 245 4657 361 0 0 0 0 0 0 0 0 0 66 1333 375 0 690 1303 0 0 0 0 0 0 0 0 0 0 0 0 0 0 0 0 0 0 0 0 0 0 0 0 0 0 0 0 0 0 0 0 0 0 0 0 0 0 0 0 0 0 0 0 0 0 0 0 0 
0 0 0 0 0 0 0 0 0 0 0 0 0 0 0 0 0 18 0 0 0 0 0 0 0 0 0 0 0 0 0 690 0 38 0 0 0 0 0 0 0 0 0 0 0 0 0 0 0 0 0 0 0 0 0 0 0 0 0 0 0 0 0 0 0 0 0 0 0 0 0 0 0 0 0 0 0 0 0 0 0 0 0 
798 0 0 93 1460 160 19 0 0 5463 0 0 0 0 107 2063 3260 7399 1093 21 0 0 0 2 1337 0 0 46 1748 2090 20 1303 38 0 0 0 48 0 0 14 0 0 0 0 0 0 0 0 0 0 0 0 0 0 0 17 0 0 0 0 3 0 0 0 0 0 0 0 0 0 0 0 0 0 0 0 0 0 0 0 0 0 0 
21 346 0 0 321 0 2340 1235 0 16339 452 0 1 0 0 95 0 567 0 0 0 0 0 0 0 0 0 0 0 0 0 0 0 0 0 1031 148 347 3 511 41 0 0 0 0 0 0 0 5178 0 143 357 0 2 1 0 279 0 436 0 354 0 0 0 0 0 0 0 0 0 0 0 0 0 0 4417 315 921 0 0 1 0 0 
2553 4734 0 14 144 0 9720 42 0 917 35 0 0 0 0 0 0 0 0 0 0 0 0 0 0 0 0 0 0 0 0 0 0 0 1031 0 59 47 0 3 13 103 0 0 0 0 0 0 143 0 283 66 2 0 0 0 204 0 3 0 0 0 0 0 0 0 0 0 0 0 0 0 0 0 0 184 9 3 0 0 0 0 36 
6538 3400 0 233 6088 56 5956 13493 16 10435 0 55 0 0 0 1221 884 5110 0 0 0 0 0 0 16 0 0 0 1 0 0 0 0 48 148 59 0 2 0 0 0 5 0 0 0 0 0 0 6263 0 0 0 0 1 0 0 0 0 2 0 22 0 0 0 0 0 0 0 0 0 0 0 0 0 0 4539 317 669 0 0 0 0 1063 
0 10 0 0 1 0 90 0 0 0 0 0 0 0 0 0 0 0 0 0 0 0 0 0 0 0 0 0 0 0 0 0 0 0 347 47 2 0 0 0 0 0 0 0 0 0 0 0 0 0 0 0 0 0 0 0 0 0 0 0 0 0 0 0 0 0 0 0 0 0 0 0 0 0 0 0 0 0 0 0 0 0 5857 
22 0 0 0 0 0 73 0 0 0 0 2 0 0 0 0 0 0 0 0 0 0 0 0 0 0 0 0 0 0 0 0 0 0 3 0 0 0 0 0 0 46 0 0 0 0 0 0 0 0 0 0 16 0 0 0 0 0 0 0 0 0 0 0 0 0 0 0 0 0 0 0 0 0 0 0 0 0 0 339 0 0 39 
0 0 0 0 0 0 0 0 0 11 0 0 0 0 533 4 0 7602 1414 196 221 25 188 238 369 49 0 0 1 0 0 0 0 14 511 3 0 0 0 0 48 0 0 0 0 0 0 0 0 0 0 0 0 0 0 387 0 0 108 0 5564 0 0 0 0 3811 0 0 0 0 0 0 0 0 0 960 0 0 0 0 809 0 0 
0 0 0 0 0 0 0 0 0 1 0 0 0 0 0 4 0 254 0 0 0 0 0 0 0 0 0 0 0 0 0 0 0 0 41 13 0 0 0 48 0 0 0 0 0 0 0 0 0 0 0 0 0 0 0 0 0 0 0 0 1 0 0 0 0 0 0 0 0 0 0 0 0 0 0 0 0 0 0 0 0 0 105 
2875 0 2 147 0 0 801 0 0 0 0 436 0 0 0 0 0 0 0 0 0 0 0 0 0 0 0 0 0 0 0 0 0 0 0 103 5 0 46 0 0 0 17 0 185 188 0 88 0 0 0 0 1601 0 0 0 0 0 0 0 0 0 0 0 0 0 0 0 0 0 0 0 0 0 553 379 3648 6470 21 361 0 0 0 
0 0 0 0 0 0 0 0 0 0 0 0 0 0 0 0 0 0 0 0 0 0 0 0 0 0 0 0 0 0 0 0 0 0 0 0 0 0 0 0 0 17 0 0 0 208 0 16 0 0 0 0 0 0 0 0 0 0 0 0 0 0 0 0 0 0 0 0 0 0 0 0 0 0 8 338 3751 3773 26 0 0 0 0 
0 0 0 0 0 0 0 0 0 0 0 0 0 0 0 0 0 0 0 0 0 0 0 0 0 0 0 0 0 0 0 0 0 0 0 0 0 0 0 0 0 0 0 0 300 0 0 0 40 0 0 0 716 0 0 0 0 0 0 0 0 0 0 0 0 0 0 0 0 0 0 0 0 0 0 0 0 0 0 0 0 0 0 
0 0 0 0 0 0 0 0 0 0 0 42 0 0 0 0 0 0 0 0 0 0 0 0 0 0 0 0 0 0 0 0 0 0 0 0 0 0 0 0 0 185 0 300 0 0 0 9 0 0 0 0 100 0 0 0 0 0 0 0 0 0 0 0 0 0 0 3 0 0 0 0 0 0 0 0 10 5 0 6 0 16 0 
0 0 0 0 0 0 0 0 0 0 0 0 0 0 0 0 0 0 0 0 0 0 0 0 0 0 0 0 0 0 0 0 0 0 0 0 0 0 0 0 0 188 208 0 0 0 310 121 3 291 322 0 0 0 0 0 36 3 783 0 0 0 0 0 0 0 0 0 0 0 0 0 0 0 853 0 0 6367 0 0 0 0 0 
0 0 0 0 0 0 0 0 0 0 0 0 0 0 0 0 0 0 0 0 0 0 0 0 0 0 0 0 0 0 0 0 0 0 0 0 0 0 0 0 0 0 0 0 0 310 0 744 1 870 2564 0 0 0 0 0 17 140 2514 11 0 0 0 0 0 0 0 0 0 0 0 0 0 0 71 0 0 16 0 0 0 0 0 
221 8 56 2 0 0 4821 0 0 0 0 0 0 0 0 0 0 0 0 0 0 0 0 0 0 0 0 0 0 0 0 0 0 0 0 0 0 0 0 0 0 88 16 0 9 121 744 0 964 876 579 0 972 0 0 0 43 2 430 0 0 0 0 0 0 0 0 0 0 0 0 0 0 0 81 972 6247 10112 55 0 0 0 0 
0 5 0 0 0 0 4159 21810 127 4136 563 0 591 128 0 18 0 226 0 0 0 0 0 0 0 0 0 0 0 0 0 0 0 0 5178 143 6263 0 0 0 0 0 0 40 0 3 1 964 0 1011 1310 89 1975 3327 2391 0 33 0 148 0 0 0 0 0 0 0 0 0 0 0 0 0 0 0 57 14265 273 21214 33 0 0 0 0 
0 0 0 0 0 0 0 0 0 0 0 0 0 0 0 0 0 0 0 0 0 0 0 0 0 0 0 0 0 0 0 0 0 0 0 0 0 0 0 0 0 0 0 0 0 291 870 876 1011 0 2968 0 0 0 0 0 155 0 1048 0 0 0 0 0 0 0 0 0 0 0 0 0 0 0 5 0 0 1118 0 0 0 0 0 
0 0 0 0 0 0 0 178 0 1079 375 0 0 0 0 0 0 15 0 0 0 0 0 0 0 0 0 0 0 0 0 0 0 0 143 283 0 0 0 0 0 0 0 0 0 322 2564 579 1310 2968 0 251 0 0 72 0 2248 2846 1321 473 0 0 0 131 0 0 0 0 0 122 270 0 0 0 362 14238 249 10572 12 0 0 0 49 
0 0 0 0 0 0 0 0 0 813 216 0 0 21 0 0 0 100 0 108 0 0 0 0 0 0 0 0 0 0 0 0 0 0 357 66 0 0 0 0 0 0 0 0 0 0 0 0 89 0 251 0 0 0 2902 0 56 0 0 0 0 0 0 0 0 0 0 0 0 0 0 0 0 0 0 231 0 0 0 0 0 0 0 
0 0 0 0 0 0 0 0 0 0 0 0 0 0 0 0 0 0 0 0 0 0 0 0 0 0 0 0 0 0 0 0 0 0 0 2 0 0 16 0 0 1601 0 716 100 0 0 972 1975 0 0 0 0 0 0 0 0 0 0 0 0 0 0 0 0 0 0 0 0 0 0 0 0 0 0 0 0 0 0 0 0 0 0 
0 0 0 0 0 0 0 7 0 1 0 0 1 0 0 0 0 0 0 0 0 0 0 0 0 0 0 0 0 0 0 0 0 0 2 0 1 0 0 0 0 0 0 0 0 0 0 0 3327 0 0 0 0 0 0 0 0 0 0 0 0 0 0 0 0 0 0 0 0 0 0 0 0 0 0 0 0 0 0 0 0 0 0 
0 0 0 0 0 0 0 81 0 141 272 0 0 10 0 0 0 596 0 1594 0 0 0 0 0 0 0 0 0 0 0 0 0 0 1 0 0 0 0 0 0 0 0 0 0 0 0 0 2391 0 72 2902 0 0 0 6 54 0 32 0 2076 0 0 0 0 0 0 0 0 0 0 0 0 0 0 1 0 0 0 0 0 0 0 
0 0 0 0 0 0 0 0 0 0 0 0 0 0 28 0 0 959 0 1645 0 0 0 0 10 0 0 0 0 0 0 0 0 17 0 0 0 0 0 387 0 0 0 0 0 0 0 0 0 0 0 0 0 0 6 0 0 0 3090 2050 4447 580 8 81 132 381 0 0 0 0 0 0 0 0 0 0 0 0 0 0 719 0 0 
0 0 0 0 0 0 0 0 0 22 1476 0 0 1 0 0 0 30 0 10 0 0 0 0 0 0 0 0 0 0 0 0 0 0 279 204 0 0 0 0 0 0 0 0 0 36 17 43 33 155 2248 56 0 0 54 0 0 3148 2111 165 0 0 0 30 0 0 0 0 0 364 1099 77 1 3 1394 2408 2 6841 0 0 5 100 15 
0 0 0 0 0 0 0 0 0 0 0 0 0 0 0 0 0 0 0 0 0 0 0 0 0 0 0 0 0 0 0 0 0 0 0 0 0 0 0 0 0 0 0 0 0 3 140 2 0 0 2846 0 0 0 0 0 3148 0 183 5648 0 0 0 33 0 0 0 0 0 343 2092 2983 64 22 41 0 0 0 0 0 0 0 0 
0 0 0 0 0 0 0 0 0 443 1058 0 0 9 61 0 0 513 0 126 0 0 0 0 0 0 0 0 0 0 0 0 0 0 436 3 2 0 0 108 0 0 0 0 0 783 2514 430 148 1048 1321 0 0 0 32 3090 2111 183 0 9226 3249 575 441 14 355 2575 91 0 0 10195 3372 0 15 8 1497 3994 3 1899 1 0 5161 665 1 
0 0 0 0 0 0 0 0 0 0 0 0 0 0 348 0 0 1192 19 630 7 0 0 5 0 0 0 0 0 0 0 0 0 0 0 0 0 0 0 0 0 0 0 0 0 0 11 0 0 0 473 0 0 0 0 2050 165 5648 9226 0 1719 1 0 2496 81 5788 12 0 0 2883 779 6 0 2 29 0 0 1 0 0 1253 0 0 
0 0 0 0 0 0 0 0 0 165 145 0 0 0 14 1 0 5476 0 6535 0 0 0 0 0 0 0 0 0 0 0 0 0 3 354 0 22 0 0 5564 1 0 0 0 0 0 0 0 0 0 0 0 0 0 2076 4447 0 0 3249 1719 0 494 0 589 151 487 16 0 0 3 0 0 0 0 0 1867 0 0 0 0 685 0 0 
0 0 0 0 0 0 0 0 0 0 0 0 0 0 0 0 0 0 0 0 0 0 0 0 0 0 0 0 0 0 0 0 0 0 0 0 0 0 0 0 0 0 0 0 0 0 0 0 0 0 0 0 0 0 0 580 0 0 575 1 494 0 761 83 361 256 0 0 0 57 0 0 0 0 0 0 0 0 0 0 5 0 0 
0 0 0 0 0 0 0 0 0 0 0 0 0 0 0 0 0 0 0 0 0 0 0 2 0 0 0 0 0 0 0 0 0 0 0 0 0 0 0 0 0 0 0 0 0 0 0 0 0 0 0 0 0 0 0 8 0 0 441 0 0 761 0 206 707 738 0 0 0 4 0 0 0 0 0 0 0 0 0 0 87 0 0 
0 0 0 0 0 0 0 0 0 0 0 0 0 0 0 0 0 8 0 1 0 0 0 0 0 0 0 0 0 0 0 0 0 0 0 0 0 0 0 0 0 0 0 0 0 0 0 0 0 0 131 0 0 0 0 81 30 33 14 2496 589 83 206 0 25 8417 0 0 0 4745 22 2 0 0 14 0 0 0 0 0 430 0 0 
0 0 0 0 0 0 0 0 0 0 0 0 0 0 0 0 0 0 0 0 0 2 0 1 0 0 0 0 0 0 0 0 0 0 0 0 0 0 0 0 0 0 0 0 0 0 0 0 0 0 0 0 0 0 0 132 0 0 355 81 151 361 707 25 0 371 0 0 0 0 0 0 0 0 0 0 0 0 0 0 239 0 0 
0 0 0 0 0 0 0 0 0 0 0 0 0 0 232 0 0 4207 136 293 4 0 0 0 9 0 0 0 0 0 0 0 0 0 0 0 0 0 0 3811 0 0 0 0 0 0 0 0 0 0 0 0 0 0 0 381 0 0 2575 5788 487 256 738 8417 371 0 47 0 0 50 0 0 16 0 1800 0 0 205 2 0 63 34 0 
0 0 0 0 0 0 0 0 0 0 0 0 0 0 0 0 0 0 0 0 0 0 0 0 0 0 0 0 0 0 0 0 0 0 0 0 0 0 0 0 0 0 0 0 0 0 0 0 0 0 0 0 0 0 0 0 0 0 91 12 16 0 0 0 0 47 0 0 0 0 0 0 0 0 0 0 0 0 0 0 17 0 0 
0 0 0 0 0 0 0 0 0 0 0 0 0 0 0 0 0 0 0 0 0 0 0 0 0 0 0 0 0 0 0 0 0 0 0 0 0 0 0 0 0 0 0 0 3 0 0 0 0 0 0 0 0 0 0 0 0 0 0 0 0 0 0 0 0 0 0 0 0 0 0 0 0 0 31 0 0 183 14 0 73 49 0 
0 0 0 0 0 0 0 0 0 0 0 0 0 0 0 0 0 0 0 0 0 0 0 0 0 0 0 0 0 0 0 0 0 0 0 0 0 0 0 0 0 0 0 0 0 0 0 0 0 0 0 0 0 0 0 0 0 0 0 0 0 0 0 0 0 0 0 0 0 0 0 0 5 0 149 0 0 0 0 0 0 0 0 
0 0 0 0 0 0 0 0 0 0 0 0 0 0 0 0 0 0 0 0 0 0 0 0 0 0 0 0 0 0 0 0 0 0 0 0 0 0 0 0 0 0 0 0 0 0 0 0 0 0 122 0 0 0 0 0 364 343 10195 2883 3 57 4 4745 0 50 0 0 0 0 520 391 1465 1 3021 0 0 143 1 0 1 2 0 
0 0 0 0 0 0 0 0 0 0 0 0 0 0 0 0 0 0 0 0 0 0 0 0 0 0 0 0 0 0 0 0 0 0 0 0 0 0 0 0 0 0 0 0 0 0 0 0 0 0 270 0 0 0 0 0 1099 2092 3372 779 0 0 0 22 0 0 0 0 0 520 0 150 4485 326 1511 0 0 0 0 0 0 0 0 
0 0 0 0 0 0 0 0 0 0 0 0 0 0 0 0 0 0 0 0 0 0 0 0 0 0 0 0 0 0 0 0 0 0 0 0 0 0 0 0 0 0 0 0 0 0 0 0 0 0 0 0 0 0 0 0 77 2983 0 6 0 0 0 2 0 0 0 0 0 391 150 0 604 0 32 0 0 0 0 0 0 0 0 
0 0 0 0 0 0 0 0 0 0 0 0 0 0 0 0 0 0 0 0 0 0 0 0 0 0 0 0 0 0 0 0 0 0 0 0 0 0 0 0 0 0 0 0 0 0 0 0 0 0 0 0 0 0 0 0 1 64 15 0 0 0 0 0 0 16 0 0 5 1465 4485 604 0 1064 586 0 0 0 0 0 0 0 0 
0 0 0 0 0 0 0 0 0 0 0 0 0 0 0 0 0 0 0 0 0 0 0 0 0 0 0 0 0 0 0 0 0 0 0 0 0 0 0 0 0 0 0 0 0 0 0 0 0 0 0 0 0 0 0 0 3 22 8 2 0 0 0 0 0 0 0 0 0 1 326 0 1064 0 1 0 0 0 0 0 0 0 0 
0 0 0 0 0 0 0 0 0 0 0 0 0 0 0 0 0 0 0 0 0 0 0 0 0 0 0 0 0 0 0 0 0 0 0 0 0 0 0 0 0 553 8 0 0 853 71 81 57 5 362 0 0 0 0 0 1394 41 1497 29 0 0 0 14 0 1800 0 31 149 3021 1511 32 586 1 0 0 0 50 0 0 0 0 0 
0 0 0 0 0 0 7 3526 0 2020 221 0 0 1 0 0 0 211 0 41 0 0 0 0 0 0 0 0 0 0 0 0 0 0 4417 184 4539 0 0 960 0 379 338 0 0 0 0 972 14265 0 14238 231 0 0 1 0 2408 0 3994 0 1867 0 0 0 0 0 0 0 0 0 0 0 0 0 0 0 701 212 265 0 97 0 60 
0 0 0 0 0 0 0 148 0 105 0 0 0 0 0 0 0 0 0 0 0 0 0 0 0 0 0 0 0 0 0 0 0 0 315 9 317 0 0 0 0 3648 3751 0 10 0 0 6247 273 0 249 0 0 0 0 0 2 0 3 0 0 0 0 0 0 0 0 0 0 0 0 0 0 0 0 701 0 4 9 0 0 2 2 
0 0 0 0 0 0 258 2345 0 3 0 0 1 0 0 0 0 0 0 0 0 0 0 0 0 0 0 0 0 0 0 0 0 0 921 3 669 0 0 0 0 6470 3773 0 5 6367 16 10112 21214 1118 10572 0 0 0 0 0 6841 0 1899 1 0 0 0 0 0 205 0 183 0 143 0 0 0 0 50 212 4 0 40 0 0 28 836 
0 0 0 0 0 0 0 0 0 0 0 0 0 0 0 0 0 0 0 0 0 0 0 0 0 0 0 0 0 0 0 0 0 0 0 0 0 0 0 0 0 21 26 0 0 0 0 55 33 0 12 0 0 0 0 0 0 0 1 0 0 0 0 0 0 2 0 14 0 1 0 0 0 0 0 265 9 40 0 0 0 0 8833 
3 0 0 1 0 0 2 0 0 0 0 2 0 0 0 0 0 0 0 0 0 0 0 0 0 0 0 0 0 0 0 0 0 0 0 0 0 0 339 0 0 361 0 0 6 0 0 0 0 0 0 0 0 0 0 0 0 0 0 0 0 0 0 0 0 0 0 0 0 0 0 0 0 0 0 0 0 0 0 0 0 8 0 
0 0 0 0 0 0 0 0 0 0 0 0 0 0 127 0 0 110 0 0 0 0 0 0 0 0 0 0 0 0 0 0 0 0 1 0 0 0 0 809 0 0 0 0 0 0 0 0 0 0 0 0 0 0 0 719 5 0 5161 1253 685 5 87 430 239 63 17 73 0 1 0 0 0 0 0 97 0 0 0 0 0 0 5 
0 0 0 0 0 0 0 0 0 0 0 0 0 0 0 0 0 0 0 0 0 0 0 0 0 0 0 0 0 0 0 0 0 0 0 0 0 0 0 0 0 0 0 0 16 0 0 0 0 0 0 0 0 0 0 0 100 0 665 0 0 0 0 0 0 34 0 49 0 2 0 0 0 0 0 0 2 28 0 8 0 0 35 
3 0 0 0 0 0 0 0 0 4891 0 0 0 0 0 68 0 38 0 0 0 0 0 0 0 0 0 0 0 0 0 0 0 0 0 36 1063 5857 39 0 105 0 0 0 0 0 0 0 0 0 49 0 0 0 0 0 15 0 1 0 0 0 0 0 0 0 0 0 0 0 0 0 0 0 0 60 2 836 8833 0 5 35 0 
