0 71 70 214 322 0 2163 0 0 0 0 2 0 0 0 0 0 0 0 0 0 0 0 0 540 0 0 11 289 0 0 1 0 1145 0 98 181 0 30 0 0 191 0 0 25 0 0 393 14 0 0 0 37 0 0 0 0 0 0 0 0 0 0 0 0 0 0 0 0 0 0 0 0 0 0 0 135 52 0 340 0 0 0 
71 0 0 0 95 0 5 0 0 0 0 0 0 0 0 0 0 0 0 0 0 0 0 0 1 0 0 0 0 0 0 0 0 985 0 0 1113 0 0 0 0 0 0 0 0 0 0 0 0 0 0 0 0 0 0 0 0 0 0 0 0 0 0 0 0 0 0 0 0 0 0 0 0 0 0 0 0 0 0 0 0 0 0 
70 0 0 36 0 0 0 0 0 0 0 28 0 0 0 0 0 0 0 0 0 0 0 0 1 0 0 0 0 0 0 0 0 11 0 107 122 0 8 0 0 366 0 0 13 0 0 2023 100 0 0 0 50 0 0 0 0 0 0 0 0 0 0 0 0 0 0 0 0 0 0 0 0 0 0 0 85 185 0 177 0 0 0 
214 0 36 0 0 0 30 320 0 0 0 33 0 0 0 0 0 0 0 0 0 0 0 0 0 0 0 0 0 0 0 0 0 0 0 56 33 0 111 0 0 419 0 0 190 0 0 1005 48 0 0 0 138 0 0 0 0 0 0 0 0 0 0 0 0 0 0 0 0 0 0 0 0 0 0 0 50 20 0 626 0 0 0 
322 95 0 0 0 219 8 428 91 14 0 0 0 0 0 23 0 0 0 0 0 0 0 0 0 0 0 0 0 0 0 0 0 2039 70 82 5139 6 0 0 0 0 0 0 0 0 0 0 0 0 0 0 0 0 0 0 0 0 0 0 0 0 0 0 0 0 0 0 0 0 0 0 0 0 0 0 0 0 0 0 0 0 9 
0 0 0 0 219 0 8 1611 1023 905 0 0 0 0 0 24 0 0 0 0 0 0 0 0 0 0 0 0 0 0 0 0 0 247 111 10 2050 24 0 0 0 0 0 0 0 0 0 0 0 0 0 0 0 0 0 0 0 0 0 0 0 0 0 0 0 0 0 0 0 0 0 0 0 0 0 0 0 0 0 0 0 0 0 
2163 5 0 30 8 8 0 3525 4 13 0 3 931 0 0 12 0 0 0 0 0 0 0 0 1497 0 0 0 931 0 0 5 1 2533 1842 10888 15424 810 47 0 7 151 0 0 1 0 0 3286 1699 0 0 0 16 0 0 0 0 0 0 0 0 0 0 0 0 0 0 0 0 0 0 0 0 0 0 0 10 100 0 62 0 0 162 
0 0 0 320 428 1611 3525 0 867 21 23 1065 14242 13030 0 0 0 0 0 0 0 0 0 0 0 0 0 0 0 0 0 0 0 16 12370 6435 2614 24 0 0 0 0 0 0 0 0 0 2976 2609 0 0 165 0 7 580 0 0 0 0 0 0 0 0 0 0 0 0 0 0 0 0 0 0 0 0 0 0 0 0 0 0 0 1 
0 0 0 0 91 1023 4 867 0 136 0 0 0 0 0 0 0 0 0 0 0 0 0 0 0 0 0 0 0 0 0 0 0 165 470 0 1480 0 0 0 0 0 0 0 0 0 0 0 0 0 0 0 0 0 0 0 0 0 0 0 0 0 0 0 0 0 0 0 0 0 0 0 0 0 0 0 0 0 0 0 0 0 33 
0 0 0 0 14 905 13 21 136 0 1344 0 0 11127 0 402 401 17 1 0 0 0 0 0 39 0 0 0 100 85 0 0 0 1051 23510 4756 6700 47 0 8 0 0 0 0 0 0 0 0 75 0 281 887 0 0 1386 141 0 0 29 0 1967 0 0 0 0 0 0 0 0 0 0 0 0 0 0 3 0 0 0 0 0 0 5891 
0 0 0 0 0 0 0 23 0 1344 0 0 0 2011 0 334 0 524 0 281 0 0 0 0 0 0 0 0 0 0 0 0 0 0 0 0 0 0 0 0 0 0 0 0 0 0 0 0 0 0 0 0 0 0 0 0 0 0 0 0 0 0 0 0 0 0 0 0 0 0 0 0 0 0 0 0 0 0 0 0 0 0 0 
2 0 28 33 0 0 3 1065 0 0 0 0 0 0 0 0 0 0 0 0 0 0 0 0 0 0 0 0 0 0 0 0 0 0 0 0 0 0 0 0 0 72 0 0 22 0 0 806 16 0 0 0 0 0 0 0 0 0 0 0 0 0 0 0 0 0 0 0 0 0 0 0 0 0 0 0 0 0 0 1 0 0 0 
0 0 0 0 0 0 931 14242 0 0 0 0 0 15 0 0 0 0 0 0 0 0 0 0 0 0 0 0 0 0 0 0 0 0 94 22 22 1 0 0 0 0 0 0 0 0 0 373 752 0 0 0 0 0 0 0 0 0 0 0 0 0 0 0 0 0 0 0 0 0 0 0 0 0 0 0 0 0 0 0 0 0 0 
0 0 0 0 0 0 0 13030 0 11127 2011 0 15 0 22 2983 0 2904 0 1564 0 0 0 0 0 0 0 0 0 0 0 0 0 0 115 0 0 0 0 0 0 0 0 0 0 0 0 0 1 0 0 1 0 0 0 0 0 0 0 0 1 0 0 0 0 0 0 0 0 0 0 0 0 0 0 0 0 0 0 0 0 0 0 
0 0 0 0 0 0 0 0 0 0 0 0 0 22 0 414 0 12466 0 4998 552 183 141 158 18 0 0 0 0 0 0 0 0 0 3 0 0 0 0 1 0 0 0 0 0 0 0 0 0 0 0 0 0 0 0 1 0 0 0 0 228 1 0 0 0 0 0 0 0 0 0 0 0 0 0 0 0 0 0 0 0 0 0 
0 0 0 0 23 24 12 0 0 402 334 0 0 2983 414 0 3665 23 0 0 0 0 0 0 54 0 0 0 61 32 0 2 0 411 2178 966 1326 0 0 55 0 0 0 0 0 0 0 0 0 0 4 14 0 0 2 105 0 0 6 0 613 0 0 0 0 0 0 0 0 0 0 0 0 0 0 0 0 0 0 0 0 0 96 
0 0 0 0 0 0 0 0 0 401 0 0 0 0 0 3665 0 367 891 0 0 0 0 0 2184 0 0 0 4929 2499 611 228 1 482 111 0 2877 135 0 219 0 0 0 0 0 0 0 0 0 0 0 0 0 0 0 0 0 0 0 0 0 0 0 0 0 0 0 0 0 0 0 0 0 0 0 0 0 0 0 0 0 0 437 
0 0 0 0 0 0 0 0 0 17 524 0 0 2904 12466 23 367 0 3366 3844 0 734 310 206 550 131 0 0 131 0 3 1 0 0 2594 972 389 64 0 2622 1075 0 0 0 0 0 0 0 0 0 0 0 0 0 0 1973 0 0 1188 0 8503 12 0 0 0 0 0 0 0 0 0 0 0 0 0 0 0 0 0 0 0 0 78 
0 0 0 0 0 0 0 0 0 1 0 0 0 0 0 0 891 3366 0 0 0 0 212 0 7443 0 0 0 1049 1927 106 2 0 0 3 0 12 0 0 2214 99 0 0 0 0 0 0 0 0 0 0 0 0 0 0 0 0 0 0 0 123 0 0 0 0 0 0 0 0 0 0 0 0 0 0 0 0 0 0 0 0 0 0 
0 0 0 0 0 0 0 0 0 0 281 0 0 1564 4998 0 0 3844 0 0 1685 24 76 50 9 94 0 0 0 0 0 0 0 0 0 0 0 0 0 0 0 0 0 0 0 0 0 0 0 0 0 0 0 0 0 40 0 0 19 0 115 1 0 0 0 0 0 0 0 0 0 0 0 0 0 0 0 0 0 0 0 0 0 
0 0 0 0 0 0 0 0 0 0 0 0 0 0 552 0 0 0 0 1685 0 1102 233 351 53 42 0 0 0 0 0 0 0 0 0 0 0 0 0 1 0 0 0 0 0 0 0 0 0 0 0 0 0 0 0 0 0 0 0 0 20 0 0 0 0 0 0 0 0 0 0 0 0 0 0 0 0 0 0 0 0 0 0 
0 0 0 0 0 0 0 0 0 0 0 0 0 0 183 0 0 734 0 24 1102 0 165 666 602 10 0 0 0 0 0 0 0 0 0 0 0 0 0 1 0 0 0 0 0 0 0 0 0 0 0 0 0 0 0 0 0 0 0 0 4 3 0 0 0 0 0 0 0 0 0 0 0 0 0 0 0 0 0 0 0 0 0 
0 0 0 0 0 0 0 0 0 0 0 0 0 0 141 0 0 310 212 76 233 165 0 1716 11714 2 0 0 148 0 0 0 0 0 0 0 0 0 0 281 0 0 0 0 0 0 0 0 0 0 0 0 0 0 0 0 0 0 39 0 413 0 0 0 0 0 0 0 0 0 0 0 0 0 0 0 0 0 0 0 0 0 0 
0 0 0 0 0 0 0 0 0 0 0 0 0 0 158 0 0 206 0 50 351 666 1716 0 562 4 0 0 0 0 0 0 0 0 18 0 0 0 0 2 0 0 0 0 0 0 0 0 0 0 0 0 0 0 0 0 0 0 0 0 24 1 0 0 1 10 0 0 0 0 0 0 0 0 0 0 0 0 0 0 0 0 0 
540 1 1 0 0 0 1497 0 0 39 0 0 0 0 18 54 2184 550 7443 9 53 602 11714 562 0 23 0 1 703 6 1 29 0 803 245 0 1661 12 0 804 1 0 0 0 0 0 0 0 0 0 0 0 0 0 0 8 0 0 12 0 580 0 0 0 0 0 0 0 0 0 0 0 0 0 0 0 0 0 0 0 0 0 32 
0 0 0 0 0 0 0 0 0 0 0 0 0 0 0 0 0 131 0 94 42 10 2 4 23 0 0 0 0 0 0 0 0 0 1 0 0 0 0 0 0 0 0 0 0 0 0 0 0 0 0 0 0 0 0 0 0 0 0 0 1 0 0 0 0 0 0 0 0 0 0 0 0 0 0 0 0 0 0 0 0 0 0 
0 0 0 0 0 0 0 0 0 0 0 0 0 0 0 0 0 0 0 0 0 0 0 0 0 0 0 0 0 0 0 0 0 0 0 0 0 0 0 0 0 0 0 0 0 0 0 0 0 0 0 0 0 0 0 0 0 0 0 0 0 0 0 0 0 0 0 0 0 0 0 0 0 0 0 0 0 0 0 0 0 0 0 
11 0 0 0 0 0 0 0 0 0 0 0 0 0 0 0 0 0 0 0 0 0 0 0 1 0 0 0 0 0 0 214 0 501 0 0 0 0 0 0 0 0 0 0 0 0 0 0 0 0 0 0 0 0 0 0 0 0 0 0 0 0 0 0 0 0 0 0 0 0 0 0 0 0 0 0 0 0 0 0 0 0 0 
289 0 0 0 0 0 931 0 0 100 0 0 0 0 0 61 4929 131 1049 0 0 0 148 0 703 0 0 0 0 2112 1092 4545 7 357 76 0 2503 2 0 3 0 0 0 0 0 0 0 0 0 0 0 0 0 0 0 0 0 0 1 0 5 0 0 0 0 0 0 0 0 0 0 0 0 0 0 0 0 0 0 0 0 0 4 
0 0 0 0 0 0 0 0 0 85 0 0 0 0 0 32 2499 0 1927 0 0 0 0 0 6 0 0 0 2112 0 1212 1300 73 11 26 0 912 0 0 0 0 0 0 0 0 0 0 0 0 0 0 0 0 0 0 0 0 0 0 0 0 0 0 0 0 0 0 0 0 0 0 0 0 0 0 0 0 0 0 0 0 0 0 
0 0 0 0 0 0 0 0 0 0 0 0 0 0 0 0 611 3 106 0 0 0 0 0 1 0 0 0 1092 1212 0 468 0 0 0 0 0 0 0 0 0 0 0 0 0 0 0 0 0 0 0 0 0 0 0 0 0 0 0 0 0 0 0 0 0 0 0 0 0 0 0 0 0 0 0 0 0 0 0 0 0 0 0 
1 0 0 0 0 0 5 0 0 0 0 0 0 0 0 2 228 1 2 0 0 0 0 0 29 0 0 214 4545 1300 468 0 1893 7 1 0 0 0 0 0 0 0 0 0 0 0 0 0 0 0 0 0 0 0 0 0 0 0 0 0 0 0 0 0 0 0 0 0 0 0 0 0 0 0 0 0 0 0 0 0 0 0 0 
0 0 0 0 0 0 1 0 0 0 0 0 0 0 0 0 1 0 0 0 0 0 0 0 0 0 0 0 7 73 0 1893 0 1 0 0 0 0 0 0 0 0 0 0 0 0 0 0 0 0 0 0 0 0 0 0 0 0 0 0 0 0 0 0 0 0 0 0 0 0 0 0 0 0 0 0 0 0 0 0 0 0 0 
1145 985 11 0 2039 247 2533 16 165 1051 0 0 0 0 0 411 482 0 0 0 0 0 0 0 803 0 0 501 357 11 0 7 1 0 15 14 60 3 18 12 0 0 0 0 0 0 0 0 0 0 0 0 0 0 0 0 0 0 0 0 0 0 0 0 0 0 0 0 0 0 0 0 0 0 0 0 0 0 0 0 0 0 53 
0 0 0 0 70 111 1842 12370 470 23510 0 0 94 115 3 2178 111 2594 3 0 0 0 0 18 245 1 0 0 76 26 0 1 0 15 0 627 116 1 0 347 391 0 0 0 0 0 0 0 5465 0 125 21 0 0 401 0 0 0 5 0 145 0 0 0 0 0 0 0 0 0 0 0 0 0 0 4 0 0 0 0 0 0 1 
98 0 107 56 82 10 10888 6435 0 4756 0 0 22 0 0 966 0 972 0 0 0 0 0 0 0 0 0 0 0 0 0 0 0 14 627 0 117 9 26 85 118 0 0 0 0 0 0 0 896 0 11 0 0 0 16 0 0 0 0 0 17 0 0 0 0 0 0 0 0 0 0 0 0 0 0 0 0 0 0 0 0 0 175 
181 1113 122 33 5139 2050 15424 2614 1480 6700 0 0 22 0 0 1326 2877 389 12 0 0 0 0 0 1661 0 0 0 2503 912 0 0 0 60 116 117 0 29 4 488 33 0 0 0 0 0 0 0 210 0 0 0 0 0 0 0 0 0 0 0 0 0 0 0 0 0 0 0 0 0 0 0 0 0 0 0 0 0 0 0 0 0 1171 
0 0 0 0 6 24 810 24 0 47 0 0 1 0 0 0 135 64 0 0 0 0 0 0 12 0 0 0 2 0 0 0 0 3 1 9 29 0 0 53 0 0 0 0 0 0 0 0 3 0 0 0 0 0 0 0 0 0 0 0 0 0 0 0 0 0 0 0 0 0 0 0 0 0 0 0 0 0 0 0 0 0 5689 
30 0 8 111 0 0 47 0 0 0 0 0 0 0 0 0 0 0 0 0 0 0 0 0 0 0 0 0 0 0 0 0 0 18 0 26 4 0 0 0 39 0 0 0 0 0 0 0 0 0 0 0 0 0 0 0 0 0 0 0 0 0 0 0 0 0 0 0 0 0 0 0 0 0 0 0 0 0 0 0 0 0 0 
0 0 0 0 0 0 0 0 0 8 0 0 0 0 1 55 219 2622 2214 0 1 1 281 2 804 0 0 0 3 0 0 0 0 12 347 85 488 53 0 0 311 0 0 0 0 0 0 0 0 0 0 0 0 0 0 88 0 0 0 0 112 0 0 0 0 0 0 0 0 0 0 0 0 0 0 0 0 0 0 0 0 0 23 
0 0 0 0 0 0 7 0 0 0 0 0 0 0 0 0 0 1075 99 0 0 0 0 0 1 0 0 0 0 0 0 0 0 0 391 118 33 0 39 311 0 0 0 0 0 0 0 0 0 0 0 0 0 0 0 0 0 0 0 0 0 0 0 0 0 0 0 0 0 0 0 0 0 0 0 0 0 0 0 0 0 0 69 
191 0 366 419 0 0 151 0 0 0 0 72 0 0 0 0 0 0 0 0 0 0 0 0 0 0 0 0 0 0 0 0 0 0 0 0 0 0 0 0 0 0 225 0 149 136 7 542 0 0 0 0 366 0 0 0 0 0 7 7 6 31 0 1 0 0 0 0 0 4 57 0 7 0 104 0 240 3196 0 28 0 0 0 
0 0 0 0 0 0 0 0 0 0 0 0 0 0 0 0 0 0 0 0 0 0 0 0 0 0 0 0 0 0 0 0 0 0 0 0 0 0 0 0 0 225 0 0 0 15 0 305 0 0 0 0 0 0 0 0 0 0 0 0 0 0 0 0 0 0 0 0 0 0 0 0 0 0 27 0 0 647 0 0 0 0 0 
0 0 0 0 0 0 0 0 0 0 0 0 0 0 0 0 0 0 0 0 0 0 0 0 0 0 0 0 0 0 0 0 0 0 0 0 0 0 0 0 0 0 0 0 3 0 0 0 0 0 0 0 0 0 0 0 0 0 0 0 0 0 0 0 0 0 0 0 0 0 0 0 0 0 0 0 0 0 0 0 0 0 0 
25 0 13 190 0 0 1 0 0 0 0 22 0 0 0 0 0 0 0 0 0 0 0 0 0 0 0 0 0 0 0 0 0 0 0 0 0 0 0 0 0 149 0 3 0 0 0 1 1 0 0 0 14 0 0 0 0 0 0 0 0 0 0 0 0 0 0 0 0 0 0 0 0 0 0 0 0 0 0 0 0 0 0 
0 0 0 0 0 0 0 0 0 0 0 0 0 0 0 0 0 0 0 0 0 0 0 0 0 0 0 0 0 0 0 0 0 0 0 0 0 0 0 0 0 136 15 0 0 0 600 548 0 0 0 0 0 0 0 0 0 0 0 0 0 0 0 0 0 0 0 0 0 0 0 0 0 0 507 0 543 4433 7 0 0 0 5 
0 0 0 0 0 0 0 0 0 0 0 0 0 0 0 0 0 0 0 0 0 0 0 0 0 0 0 0 0 0 0 0 0 0 0 0 0 0 0 0 0 7 0 0 0 600 0 4 233 335 856 0 0 0 0 0 0 10 0 0 0 0 0 0 0 0 0 0 0 0 0 0 0 0 2169 0 22 1089 3 0 0 0 0 
393 0 2023 1005 0 0 3286 2976 0 0 0 806 373 0 0 0 0 0 0 0 0 0 0 0 0 0 0 0 0 0 0 0 0 0 0 0 0 0 0 0 0 542 305 0 1 548 4 0 1792 97 1 0 3448 908 0 0 0 0 0 0 0 0 0 0 0 0 0 0 0 0 0 0 0 0 1199 97 16293 9190 113 0 0 0 356 
14 0 100 48 0 0 1699 2609 0 75 0 16 752 1 0 0 0 0 0 0 0 0 0 0 0 0 0 0 0 0 0 0 0 0 5465 896 210 3 0 0 0 0 0 0 1 0 233 1792 0 3566 1123 88 1874 6610 2493 0 0 0 0 0 0 0 0 0 0 0 0 0 0 0 0 0 0 0 2593 6246 3479 8492 113 0 0 0 722 
0 0 0 0 0 0 0 0 0 0 0 0 0 0 0 0 0 0 0 0 0 0 0 0 0 0 0 0 0 0 0 0 0 0 0 0 0 0 0 0 0 0 0 0 0 0 335 97 3566 0 459 0 0 0 0 0 0 0 0 0 0 0 0 0 0 0 0 0 0 0 0 0 0 0 12 0 0 312 4 0 0 0 0 
0 0 0 0 0 0 0 0 0 281 0 0 0 0 0 4 0 0 0 0 0 0 0 0 0 0 0 0 0 0 0 0 0 0 125 11 0 0 0 0 0 0 0 0 0 0 856 1 1123 459 0 48 0 0 139 1 48 2609 90 0 0 0 0 0 0 0 0 0 0 0 0 0 0 0 6720 11017 2614 17020 1343 0 3 0 715 
0 0 0 0 0 0 0 165 0 887 0 0 0 1 0 14 0 0 0 0 0 0 0 0 0 0 0 0 0 0 0 0 0 0 21 0 0 0 0 0 0 0 0 0 0 0 0 0 88 0 48 0 0 0 4001 12 8 0 0 0 3 0 0 0 0 0 0 0 0 0 0 0 0 0 0 762 823 0 0 0 0 0 0 
37 0 50 138 0 0 16 0 0 0 0 0 0 0 0 0 0 0 0 0 0 0 0 0 0 0 0 0 0 0 0 0 0 0 0 0 0 0 0 0 0 366 0 0 14 0 0 3448 1874 0 0 0 0 0 0 0 0 0 0 0 0 0 0 0 0 0 0 0 0 0 0 0 0 0 0 0 0 0 0 0 0 0 0 
0 0 0 0 0 0 0 7 0 0 0 0 0 0 0 0 0 0 0 0 0 0 0 0 0 0 0 0 0 0 0 0 0 0 0 0 0 0 0 0 0 0 0 0 0 0 0 908 6610 0 0 0 0 0 131 0 0 0 0 0 0 0 0 0 0 0 0 0 0 0 0 0 0 0 0 0 0 0 0 0 0 0 0 
0 0 0 0 0 0 0 580 0 1386 0 0 0 0 0 2 0 0 0 0 0 0 0 0 0 0 0 0 0 0 0 0 0 0 401 16 0 0 0 0 0 0 0 0 0 0 0 0 2493 0 139 4001 0 131 0 34 0 0 1 0 1442 0 0 0 0 0 0 0 0 0 0 0 0 0 0 0 0 0 0 0 0 0 0 
0 0 0 0 0 0 0 0 0 141 0 0 0 0 1 105 0 1973 0 40 0 0 0 0 8 0 0 0 0 0 0 0 0 0 0 0 0 0 0 88 0 0 0 0 0 0 0 0 0 0 1 12 0 0 34 0 0 0 0 0 7501 134 0 0 15 0 0 0 0 0 0 0 0 0 0 0 0 0 0 0 0 0 0 
0 0 0 0 0 0 0 0 0 0 0 0 0 0 0 0 0 0 0 0 0 0 0 0 0 0 0 0 0 0 0 0 0 0 0 0 0 0 0 0 0 0 0 0 0 0 0 0 0 0 48 8 0 0 0 0 0 2720 1514 0 0 0 0 0 0 0 0 0 0 156 279 15 1 0 4222 1 2 401 0 0 0 0 0 
0 0 0 0 0 0 0 0 0 0 0 0 0 0 0 0 0 0 0 0 0 0 0 0 0 0 0 0 0 0 0 0 0 0 0 0 0 0 0 0 0 0 0 0 0 0 10 0 0 0 2609 0 0 0 0 0 2720 0 1424 2609 6 0 0 0 0 0 0 0 0 294 5652 7939 192 8 979 0 0 28 0 0 0 0 0 
0 0 0 0 0 0 0 0 0 29 0 0 0 0 0 6 0 1188 0 19 0 0 39 0 12 0 0 0 1 0 0 0 0 0 5 0 0 0 0 0 0 7 0 0 0 0 0 0 0 0 90 0 0 0 1 0 1514 1424 0 5710 236 136 216 188 0 38 0 0 0 2190 1913 0 568 167 1859 1431 90 7060 572 0 223 573 31 
0 0 0 0 0 0 0 0 0 0 0 0 0 0 0 0 0 0 0 0 0 0 0 0 0 0 0 0 0 0 0 0 0 0 0 0 0 0 0 0 0 7 0 0 0 0 0 0 0 0 0 0 0 0 0 0 0 2609 5710 0 716 21 0 1036 0 563 0 0 0 2218 3396 860 1870 151 1004 0 0 2 0 0 178 0 0 
0 0 0 0 0 0 0 0 0 1967 0 0 0 1 228 613 0 8503 123 115 20 4 413 24 580 1 0 0 5 0 0 0 0 0 145 17 0 0 0 112 0 6 0 0 0 0 0 0 0 0 0 3 0 0 1442 7501 0 6 236 716 0 128 5 24 22 0 0 0 0 538 7 0 77 0 261 1156 19 2383 223 0 764 318 10 
0 0 0 0 0 0 0 0 0 0 0 0 0 0 1 0 0 12 0 1 0 3 0 1 0 0 0 0 0 0 0 0 0 0 0 0 0 0 0 0 0 31 0 0 0 0 0 0 0 0 0 0 0 0 0 134 0 0 136 21 128 0 317 439 132 1 0 0 0 48 576 0 745 0 280 0 0 0 0 0 0 0 0 
0 0 0 0 0 0 0 0 0 0 0 0 0 0 0 0 0 0 0 0 0 0 0 0 0 0 0 0 0 0 0 0 0 0 0 0 0 0 0 0 0 0 0 0 0 0 0 0 0 0 0 0 0 0 0 0 0 0 216 0 5 317 0 211 604 1242 0 0 0 3162 35 0 0 0 0 0 0 0 0 0 0 0 0 
0 0 0 0 0 0 0 0 0 0 0 0 0 0 0 0 0 0 0 0 0 0 0 0 0 0 0 0 0 0 0 0 0 0 0 0 0 0 0 0 0 1 0 0 0 0 0 0 0 0 0 0 0 0 0 0 0 0 188 1036 24 439 211 0 12 1188 0 0 0 7810 3658 0 1535 0 29 0 0 0 0 0 0 0 0 
0 0 0 0 0 0 0 0 0 0 0 0 0 0 0 0 0 0 0 0 0 0 0 1 0 0 0 0 0 0 0 0 0 0 0 0 0 0 0 0 0 0 0 0 0 0 0 0 0 0 0 0 0 0 0 15 0 0 0 0 22 132 604 12 0 962 0 0 0 1226 0 0 0 0 0 0 0 0 0 0 3 0 0 
0 0 0 0 0 0 0 0 0 0 0 0 0 0 0 0 0 0 0 0 0 0 0 10 0 0 0 0 0 0 0 0 0 0 0 0 0 0 0 0 0 0 0 0 0 0 0 0 0 0 0 0 0 0 0 0 0 0 38 563 0 1 1242 1188 962 0 42 0 3 1474 420 0 43 0 69 129 0 20 0 0 62 30 0 
0 0 0 0 0 0 0 0 0 0 0 0 0 0 0 0 0 0 0 0 0 0 0 0 0 0 0 0 0 0 0 0 0 0 0 0 0 0 0 0 0 0 0 0 0 0 0 0 0 0 0 0 0 0 0 0 0 0 0 0 0 0 0 0 0 42 0 0 0 12 0 0 0 0 0 0 0 0 0 0 0 0 0 
0 0 0 0 0 0 0 0 0 0 0 0 0 0 0 0 0 0 0 0 0 0 0 0 0 0 0 0 0 0 0 0 0 0 0 0 0 0 0 0 0 0 0 0 0 0 0 0 0 0 0 0 0 0 0 0 0 0 0 0 0 0 0 0 0 0 0 0 0 0 0 0 0 0 0 0 0 0 0 0 42 0 0 
0 0 0 0 0 0 0 0 0 0 0 0 0 0 0 0 0 0 0 0 0 0 0 0 0 0 0 0 0 0 0 0 0 0 0 0 0 0 0 0 0 0 0 0 0 0 0 0 0 0 0 0 0 0 0 0 0 0 0 0 0 0 0 0 0 3 0 0 0 1 0 0 0 0 119 0 0 0 0 0 0 0 0 
0 0 0 0 0 0 0 0 0 0 0 0 0 0 0 0 0 0 0 0 0 0 0 0 0 0 0 0 0 0 0 0 0 0 0 0 0 0 0 0 0 4 0 0 0 0 0 0 0 0 0 0 0 0 0 0 156 294 2190 2218 538 48 3162 7810 1226 1474 12 0 1 0 956 0 44 1 1781 116 0 1122 0 0 44 71 0 
0 0 0 0 0 0 0 0 0 0 0 0 0 0 0 0 0 0 0 0 0 0 0 0 0 0 0 0 0 0 0 0 0 0 0 0 0 0 0 0 0 57 0 0 0 0 0 0 0 0 0 0 0 0 0 0 279 5652 1913 3396 7 576 35 3658 0 420 0 0 0 956 0 11 500 415 1003 0 0 0 0 0 0 0 0 
0 0 0 0 0 0 0 0 0 0 0 0 0 0 0 0 0 0 0 0 0 0 0 0 0 0 0 0 0 0 0 0 0 0 0 0 0 0 0 0 0 0 0 0 0 0 0 0 0 0 0 0 0 0 0 0 15 7939 0 860 0 0 0 0 0 0 0 0 0 0 11 0 59 3 18 0 0 0 0 0 0 0 0 
0 0 0 0 0 0 0 0 0 0 0 0 0 0 0 0 0 0 0 0 0 0 0 0 0 0 0 0 0 0 0 0 0 0 0 0 0 0 0 0 0 7 0 0 0 0 0 0 0 0 0 0 0 0 0 0 1 192 568 1870 77 745 0 1535 0 43 0 0 0 44 500 59 0 852 383 0 0 4 0 0 0 0 0 
0 0 0 0 0 0 0 0 0 0 0 0 0 0 0 0 0 0 0 0 0 0 0 0 0 0 0 0 0 0 0 0 0 0 0 0 0 0 0 0 0 0 0 0 0 0 0 0 0 0 0 0 0 0 0 0 0 8 167 151 0 0 0 0 0 0 0 0 0 1 415 3 852 0 211 0 0 0 0 0 0 0 0 
0 0 0 0 0 0 0 0 0 0 0 0 0 0 0 0 0 0 0 0 0 0 0 0 0 0 0 0 0 0 0 0 0 0 0 0 0 0 0 0 0 104 27 0 0 507 2169 1199 2593 12 6720 0 0 0 0 0 4222 979 1859 1004 261 280 0 29 0 69 0 0 119 1781 1003 18 383 211 0 0 10 696 1 0 0 0 1 
0 0 0 0 0 0 0 0 0 3 0 0 0 0 0 0 0 0 0 0 0 0 0 0 0 0 0 0 0 0 0 0 0 0 4 0 0 0 0 0 0 0 0 0 0 0 0 97 6246 0 11017 762 0 0 0 0 1 0 1431 0 1156 0 0 0 0 129 0 0 0 116 0 0 0 0 0 0 1387 156 37 0 480 168 99 
135 0 85 50 0 0 10 0 0 0 0 0 0 0 0 0 0 0 0 0 0 0 0 0 0 0 0 0 0 0 0 0 0 0 0 0 0 0 0 0 0 240 0 0 0 543 22 16293 3479 0 2614 823 0 0 0 0 2 0 90 0 19 0 0 0 0 0 0 0 0 0 0 0 0 0 10 1387 0 408 85 0 8 0 1280 
52 0 185 20 0 0 100 0 0 0 0 0 0 0 0 0 0 0 0 0 0 0 0 0 0 0 0 0 0 0 0 0 0 0 0 0 0 0 0 0 0 3196 647 0 0 4433 1089 9190 8492 312 17020 0 0 0 0 0 401 28 7060 2 2383 0 0 0 0 20 0 0 0 1122 0 0 4 0 696 156 408 0 2 0 48 28 842 
0 0 0 0 0 0 0 0 0 0 0 0 0 0 0 0 0 0 0 0 0 0 0 0 0 0 0 0 0 0 0 0 0 0 0 0 0 0 0 0 0 0 0 0 0 7 3 113 113 4 1343 0 0 0 0 0 0 0 572 0 223 0 0 0 0 0 0 0 0 0 0 0 0 0 1 37 85 2 0 0 0 0 9604 
340 0 177 626 0 0 62 0 0 0 0 1 0 0 0 0 0 0 0 0 0 0 0 0 0 0 0 0 0 0 0 0 0 0 0 0 0 0 0 0 0 28 0 0 0 0 0 0 0 0 0 0 0 0 0 0 0 0 0 0 0 0 0 0 0 0 0 0 0 0 0 0 0 0 0 0 0 0 0 0 0 0 0 
0 0 0 0 0 0 0 0 0 0 0 0 0 0 0 0 0 0 0 0 0 0 0 0 0 0 0 0 0 0 0 0 0 0 0 0 0 0 0 0 0 0 0 0 0 0 0 0 0 0 3 0 0 0 0 0 0 0 223 178 764 0 0 0 3 62 0 42 0 44 0 0 0 0 0 480 8 48 0 0 0 0 0 
0 0 0 0 0 0 0 0 0 0 0 0 0 0 0 0 0 0 0 0 0 0 0 0 0 0 0 0 0 0 0 0 0 0 0 0 0 0 0 0 0 0 0 0 0 0 0 0 0 0 0 0 0 0 0 0 0 0 573 0 318 0 0 0 0 30 0 0 0 71 0 0 0 0 0 168 0 28 0 0 0 0 0 
0 0 0 0 9 0 162 1 33 5891 0 0 0 0 0 96 437 78 0 0 0 0 0 0 32 0 0 0 4 0 0 0 0 53 1 175 1171 5689 0 23 69 0 0 0 0 5 0 356 722 0 715 0 0 0 0 0 0 0 31 0 10 0 0 0 0 0 0 0 0 0 0 0 0 0 1 99 1280 842 9604 0 0 0 0 
