2.8875
2.02469136
2.51219512
1.98780488
2.46341463
2.26923077
2.13580247
2.42682927
2.40740741
1.96296296
2.24691358
2.3902439
2.43902439
2.12195122
2.07594937
2.40740741
2.7804878
2.45
1.97560976
2.23170732
1.7654321
2.6375
1.91358025
2.40740741
1.95121951
2.23170732
2.41975309
2.09756098
2.74390244
2.46341463
1.97560976
2.24390244
2.70731707
2.13414634
2.12820513
2.09756098
2.58024691
2.06097561
2.14634146
1.83950617
2.325
2.0875
2.12195122
2.24691358
2.2345679
2.26829268
2.03703704
2.17283951
1.8625
2.16049383
1.79268293
2.325
2.03703704
1.87804878
2.10126582
1.87654321
1.96296296
2.0617284
2.37804878
2.43209877
2.33333333
1.8902439
2.30487805
2.2375
2.40740741
2.95061728
2.53164557
1.9382716
2.45121951
2.18292683
1.81707317
2.19512195
1.68292683
2.82926829
2.0617284
2.49382716
