2.9125
2.12345679
2.63414634
2.30487805
2.08536585
2.24358974
2.02469136
2.13414634
2.43209877
1.91358025
2.17283951
2.64634146
2.58536585
1.90243902
1.94936709
1.69135802
2.29268293
2.5625
2.34146341
2.57317073
1.90123457
2.8625
1.98765432
2.24691358
1.82926829
2.35365854
2.27160494
1.80487805
2.2804878
2.36585366
2.57317073
2.0
2.5
1.95121951
3.1025641
2.57317073
2.65432099
2.20731707
2.17073171
2.28395062
2.25
2.375
2.3902439
1.83950617
2.03703704
2.2804878
2.19753086
2.2962963
2.05
2.18518519
1.96341463
2.3875
2.69135802
1.82926829
2.94936709
2.25925926
2.25925926
2.27160494
2.25609756
2.80246914
2.37037037
1.90243902
2.18292683
2.0875
2.09876543
2.39506173
2.05063291
2.17283951
2.06097561
2.0
2.29268293
2.13414634
2.03658537
2.41463415
2.28395062
1.79012346
