2.0875
2.19753086
2.2195122
2.09756098
1.95121951
1.79487179
2.14814815
2.14634146
1.9382716
1.9382716
2.24691358
2.03658537
2.04878049
1.87804878
2.03797468
2.07407407
1.97560976
1.8875
2.15853659
1.93902439
2.74074074
2.0875
2.39506173
2.54320988
2.20731707
2.02439024
2.08641975
2.01219512
2.01219512
1.90243902
1.80487805
2.06097561
2.03658537
1.95121951
2.01282051
1.90243902
2.28395062
2.02439024
1.8902439
2.04938272
1.9375
2.325
2.34146341
2.08641975
2.16049383
2.08536585
2.0
2.0
1.9125
2.14814815
1.98780488
2.8
2.45679012
2.02439024
1.93670886
2.35802469
2.2962963
1.98765432
1.70731707
2.02469136
2.33333333
2.08536585
2.1097561
2.475
1.88888889
2.0617284
2.12658228
2.50617284
1.91463415
2.19512195
1.95121951
2.06097561
1.81707317
2.03658537
2.27160494
2.18518519
