0.35555556
0.53571429
0.56363636
0.0
0.66666667
0.45
1.0
0.0
0.16666667
0.37777778
0.33333333
0.28888889
0.52777778
0.83333333
1.0
0.66666667
0.52380952
0.0
0.6
0.33684211
0.3
0.35968379
0.33333333
0.33333333
0.83333333
0.66666667
0.67857143
0.375
0.425
0.45454545
0.6
0.27272727
0.38888889
0.0
0.34065934
0.93333333
0.4952381
0.33333333
0.30555556
1.0
1.0
0.57142857
0.28571429
0.66666667
0.58333333
0.66666667
0.23809524
0.36842105
0.66666667
1.0
0.48351648
0.15555556
0.66666667
0.3
0.47619048
0.9
0.0
0.35555556
0.52941176
0.4384058
1.0
0.8
0.0
0.5
0.33333333
0.42222222
0.2952381
0.38181818
0.73333333
0.8
0.35384615
0.47272727
0.35833333
0.57142857
0.35833333
0.0
