0.0
2.18518519
2.90243902
2.48780488
3.53658537
2.74358974
2.7654321
2.18292683
2.67901235
2.90123457
2.39506173
3.04878049
2.76829268
2.25609756
2.6835443
2.34567901
2.09756098
2.3375
2.51219512
2.69512195
4.11111111
0.0
2.38271605
2.51851852
2.76829268
2.42682927
0.0
2.51219512
2.31707317
2.70731707
2.23170732
2.54878049
2.8902439
2.45121951
2.79487179
2.43902439
3.0617284
2.35365854
2.86585366
2.13580247
0.0
2.825
2.34146341
1.85185185
2.81481481
2.52439024
2.74074074
0.0
2.2875
2.82716049
2.36585366
2.9875
2.25925926
2.58536585
0.0
2.2962963
2.74074074
0.0
2.76829268
2.38271605
2.61728395
2.24390244
2.40243902
2.8375
2.51851852
2.48148148
2.27848101
3.14814815
2.14634146
2.48780488
2.34146341
2.32926829
2.5
2.80487805
3.48148148
2.67901235
