0.33333333
0.0
0.5
0.0
0.33333333
0.2
0.0
0.5
1.0
0.57142857
0.52777778
0.26666667
1.0
0.56862745
0.0
0.6
0.38095238
0.5
0.6
0.29487179
0.9047619
1.0
1.0
0.33333333
0.4
0.34065934
0.51428571
0.32727273
0.8
0.7
0.73333333
0.27777778
0.22222222
0.53333333
0.0
0.83333333
0.38095238
0.0
0.53333333
0.67857143
0.35714286
0.5
0.6
0.0
0.53333333
0.53571429
0.5
0.33333333
0.66666667
0.33333333
0.38181818
1.0
0.64444444
1.0
0.52777778
0.86666667
0.0
0.34848485
0.66666667
0.66666667
0.3
0.61111111
1.0
0.0
0.50909091
0.46666667
0.66666667
0.1
0.47272727
0.67857143
0.83333333
0.40909091
0.57777778
0.5
0.7
0.06666667
