0.33333333
0.3015873
0.8
0.61904762
0.66666667
0.40441176
0.41818182
0.39285714
0.8
0.56410256
0.42857143
0.45454545
0.35555556
0.32142857
0.44871795
0.53571429
0.47272727
0.46666667
0.5
0.38562092
0.43636364
0.56140351
0.25
0.25833333
0.37777778
0.4
0.46153846
0.48484848
0.575
0.47435897
0.5047619
0.28571429
0.5
0.52777778
0.3974359
0.26900585
0.36111111
0.33333333
0.4
0.60714286
0.27205882
0.4
0.57142857
0.44444444
0.66666667
0.83333333
0.43956044
0.51111111
0.37179487
0.45588235
0.55128205
0.0
0.32666667
0.3952381
0.53571429
0.43589744
0.41666667
0.8
0.45584046
0.36752137
1.0
0.42307692
0.21568627
1.0
0.0
0.42857143
0.44444444
0.29487179
0.39473684
0.46969697
0.61538462
0.43809524
0.39393939
0.53333333
0.33333333
0.25
