2.225
2.58024691
2.41463415
2.23170732
2.15853659
2.69230769
2.61728395
2.29268293
2.37037037
2.32098765
2.18518519
2.25609756
2.74390244
2.26829268
2.40506329
0.0
2.75609756
2.85
2.47560976
2.30487805
2.40740741
2.9375
2.08641975
2.80246914
2.92682927
2.40243902
2.24691358
2.47560976
2.23170732
2.51219512
2.5
2.69512195
2.34146341
2.01219512
2.38461538
2.7804878
2.39506173
2.48780488
2.36585366
2.22222222
1.9625
2.05
2.02439024
2.48148148
2.75308642
1.8902439
2.4691358
2.83950617
1.95
2.51851852
2.18292683
2.2875
2.54320988
2.5
2.26582278
2.07407407
2.66666667
2.7654321
2.31707317
2.08641975
2.17283951
2.19512195
2.46341463
2.1875
2.2345679
2.86419753
2.17721519
2.27160494
2.42682927
2.12195122
2.01219512
2.36585366
2.45121951
2.53658537
2.66666667
3.09876543
