0.53333333
1.0
0.4
0.42857143
0.36363636
0.0
0.16666667
0.24242424
0.46666667
0.61111111
0.4
0.38181818
0.6
0.52380952
0.42857143
0.25
1.0
0.33333333
0.33333333
0.2
0.37777778
0.33333333
0.49090909
0.4
0.27777778
0.5
0.55555556
0.34545455
0.16666667
0.73333333
0.25
0.42857143
0.325
0.425
0.28571429
0.19047619
0.1969697
0.32142857
0.42857143
0.4
0.2
0.53571429
0.57142857
0.2
0.33333333
0.5
0.66666667
0.32142857
0.66666667
0.28888889
0.38888889
0.02777778
0.83333333
0.42857143
0.4
0.23809524
0.33333333
0.1
0.46428571
0.52380952
0.53333333
0.4
0.0
0.0
0.36190476
0.42222222
0.19047619
0.66666667
0.42857143
0.33333333
0.42857143
1.0
0.30909091
0.14285714
0.35555556
0.42424242
