0.29333333
0.38181818
0.5
0.5
0.32142857
0.25641026
0.32748538
0.3
0.28571429
0.42222222
0.1969697
0.25714286
0.21428571
0.36363636
0.06666667
0.38095238
0.29239766
0.47619048
0.34615385
0.50909091
0.12820513
0.4
0.2748538
0.29090909
0.29090909
0.41666667
0.26666667
0.26666667
0.50909091
0.48888889
0.37179487
0.33333333
0.45614035
0.42857143
0.17142857
0.47619048
0.14285714
0.47619048
0.23076923
0.36363636
0.35555556
0.29487179
0.33333333
0.51111111
0.26666667
0.28888889
0.41666667
0.24675325
0.48888889
0.22807018
0.34615385
0.17582418
0.37878788
0.06666667
0.35714286
0.26666667
0.26666667
0.29824561
0.31818182
0.5
0.22222222
0.6
0.0
0.16666667
0.28333333
0.32679739
0.2967033
0.33333333
0.37777778
0.33333333
0.26315789
0.43137255
0.43384615
0.20833333
0.33333333
0.26666667
