2.275
2.11111111
2.2804878
2.2195122
1.98780488
2.6025641
2.13580247
2.02439024
2.13580247
2.04938272
2.20987654
2.09756098
1.91463415
1.75609756
2.15189873
1.97530864
1.93902439
2.1875
2.09756098
2.3902439
2.49382716
2.7625
1.97530864
2.12345679
2.15853659
2.01219512
2.03703704
1.93902439
2.09756098
1.96341463
2.30487805
2.09756098
2.04878049
1.80487805
2.24358974
2.06097561
2.48148148
2.08536585
1.95121951
2.27160494
2.225
2.15
1.95121951
1.91358025
2.11111111
2.2195122
1.95061728
2.49382716
2.0625
2.04938272
1.79268293
2.8375
2.04938272
1.93902439
2.44303797
2.12345679
2.18518519
2.35802469
1.82926829
1.79012346
2.2962963
2.01219512
2.02439024
2.85
2.0
1.95061728
2.12658228
2.37037037
2.09756098
2.18292683
2.20731707
1.97560976
2.07317073
2.14634146
2.34567901
2.0617284
