1.7
1.98765432
1.90243902
2.15853659
1.80487805
2.07692308
2.14814815
1.69512195
1.9382716
1.83950617
1.77777778
1.87804878
1.90243902
1.64634146
2.50632911
1.86419753
1.63414634
1.7
2.0
1.67073171
1.9382716
1.8875
1.7037037
2.03703704
1.74390244
1.70731707
1.74074074
1.75609756
1.54878049
1.93902439
1.97560976
1.75609756
1.75609756
2.02439024
2.08974359
1.90243902
1.7037037
1.95121951
1.70731707
1.59259259
1.9875
1.7625
1.87804878
1.75308642
1.82716049
2.08536585
1.96296296
1.87654321
1.5875
1.88888889
1.7804878
2.0
1.77777778
1.90243902
1.69620253
2.02469136
2.45679012
2.0
1.92682927
1.51851852
2.27160494
1.68292683
2.01219512
2.2625
1.77777778
1.9382716
1.83544304
1.87654321
1.68292683
2.08536585
1.63414634
1.65853659
1.7804878
1.85365854
1.97530864
1.86419753
