2.375
2.40740741
2.15853659
3.03658537
2.2804878
2.24358974
2.51851852
2.57317073
2.39506173
2.74074074
2.81481481
2.20731707
2.24390244
2.13414634
3.16455696
2.4691358
2.19512195
2.475
2.56097561
2.03658537
3.0
2.0
2.5308642
2.45679012
2.24390244
2.32926829
2.35802469
2.43902439
2.36585366
2.48780488
2.45121951
2.74390244
2.58536585
2.46341463
2.32051282
2.30487805
2.30864198
2.73170732
2.25609756
2.39506173
2.45
2.65
2.79268293
2.34567901
3.67901235
2.34146341
2.32098765
2.33333333
2.15
2.30864198
2.40243902
3.225
2.07407407
2.31707317
2.49367089
3.01234568
2.64197531
2.51851852
2.03658537
1.98765432
2.2962963
2.51219512
2.62195122
0.0
2.69135802
2.13580247
2.25316456
1.96296296
2.5
2.97560976
2.19512195
2.32926829
2.06097561
2.36585366
2.33333333
2.40740741
