2.5
1.92592593
2.81707317
2.18292683
2.80487805
0.0
2.17283951
2.53658537
2.92592593
2.48148148
2.48148148
2.31707317
2.24390244
2.15853659
3.18987342
2.50617284
2.08536585
1.95
2.20731707
2.74390244
2.98765432
2.475
2.60493827
2.4691358
2.35365854
2.46341463
2.45679012
2.34146341
2.17073171
2.2804878
2.23170732
2.69512195
2.73170732
2.68292683
2.87179487
2.29268293
2.32098765
2.67073171
2.18292683
2.64197531
2.475
2.225
2.5
2.55555556
2.55555556
2.59756098
2.2962963
2.2345679
2.05
2.40740741
2.04878049
0.0
2.5308642
2.2195122
0.0
1.77777778
2.79012346
2.17283951
2.74390244
2.35802469
2.80246914
2.04878049
2.68292683
2.8625
2.34567901
0.0
0.0
3.09876543
2.03658537
2.32926829
2.34146341
2.57317073
2.17073171
2.43902439
3.43209877
2.30864198
