0.40441176
0.44871795
0.26797386
0.20512821
0.46153846
0.28676471
0.39393939
0.22222222
0.20512821
0.42857143
0.37878788
0.31578947
0.3
0.28104575
0.16666667
0.16363636
0.32026144
0.31034483
0.7
0.37908497
0.25757576
0.29090909
0.0
0.46428571
0.28571429
0.25
0.33333333
0.30833333
0.27777778
0.33986928
0.30797101
0.1969697
0.30769231
0.32142857
0.22792023
0.28571429
0.23636364
0.5
0.1978022
0.28571429
1.0
0.31428571
0.28333333
0.33333333
0.33333333
0.25454545
0.20952381
0.61818182
0.37777778
0.33333333
0.35862069
0.0
0.42857143
0.44444444
0.6
0.26797386
0.28571429
0.28817734
0.35672515
0.41818182
0.31111111
0.34615385
0.2
0.0
0.50909091
0.35947712
0.33333333
0.3974359
0.36363636
0.33333333
0.52173913
0.37333333
0.16190476
0.16666667
0.0
0.37142857
