1.65
1.88888889
1.95121951
2.35365854
2.12195122
2.0
1.85185185
2.20731707
1.75308642
1.9382716
1.91358025
1.97560976
1.74390244
1.85365854
2.08860759
1.91358025
1.81707317
1.8125
1.81707317
1.57317073
1.92592593
1.775
1.80246914
2.25925926
2.17073171
1.84146341
1.79012346
1.85365854
1.74390244
1.68292683
1.7804878
2.07317073
1.6097561
1.98780488
1.94871795
1.63414634
1.81481481
2.30487805
1.81707317
1.92592593
2.1375
2.1
1.97560976
2.38271605
2.03703704
2.02439024
2.02469136
1.79012346
2.2625
2.24691358
2.06097561
2.8375
2.03703704
1.92682927
1.60759494
2.04938272
2.08641975
1.74074074
1.92682927
1.85185185
2.22222222
2.37804878
2.14634146
2.675
1.81481481
1.87654321
1.7721519
1.92592593
1.98780488
2.19512195
1.6097561
1.58536585
1.68292683
1.8902439
1.86419753
1.96296296
