2.1375
1.74074074
2.06097561
2.07317073
2.14634146
1.96153846
2.03703704
1.79268293
1.80246914
1.7654321
1.95061728
2.17073171
1.76829268
1.84146341
1.96202532
2.04938272
1.65853659
2.0125
2.02439024
1.73170732
2.16049383
1.875
1.86419753
2.22222222
1.92682927
1.82926829
1.81481481
1.74390244
1.7195122
1.98780488
1.86585366
2.09756098
2.01219512
2.02439024
2.05128205
1.86585366
1.91358025
1.90243902
2.02439024
1.79012346
1.9125
1.9375
2.03658537
1.75308642
1.95061728
2.06097561
2.04938272
1.9382716
1.9125
2.08641975
1.91463415
2.95
1.91358025
2.30487805
1.98734177
2.27160494
2.11111111
1.95061728
1.75609756
2.27160494
2.56790123
1.90243902
2.35365854
2.1625
2.08641975
1.77777778
1.78481013
1.74074074
2.03658537
1.81707317
1.74390244
1.81707317
1.75609756
1.92682927
1.88888889
2.07407407
