0.35947712
0.32183908
0.35714286
0.0
0.38461538
0.24216524
0.27272727
0.33333333
0.31666667
0.25071225
0.33333333
0.31428571
0.28571429
0.31773399
0.33333333
0.25641026
0.37944664
0.33333333
0.26449275
0.26923077
0.42424242
0.4978355
0.35897436
0.23976608
0.25641026
0.24358974
0.25541126
0.24615385
0.25274725
0.30040323
0.25730994
0.57142857
0.36666667
0.43333333
0.23908046
0.17538462
0.30555556
0.20879121
0.28787879
0.47222222
0.23333333
0.21428571
0.22631579
0.32380952
0.5
0.4
0.32679739
0.32246377
0.46153846
0.32026144
0.39130435
0.66666667
0.3047619
0.25454545
0.24358974
0.34285714
0.6
0.27173913
0.33887043
0.40692641
0.36111111
0.44444444
0.17582418
0.5
0.16666667
0.32512315
0.57142857
0.32688172
0.2991453
0.57142857
0.29487179
0.32258065
0.41666667
0.28571429
0.46666667
0.32478632
