2.3
2.80246914
3.69512195
2.84146341
2.2804878
2.78205128
2.33333333
2.37804878
2.64197531
2.44444444
2.65432099
2.87804878
2.58536585
2.14634146
2.58227848
2.27160494
2.56097561
2.3625
3.15853659
2.30487805
2.2962963
2.125
2.08641975
2.38271605
3.30487805
2.43902439
2.16049383
2.84146341
2.36585366
2.2804878
3.01219512
2.20731707
2.17073171
2.01219512
3.32051282
2.08536585
2.2962963
2.53658537
2.47560976
2.2345679
2.35
2.4375
2.30487805
2.27160494
2.69135802
2.3902439
2.61728395
2.25925926
2.125
2.33333333
2.20731707
3.125
2.18518519
2.57317073
2.96202532
2.4691358
2.2345679
2.51851852
2.48780488
2.04938272
2.83950617
2.01219512
2.80487805
2.875
2.34567901
2.12345679
1.94936709
2.24691358
2.12195122
2.2195122
2.07317073
1.95121951
2.07317073
2.32926829
2.08641975
2.43209877
