0.34782609
0.26666667
0.0
0.14545455
0.40909091
0.0
0.34387352
0.32051282
0.25
0.34166667
0.43290043
0.33333333
0.24242424
0.43956044
0.26666667
0.26449275
0.31868132
0.41176471
0.40935673
0.6
0.10714286
0.34761905
0.2967033
0.33333333
0.40909091
0.375
0.57142857
0.18300654
0.16666667
0.38596491
0.33596838
0.38181818
0.5
0.46428571
0.29166667
0.30882353
0.33333333
0.25
0.38095238
0.44117647
0.17857143
0.25833333
0.19230769
0.37179487
0.30769231
0.52380952
0.26666667
0.33333333
0.32352941
0.21818182
0.41005291
0.34848485
0.13333333
0.22857143
0.52777778
0.28654971
0.4
0.28070175
0.42328042
0.47222222
0.26666667
0.8
0.33333333
0.33333333
0.28571429
0.4
0.0
0.37777778
0.33333333
0.4
0.58088235
0.45238095
0.42391304
0.0
0.32142857
0.4
