2.75
2.60493827
2.51219512
2.85365854
2.37804878
2.34615385
2.81481481
2.41463415
2.81481481
2.45679012
2.32098765
2.3902439
2.7195122
1.85365854
0.0
2.60493827
1.95121951
2.1125
2.2804878
2.01219512
2.37037037
2.75
2.58024691
2.60493827
2.40243902
1.96341463
1.87654321
2.15853659
2.34146341
2.26829268
2.40243902
2.20731707
2.17073171
2.14634146
2.87179487
2.62195122
2.55555556
3.29268293
2.5
2.17283951
2.5375
2.8875
2.54878049
2.83950617
2.27160494
2.42682927
2.58024691
2.59259259
2.425
2.55555556
2.15853659
3.3
2.25925926
2.67073171
2.17721519
2.39506173
3.01234568
2.07407407
2.30487805
2.45679012
2.75308642
2.2195122
2.90243902
3.4
2.13580247
1.95061728
2.5443038
2.45679012
2.09756098
2.30487805
2.3902439
1.97560976
1.96341463
2.56097561
2.4691358
2.33333333
