0.66666667
0.34736842
1.0
0.0
0.33333333
0.0
0.0
0.5
0.0
1.0
0.0
0.23809524
0.26666667
0.5
0.0
0.16666667
0.73333333
0.0
0.0
0.33333333
0.3
0.0
0.16666667
0.5
0.53333333
0.0
0.33333333
0.33333333
0.42857143
0.16666667
0.5
0.4
0.0
0.33333333
0.0
0.4
0.66666667
0.30555556
0.0
0.0
0.0
0.83333333
0.0
0.0
0.2
0.5
0.66666667
0.0
0.83333333
0.0
0.51666667
0.0
0.0
0.4
0.0
0.38095238
0.0
1.0
0.4
0.33333333
0.0
0.66666667
0.28571429
0.0
0.9
0.0
0.0
0.5
0.36111111
0.23809524
0.0
0.35164835
1.0
0.0
0.33333333
0.47222222
