0.38095238
0.34545455
0.21212121
0.23636364
0.15151515
0.38095238
0.2748538
0.27205882
0.25490196
0.29824561
0.34848485
0.27272727
0.2952381
0.45021645
0.17142857
0.1969697
0.30718954
0.40350877
0.38181818
0.35164835
0.30409357
0.33333333
0.32142857
0.23076923
0.25454545
0.26190476
0.36764706
0.27777778
0.32142857
0.37878788
0.35833333
0.22857143
0.26923077
0.38562092
0.26666667
0.16190476
0.17582418
0.23809524
0.30909091
0.43939394
0.3047619
0.25
0.28888889
0.26923077
0.32380952
0.35897436
0.26373626
0.38333333
0.37908497
0.2047619
0.34057971
0.5
0.29090909
0.39166667
0.32051282
0.28571429
0.29166667
0.30769231
0.53359684
0.39869281
0.32967033
0.38970588
0.16666667
0.02777778
0.47222222
0.26666667
0.32727273
0.3
0.40522876
0.35897436
0.56060606
0.37142857
0.38596491
0.30555556
0.25454545
0.10909091
