2.3
2.14814815
2.30487805
3.04878049
2.79268293
2.03846154
2.75308642
2.74390244
2.51851852
2.18518519
2.71604938
2.17073171
2.18292683
2.35365854
3.0
2.38271605
2.43902439
3.4375
2.63414634
1.87804878
2.40740741
1.925
2.34567901
2.75308642
2.48780488
2.2195122
2.24691358
1.96341463
1.87804878
2.08536585
2.34146341
2.19512195
2.45121951
3.47560976
2.12820513
2.20731707
2.02469136
2.87804878
2.30487805
2.54320988
3.0625
2.4375
2.43902439
2.28395062
2.25925926
2.75609756
2.39506173
1.87654321
2.5375
2.67901235
2.1097561
2.325
2.61728395
2.37804878
2.3164557
2.50617284
0.0
2.18518519
1.84146341
1.75308642
2.95061728
2.6097561
2.80487805
2.55
2.60493827
2.12345679
1.87341772
2.12345679
2.3902439
2.41463415
1.7804878
2.18292683
2.0
2.37804878
2.01234568
2.41975309
