1.9
2.44444444
2.45121951
2.41463415
2.57317073
2.34615385
2.4691358
2.18292683
2.65432099
2.14814815
2.45679012
2.6097561
2.30487805
1.91463415
3.0
2.45679012
2.08536585
2.5125
2.3902439
2.0
2.02469136
2.8625
1.90123457
2.61728395
2.58536585
2.18292683
2.11111111
2.07317073
2.20731707
2.35365854
2.2804878
2.30487805
2.19512195
2.42682927
2.51282051
2.25609756
2.16049383
2.25609756
2.54878049
1.86419753
3.1
2.3875
2.20731707
2.72839506
2.01234568
2.80487805
2.18518519
2.40740741
2.0
2.02469136
2.07317073
2.5125
2.34567901
2.35365854
2.02531646
2.51851852
2.39506173
2.56790123
1.8902439
1.91358025
2.44444444
2.03658537
2.82926829
3.2875
1.85185185
2.04938272
2.2278481
2.82716049
2.34146341
2.2804878
2.20731707
1.90243902
2.45121951
2.07317073
2.38271605
2.24691358
