0.4379085
0.41897233
0.54945055
0.28571429
0.33333333
0.38095238
0.4952381
0.37878788
0.31372549
0.35263158
0.65454545
0.46666667
0.46428571
0.50292398
0.39393939
0.38888889
0.52777778
0.33333333
0.64285714
0.37944664
0.28654971
0.5
0.40659341
0.5
0.46969697
0.36601307
0.30994152
0.53333333
0.42105263
0.7
0.57142857
0.43589744
0.43939394
0.44444444
0.44444444
0.28888889
0.46753247
0.42857143
0.42857143
0.34285714
0.25735294
0.61904762
0.3047619
0.34666667
0.22222222
0.8
0.36111111
0.66666667
0.55555556
0.35833333
0.48351648
0.6
0.35692308
0.63636364
0.37662338
0.32631579
0.3030303
0.37142857
0.69444444
0.33333333
0.30769231
0.33766234
0.3030303
0.4
0.2967033
0.60714286
0.14285714
0.32142857
0.5
0.64444444
0.0
0.56060606
0.56363636
0.52380952
0.36601307
0.3956044
