2.325
2.56790123
3.37804878
2.45121951
2.34146341
2.74358974
2.58024691
2.52439024
2.28395062
2.64197531
2.66666667
2.7195122
2.65853659
2.13414634
2.44303797
2.85185185
2.34146341
2.25
2.40243902
2.15853659
2.39506173
3.05
2.28395062
2.61728395
2.24390244
2.18292683
2.17283951
2.51219512
2.62195122
2.15853659
2.56097561
3.06097561
2.04878049
2.34146341
2.66666667
2.2195122
2.45679012
2.62195122
2.24390244
2.24691358
2.1375
2.425
2.48780488
2.13580247
3.09876543
2.08536585
2.71604938
2.43209877
2.1
2.5308642
2.46341463
3.1625
2.38271605
2.34146341
2.7721519
2.41975309
2.54320988
2.7654321
2.14634146
2.12345679
2.95061728
2.0
2.98780488
3.175
2.19753086
2.4691358
2.6835443
2.49382716
2.41463415
2.59756098
2.26829268
2.23170732
2.26829268
2.59756098
2.38271605
2.7037037
