0.29090909
0.20915033
0.21794872
0.12857143
0.35555556
0.27272727
0.32967033
0.21323529
0.2967033
0.35789474
0.1994302
0.25757576
0.34545455
0.41818182
0.33333333
0.19927536
0.31601732
0.17368421
0.27205882
0.38181818
0.25071225
0.3
0.325
0.33333333
0.26797386
0.38562092
0.31428571
0.32051282
0.27692308
0.39393939
0.26143791
0.20797721
0.38888889
0.43333333
0.22222222
0.21666667
0.2
0.15151515
0.30769231
0.375
0.25108225
0.24264706
0.1952381
0.23684211
0.22510823
0.2
0.26451613
0.7
0.30526316
0.27777778
0.34285714
0.16666667
0.25
0.30718954
0.28070175
0.15555556
0.2745098
0.35263158
0.57142857
0.42857143
0.21818182
0.2962963
0.27777778
0.06060606
0.40659341
0.2
0.46153846
0.24358974
0.42857143
0.30333333
0.47222222
0.3125
0.38709677
0.33333333
0.28571429
0.31527094
