0.31904762
0.18095238
0.21212121
0.24444444
0.27272727
0.28205128
0.16190476
0.25666667
0.27941176
0.30409357
0.24736842
0.30555556
0.26470588
0.31601732
0.5
0.2
0.3974359
0.28205128
0.24175824
0.27173913
0.23636364
0.25724638
0.17948718
0.15384615
0.23076923
0.29666667
0.28306878
0.35555556
0.43859649
0.26455026
0.16190476
0.0952381
0.30833333
0.32411067
0.15555556
0.17748918
0.14102564
0.14102564
0.21568627
0.38181818
0.22727273
0.33333333
0.18954248
0.19047619
0.30065359
0.24264706
0.17948718
0.2
0.22580645
0.35555556
0.24867725
0.14285714
0.30769231
0.375
0.31578947
0.23529412
0.22222222
0.1991342
0.39705882
0.31818182
0.19230769
0.25490196
0.13333333
0.0
0.26190476
0.26333333
0.52777778
0.20879121
0.28571429
0.28205128
0.20512821
0.24086022
0.33201581
0.3030303
0.22058824
0.18300654
