2.6125
2.27160494
2.68292683
2.70731707
2.24390244
2.37179487
2.34567901
2.30487805
2.37037037
2.20987654
2.56790123
2.43902439
2.20731707
1.80487805
2.30379747
2.9382716
2.31707317
2.325
2.48780488
2.03658537
2.33333333
2.425
2.30864198
2.67901235
2.37804878
2.02439024
2.11111111
2.92682927
2.25609756
2.23170732
2.31707317
2.3902439
2.86585366
2.32926829
3.17948718
2.54878049
2.79012346
2.45121951
2.14634146
2.27160494
2.5125
2.4
2.18292683
2.37037037
2.45679012
2.52439024
2.0617284
2.91358025
2.4875
2.17283951
2.26829268
2.975
2.39506173
2.2804878
2.18987342
2.7654321
2.33333333
1.97530864
1.93902439
2.28395062
3.16049383
2.40243902
2.7195122
3.175
2.0617284
2.59259259
2.10126582
2.58024691
2.18292683
2.36585366
1.98780488
2.13414634
1.84146341
2.90243902
2.92592593
2.75308642
