2.7125
1.71604938
2.56097561
2.47560976
2.74390244
1.96153846
2.14814815
2.23170732
2.28395062
2.0
1.71604938
2.2195122
2.1097561
2.1097561
2.08860759
2.20987654
2.13414634
2.2125
1.96341463
1.92682927
2.2962963
2.025
2.30864198
1.91358025
2.19512195
2.36585366
2.11111111
2.14634146
1.87804878
2.13414634
2.04878049
2.34146341
2.18292683
2.2804878
2.06410256
1.87804878
2.25925926
2.64634146
2.19512195
2.2345679
1.925
2.55
2.29268293
2.11111111
2.9382716
2.7804878
1.92592593
2.37037037
1.9875
2.02469136
1.97560976
3.425
1.72839506
1.90243902
2.08860759
2.0
2.24691358
2.56790123
1.69512195
1.71604938
2.96296296
2.0
2.08536585
3.3
0.0
1.87654321
2.11392405
2.03703704
1.86585366
2.06097561
2.01219512
1.82926829
1.75609756
1.96341463
2.45679012
2.18518519
