0.44761905
0.41818182
0.29846154
0.17142857
0.29047619
0.2055336
0.36764706
0.19950739
0.28923077
0.25568182
0.21323529
0.27777778
0.25714286
0.34769231
0.22857143
0.29644269
0.37619048
0.33766234
0.27513228
0.44761905
0.36190476
0.44852941
0.29347826
0.35897436
0.33823529
0.25641026
0.33333333
0.17647059
0.28571429
0.30526316
0.34236453
0.15810277
0.32275132
0.31578947
0.23715415
0.35897436
0.48888889
0.25833333
0.30994152
0.42307692
0.35897436
0.32679739
0.3
0.36764706
0.21978022
0.27205882
0.29
0.31868132
0.37368421
0.26666667
0.31907308
0.33333333
0.31052632
0.22758621
0.43589744
0.23076923
0.25641026
0.33333333
0.41558442
0.33103448
0.34545455
0.26495726
0.16017316
0.15555556
0.19354839
0.33992095
0.36363636
0.28888889
0.4
0.22522523
0.26923077
0.37606838
0.39384615
0.25146199
0.22105263
0.36363636
