1.675
1.80246914
1.84146341
2.13414634
3.03658537
2.21794872
2.14814815
2.1097561
1.86419753
1.88888889
2.22222222
2.14634146
1.97560976
1.74390244
2.26582278
2.4691358
1.85365854
1.975
1.7195122
1.63414634
2.2962963
1.725
1.86419753
2.17283951
2.40243902
1.84146341
1.56790123
2.1097561
1.65853659
1.63414634
1.79268293
1.98780488
1.85365854
2.52439024
2.25641026
2.12195122
2.07407407
2.14634146
2.15853659
1.77777778
2.1375
1.9125
1.93902439
2.18518519
2.16049383
2.15853659
1.72839506
1.92592593
1.775
2.09876543
1.98780488
2.2625
1.80246914
2.52439024
1.74683544
2.20987654
2.30864198
1.98765432
1.40243902
1.7037037
2.03703704
1.93902439
1.96341463
2.525
1.91358025
1.86419753
1.91139241
1.85185185
2.20731707
2.13414634
1.69512195
1.90243902
1.80487805
1.80487805
1.79012346
1.87654321
