3.175
1.9382716
2.24390244
2.29268293
2.85365854
2.37179487
1.90123457
1.81707317
2.48148148
1.92592593
2.20987654
1.98780488
1.90243902
1.95121951
2.53164557
2.25925926
2.13414634
1.9875
2.0
1.87804878
2.35802469
1.8
1.7037037
2.50617284
2.2195122
2.35365854
1.92592593
2.02439024
1.73170732
2.02439024
2.07317073
1.95121951
2.58536585
3.03658537
2.42307692
2.14634146
1.81481481
2.31707317
1.90243902
1.75308642
2.2125
2.275
2.18292683
1.95061728
2.03703704
2.29268293
1.80246914
1.87654321
1.7375
1.88888889
2.23170732
2.5
1.86419753
1.75609756
2.41772152
2.16049383
2.28395062
2.65432099
1.8902439
1.86419753
1.98765432
1.76829268
2.58536585
2.45
1.88888889
2.02469136
1.94936709
2.01234568
2.29268293
2.48780488
1.87804878
2.34146341
1.85365854
2.25609756
2.19753086
2.01234568
