2.175
2.2345679
2.20731707
2.24390244
2.03658537
2.21794872
2.03703704
1.79268293
2.0617284
2.07407407
2.01234568
2.1097561
2.51219512
1.93902439
2.46835443
2.14814815
2.15853659
1.75
2.09756098
2.04878049
2.41975309
2.1125
1.97530864
1.97530864
2.2804878
2.12195122
2.22222222
2.0
1.97560976
1.91463415
1.90243902
2.1097561
1.92682927
2.17073171
1.98717949
2.04878049
2.07407407
2.14634146
1.98780488
2.17283951
2.025
2.1875
2.02439024
1.90123457
2.12345679
2.25609756
2.22222222
1.98765432
1.925
2.28395062
2.07317073
2.0125
1.77777778
2.02439024
2.0
2.13580247
2.35802469
1.82716049
1.91463415
1.88888889
1.87654321
1.81707317
2.3902439
1.975
1.96296296
1.91358025
2.13924051
2.16049383
2.14634146
1.86585366
1.80487805
1.87804878
1.91463415
2.15853659
2.49382716
2.18518519
