0.22631579
0.32727273
0.25714286
0.16959064
0.26666667
0.24731183
0.26923077
0.37777778
0.25296443
0.24597701
0.33695652
0.12865497
0.2
0.25071225
0.1969697
0.33333333
0.19852941
0.23908046
0.23976608
0.27920228
0.21568627
0.30871212
0.23
0.17663818
0.4
0.21428571
0.29249012
0.25
0.38
0.29666667
0.53333333
0.18681319
0.26482213
0.28571429
0.21693122
0.24761905
0.20261438
0.05555556
0.34615385
0.325
0.23809524
0.22222222
0.2
0.22058824
0.225
0.28070175
0.24166667
0.22807018
0.31428571
0.26333333
0.41758242
0.28888889
0.35263158
0.27272727
0.34545455
0.46428571
0.275
0.26203209
0.31764706
0.27272727
0.23636364
0.31076923
0.13333333
0.17582418
0.28571429
0.2
0.16996047
0.42028986
0.36666667
0.28104575
0.25319396
0.23484848
0.29018492
0.3030303
0.32380952
0.37944664
