2.625
2.33333333
2.84146341
2.74390244
2.59756098
2.29487179
2.60493827
2.12195122
2.66666667
2.45679012
2.27160494
2.90243902
3.17073171
2.35365854
2.37974684
2.09876543
2.02439024
2.275
2.48780488
2.54878049
2.49382716
3.3625
2.48148148
2.59259259
2.59756098
2.3902439
2.83950617
2.86585366
2.29268293
3.08536585
2.17073171
2.37804878
2.86585366
2.3902439
3.24358974
2.7804878
0.0
2.53658537
2.14634146
2.54320988
2.3125
2.5
2.69512195
2.41975309
2.38271605
3.08536585
3.35802469
2.30864198
2.3875
2.45679012
2.2195122
3.0625
2.45679012
2.65853659
2.48101266
2.55555556
2.49382716
2.55555556
2.31707317
2.59259259
2.91358025
2.3902439
3.01219512
2.65
2.80246914
2.92592593
2.79746835
3.08641975
2.15853659
2.54878049
2.37804878
2.53658537
2.29268293
2.36585366
3.17283951
2.25925926
