0.48351648
0.23636364
0.4
0.33333333
0.0
0.33333333
0.33333333
0.53333333
0.27272727
0.5
0.5
0.32967033
0.38181818
0.38235294
0.5
0.4
0.41666667
0.38095238
0.41666667
0.45714286
0.3
0.32051282
0.53333333
0.0
0.19047619
0.66666667
0.52380952
0.39285714
0.30769231
0.36363636
0.30555556
0.38095238
0.47435897
0.67857143
0.3
0.26666667
0.07142857
0.31111111
0.38095238
0.425
0.17857143
0.46428571
0.2
0.4
0.66666667
0.5
0.33333333
0.36601307
0.46666667
0.4
0.53333333
0.0
0.0
0.57142857
0.38888889
0.10714286
0.66666667
0.33333333
0.44923077
0.46153846
0.33333333
0.3974359
0.13333333
0.26666667
0.53333333
0.37229437
0.6
0.42857143
0.25
0.5
0.36363636
0.42857143
0.19047619
0.34558824
0.35
0.0
