2.5125
1.96296296
2.7195122
2.25609756
3.63414634
2.67948718
2.65432099
2.5
2.01234568
2.20987654
2.58024691
2.15853659
2.02439024
2.24390244
3.4556962
2.27160494
2.7195122
2.025
2.62195122
1.86585366
3.60493827
1.775
2.77777778
2.4691358
2.57317073
2.18292683
2.32098765
2.73170732
2.48780488
2.12195122
2.69512195
2.68292683
2.15853659
2.82926829
0.0
2.14634146
2.50617284
2.65853659
2.20731707
1.72839506
3.125
2.025
2.31707317
2.45679012
2.79012346
2.58536585
2.45679012
2.43209877
2.1875
2.28395062
2.69512195
3.225
1.91358025
2.32926829
1.91139241
2.97530864
2.97530864
3.74074074
1.97560976
0.0
2.41975309
2.01219512
2.42682927
3.1875
2.95061728
2.0617284
1.82278481
1.90123457
2.1097561
2.42682927
1.86585366
2.34146341
2.09756098
2.53658537
2.62962963
2.27160494
