2.2125
2.58024691
2.14634146
2.82926829
2.26829268
2.15384615
3.09876543
2.1097561
2.58024691
2.16049383
2.20987654
2.26829268
2.20731707
2.2195122
2.29113924
2.13580247
1.98780488
2.2625
2.51219512
2.03658537
2.56790123
1.8125
2.01234568
2.43209877
2.17073171
2.31707317
2.07407407
2.23170732
2.02439024
1.91463415
2.52439024
2.23170732
1.86585366
2.2804878
2.08974359
2.64634146
2.41975309
2.2195122
2.15853659
2.24691358
2.25
1.9875
2.32926829
2.19753086
2.18518519
2.35365854
2.65432099
2.22222222
2.3625
2.28395062
2.32926829
2.4
2.33333333
2.06097561
2.10126582
3.28395062
2.33333333
2.39506173
2.06097561
2.12345679
2.44444444
2.42682927
2.08536585
2.5625
2.16049383
1.92592593
2.07594937
2.30864198
2.09756098
2.3902439
2.02439024
2.12195122
1.82926829
2.18292683
2.08641975
2.83950617
