0.46153846
0.34545455
0.5
0.30718954
0.33333333
0.35
0.5
0.48717949
0.71428571
0.7
0.50980392
0.37878788
0.66666667
0.66666667
0.2
0.34387352
0.39047619
0.2
0.66666667
0.41666667
0.14285714
0.61818182
0.3
0.38461538
0.31868132
0.45714286
0.33333333
0.35714286
0.43956044
0.36363636
0.5
0.3974359
0.62121212
0.40909091
0.53333333
0.33333333
0.5
0.2
0.5
0.47222222
0.5
0.5
0.66666667
0.38970588
0.38888889
0.5
0.46666667
0.40909091
0.38596491
0.45454545
0.35238095
0.83333333
0.3
0.38947368
0.5
0.57142857
0.21978022
0.83333333
0.57142857
0.77777778
0.28787879
0.39473684
0.28571429
0.25
0.38095238
0.61904762
0.425
0.0
0.38461538
0.40935673
0.55555556
0.55555556
0.40952381
0.4
0.33333333
0.66666667
