0.55555556
0.0
0.6
0.24444444
0.43636364
0.36111111
0.33333333
0.1969697
0.3
0.42222222
0.25
0.5
0.28571429
0.63888889
0.18181818
0.0
0.32051282
0.66666667
0.6
0.38095238
0.28888889
0.18181818
0.25757576
0.33333333
0.35555556
0.25714286
0.31111111
0.0
0.2
0.31868132
0.37777778
0.0
0.29090909
0.25
0.5
0.21052632
1.0
0.16666667
0.30769231
0.16666667
0.0
0.35714286
0.41666667
0.64285714
0.35714286
0.34502924
0.0
0.5
0.26666667
0.2
0.38095238
0.28571429
0.18181818
0.25
0.23809524
0.30769231
0.5
0.03571429
0.2
0.26923077
0.4
0.34166667
0.25
0.24444444
0.32142857
0.4
0.5
0.30909091
0.47619048
0.14285714
0.47222222
0.8
0.30147059
0.0
0.0
0.29090909
