2.575
2.49382716
3.3902439
2.90243902
2.54878049
2.34615385
2.50617284
2.29268293
2.87654321
2.56790123
2.28395062
2.2804878
3.14634146
2.14634146
2.63291139
2.08641975
2.36585366
2.075
2.35365854
3.07317073
3.12345679
2.6875
2.67901235
2.60493827
2.06097561
2.47560976
2.32098765
2.40243902
2.35365854
2.47560976
2.46341463
2.04878049
2.87804878
2.25609756
2.56410256
2.32926829
1.9382716
2.40243902
2.69512195
2.43209877
2.65
0.0
2.3902439
2.74074074
2.45679012
2.5
2.20987654
2.04938272
2.6
3.27160494
1.97560976
2.1125
2.02469136
2.32926829
2.07594937
2.19753086
2.64197531
2.43209877
2.03658537
2.08641975
2.82716049
2.17073171
2.7804878
2.6125
2.14814815
2.28395062
0.0
2.14814815
2.30487805
2.76829268
2.04878049
2.17073171
2.54878049
2.93902439
2.77777778
2.11111111
