0.0
0.24561404
0.32051282
0.39285714
0.33333333
0.6
0.34558824
0.24285714
0.17857143
0.36601307
0.46969697
0.4
0.33918129
0.44871795
0.5
0.57142857
0.53333333
0.35238095
0.375
0.32806324
0.46666667
0.3960114
0.18850575
0.42857143
0.325
0.46666667
0.24264706
0.41758242
0.27920228
0.30833333
0.5
0.21323529
0.2
0.66666667
0.47619048
0.35555556
0.39130435
0.22222222
0.31904762
0.2826087
0.16666667
0.27272727
0.26666667
0.42647059
0.38461538
0.60714286
0.32380952
0.29411765
0.34
0.40526316
0.55128205
0.14285714
0.22077922
0.30769231
0.17777778
0.26923077
0.27777778
0.4
0.5047619
0.41830065
0.2748538
0.36594203
0.35714286
0.53333333
0.25
0.54545455
0.48571429
0.25274725
0.53030303
0.4
0.40350877
0.64285714
0.44444444
0.25454545
0.23076923
0.29487179
