0.22983871
0.29333333
0.24867725
0.30769231
0.0
0.4
0.23636364
0.23636364
0.20952381
0.33333333
0.45454545
0.33333333
0.32967033
0.32333333
0.35714286
0.33333333
0.43382353
0.34166667
0.25846154
0.27272727
0.38888889
0.42758621
0.25
0.31868132
0.33333333
0.31601732
0.21008403
0.33333333
0.29064039
0.25
0.3
0.24264706
0.2987013
0.42857143
0.43589744
0.30909091
0.30147059
0.20952381
0.37362637
0.30994152
0.36363636
0.2748538
0.18954248
0.67857143
0.36111111
0.35897436
0.27692308
0.33333333
0.28
0.42307692
0.49122807
0.32051282
0.26839827
0.16666667
0.21937322
0.34545455
0.41666667
0.23076923
0.2797619
0.38769231
0.25833333
0.42857143
0.16993464
0.33333333
0.30769231
0.34210526
0.20467836
0.32034632
0.53846154
0.33333333
0.38916256
0.32105263
0.46320346
0.21538462
0.23361823
0.26315789
