2.0
2.13580247
2.53658537
2.03658537
2.23170732
2.01282051
2.50617284
2.13414634
2.2345679
2.45679012
1.90123457
2.07317073
2.82926829
2.5
2.29113924
1.80246914
1.96341463
2.325
2.43902439
2.18292683
2.59259259
2.2125
2.48148148
2.11111111
1.97560976
1.97560976
2.51851852
2.35365854
1.96341463
2.20731707
1.86585366
2.03658537
2.06097561
2.30487805
2.46153846
2.5
2.25925926
2.42682927
2.18292683
2.24691358
2.5625
2.4875
2.7195122
1.96296296
2.22222222
2.85365854
2.35802469
2.19753086
1.8625
2.18518519
1.91463415
2.6875
1.96296296
1.95121951
2.51898734
2.25925926
2.07407407
2.45679012
2.25609756
2.2345679
2.12345679
1.90243902
2.51219512
2.3375
2.22222222
2.24691358
1.87341772
3.09876543
1.97560976
1.82926829
2.24390244
2.09756098
1.8902439
2.17073171
2.35802469
2.48148148
