1.9375
1.87654321
2.2804878
2.07317073
2.40243902
2.41025641
2.0
1.95121951
1.92592593
1.85185185
2.12345679
2.62195122
2.24390244
1.87804878
2.11392405
2.22222222
2.36585366
1.8375
2.26829268
1.76829268
1.98765432
2.3
2.02469136
2.56790123
2.02439024
1.84146341
1.85185185
2.54878049
1.84146341
2.67073171
2.31707317
2.07317073
2.31707317
2.26829268
2.1025641
2.2195122
1.85185185
2.36585366
2.31707317
1.79012346
1.9125
2.375
2.01219512
1.71604938
1.96296296
2.67073171
2.20987654
2.69135802
2.025
2.03703704
1.90243902
2.6125
1.71604938
2.14634146
1.84810127
1.87654321
2.09876543
1.91358025
2.08536585
1.82716049
2.11111111
1.7804878
2.19512195
2.4375
2.11111111
2.19753086
2.17721519
2.28395062
2.13414634
2.14634146
2.45121951
2.0
2.06097561
2.46341463
2.14814815
2.0
