2.5625
2.2345679
2.40243902
2.24390244
2.51219512
0.0
2.33333333
2.42682927
2.43209877
2.24691358
2.32098765
2.70731707
2.75609756
2.08536585
2.74683544
2.44444444
2.14634146
2.7
2.31707317
2.15853659
2.82716049
2.575
1.96296296
3.14814815
2.67073171
2.43902439
2.33333333
2.56097561
2.2804878
2.64634146
2.26829268
2.25609756
2.56097561
2.86585366
2.58974359
2.1097561
2.22222222
2.42682927
2.3902439
2.17283951
2.7625
2.0
2.37804878
2.61728395
2.43209877
2.6097561
2.5308642
2.74074074
2.325
2.49382716
2.69512195
2.8
2.59259259
2.5
2.98734177
2.72839506
2.77777778
2.79012346
2.09756098
2.02469136
2.49382716
2.37804878
2.23170732
2.725
2.01234568
2.61728395
2.11392405
2.75308642
2.23170732
1.73170732
2.40243902
3.15853659
2.04878049
1.97560976
2.48148148
3.09876543
