2.1625
2.02469136
2.20731707
1.90243902
2.12195122
2.73076923
2.18518519
1.79268293
2.0
1.9382716
1.85185185
2.12195122
2.30487805
1.93902439
2.53164557
2.08641975
2.14634146
1.825
2.14634146
1.92682927
2.7654321
2.3625
1.92592593
2.44444444
2.0
1.87804878
1.82716049
2.31707317
1.84146341
1.91463415
2.18292683
2.02439024
2.0
2.29268293
2.44871795
2.32926829
2.0617284
2.03658537
1.98780488
1.96296296
2.375
2.475
2.08536585
1.85185185
2.48148148
2.41463415
2.39506173
1.90123457
1.8125
2.2345679
1.79268293
2.3875
2.18518519
2.02439024
1.86075949
2.02469136
2.2345679
2.02469136
1.92682927
2.04938272
2.12345679
2.18292683
2.03658537
2.3125
1.90123457
2.02469136
2.44303797
2.0
2.03658537
2.15853659
1.91463415
1.80487805
1.90243902
2.07317073
1.96296296
1.95061728
