0.52380952
0.36666667
0.6
0.33333333
0.73333333
0.43636364
0.35573123
0.80952381
0.4
0.53333333
0.36796537
0.29487179
0.27941176
0.36752137
0.16363636
0.38461538
0.45714286
0.78571429
0.54545455
0.51111111
0.30555556
0.53216374
0.5
0.42857143
0.25641026
0.28623188
0.32034632
0.67857143
0.5
0.33986928
0.3047619
0.35897436
0.44166667
0.39393939
0.62222222
0.44871795
0.50980392
0.28571429
0.35
0.35714286
0.41666667
0.46428571
0.35555556
0.37179487
0.35714286
0.53333333
0.40833333
0.33333333
0.36190476
0.66666667
0.39408867
0.3
0.60714286
0.42105263
0.33333333
0.33766234
0.6
0.39285714
0.58181818
0.48421053
0.0
0.30666667
0.44444444
0.6
0.27777778
0.28615385
0.33333333
0.24358974
0.37549407
0.33823529
0.45098039
0.35497835
0.39869281
0.66666667
0.31111111
0.39166667
