2.125
1.90123457
1.92682927
1.93902439
1.81707317
2.01282051
1.95061728
1.92682927
1.75308642
2.01234568
2.02469136
1.91463415
2.02439024
1.93902439
1.89873418
2.14814815
1.74390244
1.7875
2.0
1.67073171
1.98765432
2.0625
1.69135802
1.83950617
2.20731707
2.02439024
1.85185185
1.85365854
1.74390244
2.01219512
1.95121951
2.3902439
2.0
1.97560976
2.05128205
1.79268293
2.01234568
1.97560976
1.97560976
1.69135802
2.2
1.925
1.86585366
2.12345679
1.91358025
2.23170732
2.35802469
2.01234568
1.725
1.91358025
2.2195122
2.375
2.09876543
1.82926829
1.91139241
2.18518519
1.88888889
2.12345679
1.84146341
1.91358025
1.81481481
1.80487805
2.13414634
2.275
2.2345679
1.90123457
1.72151899
1.81481481
1.87804878
2.02439024
1.80487805
1.82926829
1.81707317
1.75609756
1.7654321
1.88888889
