2.1375
2.01234568
2.04878049
2.80487805
1.96341463
2.12820513
2.45679012
1.97560976
2.34567901
2.0617284
2.14814815
1.84146341
2.0
2.26829268
2.65822785
2.4691358
2.02439024
2.05
2.04878049
1.93902439
2.22222222
1.9625
1.91358025
1.88888889
2.15853659
2.08536585
1.91358025
2.26829268
1.7195122
1.86585366
1.86585366
2.23170732
1.97560976
2.03658537
2.44871795
2.42682927
1.91358025
2.35365854
2.2804878
1.79012346
2.25
2.0
2.30487805
1.95061728
2.19753086
2.40243902
2.11111111
2.49382716
2.75
1.91358025
2.19512195
1.8625
1.83950617
1.95121951
1.83544304
2.2962963
2.33333333
1.83950617
1.91463415
2.12345679
1.77777778
2.2195122
2.25609756
2.425
2.04938272
1.92592593
1.94936709
2.11111111
2.35365854
2.14634146
1.76829268
2.02439024
1.65853659
2.07317073
2.11111111
2.01234568
