0.33918129
0.3
0.4
0.28571429
0.5
0.33333333
0.57142857
0.48888889
0.5
0.41666667
0.66666667
1.0
0.5
0.58095238
0.53333333
0.0
0.63636364
0.5
0.47619048
0.46428571
0.73333333
0.40935673
0.45454545
0.66666667
0.5
0.76190476
0.80952381
0.5
0.47619048
0.54945055
0.0
0.0
0.7
0.23809524
0.34545455
0.45454545
0.3
0.33333333
0.4
0.54545455
0.52380952
0.47272727
0.38095238
0.41666667
0.0
0.36263736
0.38095238
0.5
0.5
0.4
0.3
0.33333333
0.61538462
0.46666667
0.49166667
0.37878788
0.40909091
0.66666667
0.54901961
0.39705882
0.25
0.51111111
0.32142857
0.19444444
0.45454545
0.47435897
0.5
0.42857143
0.57142857
0.48717949
0.44761905
0.6
0.52727273
0.57142857
0.44444444
0.5
