0.48366013
0.32163743
0.44852941
0.61904762
0.7
0.36111111
0.37777778
0.75
0.37777778
0.4
0.46245059
1.0
0.66666667
0.61111111
0.38095238
0.66666667
0.44444444
0.6
0.46153846
0.46428571
1.0
0.55714286
0.66666667
0.5
0.37179487
0.52777778
0.4
0.66666667
0.51111111
0.31868132
0.48484848
1.0
0.55128205
0.83333333
0.37777778
0.21818182
0.44444444
0.32142857
0.4
0.4
0.44444444
0.53333333
0.27777778
0.42857143
0.34545455
0.4
0.53333333
0.47619048
0.64444444
0.16666667
0.73333333
0.0
0.35555556
0.43939394
0.33333333
0.33333333
0.6
0.48484848
0.73333333
0.61818182
0.30555556
0.41758242
0.34615385
0.33333333
0.61904762
0.43589744
0.41025641
0.4
0.66666667
0.52777778
0.56190476
0.51428571
0.38970588
0.16666667
0.36363636
0.33333333
