2.0625
1.74074074
2.04878049
2.43902439
2.14634146
2.48717949
2.19753086
2.14634146
2.32098765
2.09876543
2.34567901
1.98780488
1.96341463
2.32926829
2.21518987
2.65432099
2.08536585
2.225
2.2195122
2.08536585
1.90123457
1.925
2.14814815
2.2345679
2.19512195
2.42682927
2.17283951
2.17073171
1.90243902
1.82926829
1.93902439
2.09756098
1.95121951
2.2195122
2.29487179
2.07317073
1.92592593
2.91463415
2.24390244
1.81481481
2.2125
1.825
2.34146341
1.88888889
2.12345679
2.58536585
1.92592593
2.08641975
2.3125
1.88888889
2.02439024
2.2125
2.12345679
2.32926829
2.44303797
2.54320988
2.48148148
2.0617284
1.96341463
1.67901235
2.49382716
2.1097561
2.43902439
2.3875
2.28395062
1.77777778
2.07594937
1.7037037
2.09756098
2.29268293
1.69512195
1.8902439
1.85365854
1.81707317
1.83950617
2.0
