0.0
2.49382716
3.06097561
2.92682927
3.0
2.73076923
2.38271605
2.20731707
0.0
0.0
2.54320988
2.67073171
2.37804878
2.1097561
2.86075949
2.61728395
2.68292683
2.4375
2.32926829
2.24390244
2.7037037
2.4
2.28395062
2.2962963
2.64634146
2.87804878
2.50617284
2.37804878
2.02439024
2.43902439
2.67073171
2.92682927
2.09756098
2.36585366
2.35897436
2.09756098
2.48148148
2.68292683
2.84146341
3.03703704
2.6125
2.4
2.70731707
2.18518519
2.41975309
2.57317073
2.59259259
2.30864198
2.15
0.0
2.2195122
2.75
2.03703704
2.01219512
2.48101266
2.19753086
2.44444444
2.24691358
2.08536585
2.20987654
2.92592593
2.04878049
3.02439024
3.075
2.30864198
2.44444444
2.58227848
2.41975309
2.06097561
2.3902439
2.18292683
2.35365854
1.95121951
2.52439024
2.40740741
2.32098765
