0.6
0.41025641
0.5
0.52380952
0.26666667
0.38181818
0.41758242
0.46666667
0.35294118
0.47435897
0.48666667
0.47272727
0.26666667
0.45454545
0.66666667
0.16666667
0.55128205
0.71212121
0.34285714
0.48484848
0.60714286
0.53157895
0.53571429
0.44444444
0.35947712
0.5
0.71428571
0.33333333
0.54545455
0.44444444
0.49673203
0.30409357
0.56190476
0.66666667
0.47435897
0.35
0.28787879
0.1978022
0.53333333
0.39393939
0.29090909
0.69444444
0.48888889
0.43636364
0.7
0.5
0.46666667
0.73333333
0.34065934
1.0
0.41176471
0.5
0.51282051
0.38181818
0.5
0.83333333
0.33333333
0.71428571
0.61578947
0.41176471
0.4
0.43939394
0.42857143
0.0
0.4
0.60606061
1.0
0.49090909
1.0
0.53333333
0.65151515
0.44444444
0.4978355
0.48484848
0.54545455
0.46666667
