0.26666667
0.32967033
0.3715415
0.23809524
0.2875817
0.66666667
0.30147059
0.22068966
0.35947712
0.38095238
0.28095238
0.43636364
0.22222222
0.38961039
0.24285714
0.19230769
0.5
0.29959514
0.25490196
0.33
0.35294118
0.325
0.34166667
0.35947712
0.26797386
0.16176471
0.35238095
0.37619048
0.27076923
0.40522876
0.26666667
0.30409357
0.25641026
0.41025641
0.33986928
0.23684211
0.36111111
0.1952381
0.26797386
0.35238095
0.24786325
0.21846154
0.25714286
0.27894737
0.25108225
0.26143791
0.31617647
0.33333333
0.33666667
0.5
0.26923077
0.33333333
0.24
0.35968379
0.31052632
0.21637427
0.24183007
0.47222222
0.4
0.26470588
0.14550265
0.32857143
0.41666667
0.23529412
0.25454545
0.41904762
0.40441176
0.29090909
0.22222222
0.35
0.37777778
0.35897436
0.21904762
0.36796537
0.30434783
0.41758242
