1.925
3.59259259
2.19512195
2.04878049
3.31707317
2.33333333
2.59259259
2.47560976
2.38271605
2.19753086
2.5308642
2.76829268
2.2195122
2.20731707
2.67088608
2.37037037
2.36585366
2.75
2.41463415
2.54878049
2.22222222
2.0625
0.0
2.75308642
3.1097561
1.95121951
2.16049383
2.3902439
2.3902439
2.29268293
1.95121951
2.62195122
2.62195122
2.59756098
2.51282051
1.90243902
2.37037037
2.07317073
2.25609756
2.39506173
0.0
2.525
2.52439024
2.48148148
2.67901235
2.73170732
2.49382716
2.79012346
2.325
2.54320988
2.57317073
0.0
3.43209877
2.74390244
3.01265823
2.2962963
3.09876543
2.11111111
2.1097561
2.60493827
2.66666667
2.67073171
2.2804878
3.025
2.4691358
2.58024691
2.7721519
3.0
2.29268293
2.32926829
2.06097561
2.69512195
2.69512195
2.84146341
2.83950617
2.12345679
