2.4875
1.83950617
2.15853659
2.59756098
1.80487805
1.94871795
2.07407407
1.81707317
2.18518519
2.32098765
2.12345679
2.2804878
2.15853659
2.37804878
3.02531646
1.83950617
2.3902439
2.225
2.17073171
1.97560976
2.02469136
2.1875
1.87654321
2.08641975
2.01219512
2.19512195
2.49382716
2.42682927
2.14634146
2.2195122
1.86585366
2.13414634
2.64634146
1.7195122
2.06410256
2.13414634
2.35802469
2.30487805
2.53658537
2.19753086
2.25
2.3625
2.35365854
1.77777778
1.77777778
1.8902439
2.11111111
2.43209877
2.225
2.04938272
2.04878049
2.05
1.82716049
1.84146341
2.35443038
2.01234568
1.81481481
2.22222222
2.23170732
2.43209877
2.45679012
1.96341463
2.5
1.8125
2.02469136
2.95061728
2.55696203
2.35802469
2.26829268
1.59756098
2.0
2.09756098
2.14634146
2.67073171
2.32098765
2.96296296
