0.5
0.3030303
0.28654971
0.23333333
0.2034632
0.23076923
0.30994152
0.28333333
0.32608696
0.33918129
0.40833333
0.32026144
0.39047619
0.45454545
0.15714286
0.16363636
0.24615385
0.27705628
0.30882353
0.30645161
0.27368421
0.20952381
0.27920228
0.21637427
0.21428571
0.43939394
0.37142857
0.26406926
0.33333333
0.37878788
0.46666667
0.42857143
0.34736842
0.37908497
0.25641026
0.25724638
0.30065359
0.27205882
0.35238095
0.34126984
0.26666667
0.25714286
0.31617647
0.26923077
0.34285714
0.37362637
0.4
0.5
0.30434783
0.26666667
0.25
0.29090909
0.27272727
0.36315789
0.28104575
0.42857143
0.22631579
0.41666667
0.39869281
0.30833333
0.18571429
0.30434783
0.24242424
0.14102564
0.25
0.35672515
0.2037037
0.21014493
0.4619883
0.40952381
0.38095238
0.5380117
0.45614035
0.34666667
0.21937322
0.30065359
