0.57142857
0.32142857
0.1
0.30909091
0.0
0.33333333
0.0
0.36363636
0.7
0.4
0.4
0.2
0.4
0.45454545
0.7
0.66666667
0.53571429
1.0
0.22222222
0.0
0.39285714
0.6
0.2952381
0.0
0.8
0.67857143
0.33333333
0.26666667
0.19047619
0.44444444
0.34848485
0.28888889
0.5
1.0
0.5
0.6
0.0
0.38095238
0.22222222
0.19047619
0.16363636
0.23809524
0.2952381
0.3
0.23076923
1.0
0.33333333
0.38888889
0.0
0.33333333
0.5
0.0
0.22222222
0.33596838
0.1
0.24242424
0.38095238
0.33333333
0.0
0.35714286
0.35714286
0.32857143
0.0
0.14285714
0.38095238
0.16666667
0.0
0.0
1.0
0.32105263
0.66666667
0.8
0.5
0.2
0.0
0.0
