2.0
2.0
2.08536585
2.42682927
2.42682927
2.23076923
2.19753086
2.31707317
2.34567901
2.28395062
1.88888889
2.70731707
2.45121951
1.98780488
2.55696203
2.44444444
1.97560976
1.95
1.80487805
2.02439024
2.7037037
2.0375
2.55555556
2.91358025
1.97560976
2.19512195
2.16049383
2.62195122
2.06097561
2.12195122
1.68292683
2.26829268
1.93902439
2.70731707
2.21794872
2.02439024
2.51851852
2.20731707
2.45121951
2.54320988
2.125
2.1125
2.23170732
2.59259259
2.33333333
2.64634146
2.40740741
2.97530864
2.125
3.12345679
1.86585366
2.825
2.33333333
2.42682927
2.5443038
1.96296296
2.66666667
1.88888889
1.95121951
1.86419753
2.18518519
1.92682927
2.09756098
2.9625
2.9382716
1.97530864
2.05063291
2.54320988
1.96341463
2.42682927
1.76829268
1.84146341
2.04878049
2.46341463
2.4691358
2.40740741
