3.05
2.19753086
2.81707317
2.65853659
2.29268293
2.28205128
1.90123457
3.18292683
2.16049383
1.86419753
1.95061728
2.45121951
1.97560976
1.97560976
2.43037975
2.33333333
2.30487805
1.0
2.41463415
2.46341463
2.20987654
2.7
3.51851852
2.16049383
1.87804878
2.82926829
2.50617284
1.98780488
1.79268293
2.43902439
2.43902439
2.06097561
2.53658537
2.37804878
2.62820513
2.35365854
2.50617284
2.84146341
2.62195122
2.43209877
2.7
3.7
2.2804878
1.92592593
3.02469136
2.51219512
2.03703704
2.39506173
2.0375
2.39506173
2.04878049
3.6625
2.39506173
2.53658537
2.50632911
2.37037037
2.27160494
2.56790123
2.09756098
2.18518519
3.20987654
2.17073171
2.34146341
2.725
2.48148148
2.07407407
2.20253165
1.91358025
2.02439024
2.29268293
2.69512195
2.41463415
1.7195122
2.81707317
3.19753086
1.87654321
