0.48333333
0.0
0.36111111
0.17948718
0.0
0.23809524
0.33333333
0.6
0.42857143
0.5
0.66666667
0.0
0.39285714
0.64285714
1.0
0.33333333
0.6
0.33333333
0.47619048
1.0
0.43939394
0.35897436
0.0
0.33333333
0.0
0.34558824
0.63888889
0.38095238
0.35714286
0.5
0.37426901
0.16666667
0.0
0.33333333
0.04761905
0.32034632
0.66666667
0.34065934
0.5
0.83333333
0.0
0.33333333
0.16666667
0.5
0.8
0.9
0.5
0.0
0.6
0.4
0.83333333
0.0
0.0
1.0
0.0
0.53571429
1.0
0.4
0.53846154
0.66666667
0.4
0.66666667
0.39285714
0.33333333
0.66666667
0.66666667
0.0
0.0
0.82222222
0.60714286
0.4
0.0
0.0
1.0
0.0
0.26666667
