0.0
0.25
0.33333333
0.32727273
0.40659341
0.32727273
0.26315789
0.22105263
0.5
0.33333333
0.36601307
0.25
0.43939394
0.31818182
0.27777778
0.28774929
0.53030303
0.40833333
0.47435897
0.41025641
0.32163743
0.42857143
0.21674877
0.64285714
0.36263736
0.33333333
0.42857143
0.40909091
0.28629032
0.34848485
0.46153846
0.2
0.33333333
0.28421053
0.47619048
0.26666667
0.34
0.26373626
0.4
0.24242424
0.18333333
0.33333333
0.42222222
0.66666667
0.22727273
0.28787879
0.22826087
0.31617647
0.29437229
0.35947712
0.43859649
0.21818182
0.27777778
0.33666667
0.35714286
0.42857143
0.25146199
0.66666667
0.14285714
0.46153846
0.24444444
0.41176471
0.4
0.24175824
0.26666667
0.43956044
0.19047619
0.36363636
0.46153846
0.16666667
0.43809524
0.46666667
0.42857143
0.21818182
0.24761905
0.40952381
