2.6875
2.27160494
2.54878049
2.09756098
2.92682927
2.62820513
0.0
2.20731707
2.4691358
2.13580247
2.40740741
2.43902439
2.70731707
2.04878049
2.70886076
2.58024691
2.45121951
2.3125
2.47560976
3.20731707
2.24691358
2.55
1.98765432
3.16049383
2.42682927
2.29268293
2.22222222
2.52439024
2.20731707
2.20731707
2.09756098
2.17073171
2.7195122
2.93902439
2.76923077
2.59756098
3.24691358
2.24390244
2.20731707
2.0
2.275
2.425
2.06097561
2.51851852
2.11111111
2.74390244
3.0617284
2.25925926
0.0
2.90123457
2.7195122
3.2
2.28395062
1.81707317
2.36708861
2.22222222
2.50617284
2.50617284
3.06097561
2.16049383
2.38271605
1.82926829
3.45121951
2.45
2.35802469
2.50617284
2.84810127
0.0
2.65853659
1.85365854
2.41463415
2.52439024
2.26829268
2.58536585
0.0
0.0
