0.3
0.51111111
0.2
0.2
0.32679739
0.35947712
0.23188406
0.4
0.46666667
0.35714286
0.35238095
0.52380952
0.6
0.39285714
0.0
0.29666667
0.51111111
0.44852941
0.26666667
0.33333333
0.45454545
0.81818182
0.30555556
0.36666667
0.36029412
0.4
0.6
0.29487179
0.4
0.38095238
0.34545455
0.38095238
0.41758242
0.35897436
0.33333333
0.21978022
0.42857143
0.42857143
0.36363636
0.5
0.21428571
0.2748538
0.19444444
0.38888889
0.33333333
0.24183007
0.24876847
0.375
0.43939394
0.32967033
0.37333333
0.4
0.4
0.28623188
0.4
0.36601307
0.10714286
0.26666667
0.37777778
0.33333333
0.5
0.52380952
0.27272727
0.14285714
0.31111111
0.26666667
0.5
0.3
0.36363636
0.36363636
0.23809524
0.4
0.5
0.21904762
0.31111111
0.27956989
