0.33333333
0.30718954
0.53333333
0.31818182
0.0
0.4
0.33333333
1.0
0.24166667
0.66666667
0.33333333
0.45454545
0.35164835
0.66666667
0.0
0.32142857
0.0
0.35294118
0.66666667
0.42424242
1.0
0.47076923
0.66666667
0.47619048
0.5
0.28888889
0.47619048
0.33333333
0.66666667
0.4
1.0
0.5
0.16363636
0.66666667
0.0
0.35714286
0.5
0.47619048
0.64285714
0.32478632
0.0
0.33333333
0.5
0.33333333
0.0
1.0
0.66666667
0.42857143
0.52380952
0.38888889
0.66666667
0.0
0.33157895
0.38095238
0.32163743
0.6
0.0
0.0
0.51282051
0.0
0.32142857
0.54945055
0.24444444
0.0
0.0
0.5
0.28654971
0.30718954
0.53846154
0.25
0.51633987
0.53333333
0.47222222
0.5
0.16666667
0.42857143
