0.33563218
0.34210526
0.16176471
0.11111111
0.32380952
0.12631579
0.24210526
0.33333333
0.33333333
0.36764706
0.38421053
0.30994152
0.23361823
0.25
0.26666667
0.29411765
0.28138528
0.33333333
0.23715415
0.23755334
0.27142857
0.25333333
0.24505929
0.31818182
0.3974359
0.28063241
0.37368421
0.23976608
0.26769231
0.24137931
0.29
0.14285714
0.26190476
0.40441176
0.18954248
0.25189394
0.19
0.36363636
0.25296443
0.34640523
0.23636364
0.23333333
0.22794118
0.27777778
0.34558824
0.35294118
0.24761905
0.32246377
0.47619048
0.32142857
0.53846154
0.25
0.28676471
0.33088235
0.2228164
0.28676471
0.34615385
0.28571429
0.41830065
0.2047619
0.27272727
0.33333333
0.25454545
0.27777778
0.35714286
0.40952381
0.22769231
0.31428571
0.25
0.58181818
0.24955437
0.26726727
0.31827957
0.23666667
0.3030303
0.48351648
