1.2573333351774223
1.2832550826198506
1.1904761875542598
1.622377619931537
1.4748201449459137
1.3967032965938775
1.4472265671314481
1.3900709166239125
1.2357599025971198
1.456956956177732
1.3216735236509298
1.3904109649052356
1.5931034504989299
1.1294964058485584
1.3886418032509176
1.5739895212986015
1.234899329893248
1.1602430562001351
1.3496503508533424
1.1862069009978595
1.5574548883594657
1.230000002035862
1.514876985694156
1.1371554244853572
1.3194444447608025
1.2447552455973396
1.4129141151172044
1.4388489217545675
1.3333333296145127
1.3586206894211652
1.2898550734971646
1.3082191801595047
1.2361111133256173
1.186666669873778
1.091458433455812
1.374100718830288
1.6114890378300195
1.5202702697836012
1.3221476491230124
1.2530432551031925
1.2313311691509952
1.238255034055673
1.3947368375623268
1.2454036772988515
1.6125220489946837
1.4041095928879714
1.3830638135779205
1.312558535275959
1.2300000022842859
1.4795821433680658
1.067567567792184
1.19375
1.4113724399233436
1.7152777776195987
1.222819493624163
1.2148148178727969
1.0595884762207297
1.223251030540695
1.161538461295858
1.2459639141281322
1.3893571736099704
1.3823529392257785
1.5138888923688274
1.7531034511775505
1.3901930090588286
1.3919753068844307
1.3313153549284138
1.6212202523386
1.1323529377184256
1.3309352521805289
1.2907801410190634
1.300699298293315
1.3243243220781595
1.4042553172928927
1.1353932219624432
1.250970020466087
