1.0043624165118237
1.259969803352496
1.0333333335155557
0.9876543179256211
1.3973509959668438
0.9792764319980176
1.1977047426235976
1.2681159406080655
0.9715800822704349
0.9495104339853966
1.033733263886648
1.090277780466821
1.2260274010302121
1.0220588199383651
1.1397369073413828
1.1294196682064686
1.1773049589296312
0.9533216777883515
1.0791366898411054
0.9862068987357907
1.0528395099441648
0.932465278295814
1.0554242127505695
1.0266040684057396
1.2866666704204446
1.0472972952383126
0.9781448115012535
1.2679738559989748
1.0
0.9861111133256173
1.234899329893248
1.1292516965060853
1.1323529377184256
1.1554054025976992
0.9010989033936251
1.1029411717711937
1.1415812926479962
1.364285715247959
1.2753623162570888
1.0255789567119642
1.0677083339265048
1.0671232905948582
1.075949365249159
1.1631205640762536
1.154929575512795
1.0774193584224767
1.1957416354221415
1.107465408231194
1.1776595711272069
0.9721200270821564
1.1458333328587962
1.1947452206469837
1.0190946512280055
1.0492957724518945
1.1509515182364123
1.2654320982030178
1.1129098242576538
0.8480038468436373
0.9290780141019063
0.9821264049093669
1.2287782076890124
1.09219857817816
1.1266666684524445
1.235616441741415
1.0629629621169312
1.0949861390156708
1.0521935168553247
1.1003757364780975
1.2394366156516565
1.1641791028335933
0.8848920869675482
0.9436619693909939
0.9219858108596147
1.0884353710000463
0.8843479493369314
0.9985722684378994
