1.1618829211894037
1.0566037967604132
1.8791208478021981
0.8096591132759235
0.8823529588235297
1.103265295399067
1.0822510714285711
1.0468319335587282
1.0046296055041157
1.149999978916667
1.8062499829667973
1.497185757051206
1.13636365
1.5959119859398367
0.7179487274161734
0.8038277621254093
0.9990708420676185
1.4486215792660224
1.5436126735077151
2.0
1.3859999772696003
1.4488501117504518
1.1864406701235277
1.6285713960000008
1.1153039729322418
0.9349206609074077
1.6048951133996774
1.223244123811982
1.488833748243016
1.4848484873461891
0.834431257701817
1.1850311961768836
1.6666666520833333
1.1623931340784577
1.8888888511111113
1.0290322661170657
0.4719100985203891
0.8248608467341638
0.5715240525963176
1.8032786783660306
0.9243243200774288
1.2463556643303388
0.9444444363492063
0.8531250040605469
0.7376725807313004
1.7000000330000005
0.76999997984
1.1499999649000006
1.553571427924107
1.181818159659091
1.1011363727246901
1.9428572020680288
1.828571453257143
1.1238344743548025
1.6027396944117098
1.3995215657816047
1.5632184053587002
1.231481480761317
1.2432432184587292
1.244633259585795
1.5361780975649955
2.025117757501682
0.6954545345011364
0.8600790633029727
0.7716197078906918
1.3663663476381789
1.9784946140825528
1.06666668
1.1110089857869518
1.0416666582031253
1.0153845998934912
1.2987012688480355
1.5410526486568423
1.1632652847563516
1.0694444439583335
1.4583333415364585
