1.0819444450455247
1.411580589726906
1.3862068976047561
1.3750000028472222
1.5071428589418367
1.241191070633795
1.456612487378858
1.2430555566628088
1.5114883423674936
1.198286721009833
1.4389770729581002
1.539568347870193
1.3897058792052337
1.0753424707543628
1.6078431359938485
1.5034088807493213
1.2127659518786782
1.420862071317289
1.3611111104783953
1.138888889521605
1.1142596750795675
1.5967687046587764
1.1297190918276583
1.4599815205469715
1.5035460928977415
1.2344827610777644
1.1856925444813495
1.1971830955822258
1.2397260290129481
1.3591549292521325
1.289655171789774
1.3500000032214285
1.23287671502158
1.401408449321563
1.2959200116095497
1.2758620705255648
1.2051734268479926
1.3309352521805289
1.5144927542690612
1.0470150539644247
1.7531034511775505
1.3786971807683992
1.2482758623419739
1.51167834303265
1.1380161795387855
1.5972222238040126
1.2984433732035754
1.4304884603925412
1.138888889521605
1.0995012711113277
1.2408759093942139
1.3291935501021854
1.2571612984911154
1.3985507260586012
1.1221347946472062
1.4145104055192068
1.326993660319599
1.4324346971943331
1.1231884038594833
1.1050252129210842
1.442046361325213
1.2945736474514753
1.477707002144509
1.8338435341714332
1.019139944705694
1.1129098242576538
1.2343482707876026
1.598808003887682
1.361702121101554
1.2635135099570856
1.2928571434010205
1.1223021564908648
1.3862068976047561
1.1971830955822258
1.039269765052074
1.344867980030139
