0.7285714225607143
1.7752100780894713
0.6652174018610587
1.5617283441609522
0.0
0.0
0.8399999932800001
1.746835467803237
2.0370370619341567
1.0487012875974027
0.0
1.4457142964125713
1.7567567713294376
1.4913657857142857
1.1249999803125
0.8142857408081635
1.1988012068045593
0.0
0.7600000136800003
2.0816327072497587
0.8624999924531251
0.0
1.862745062975779
2.700000027
3.7142857978571455
1.5833333267361112
1.2962962689300415
1.787234072974197
1.2616459865396303
0.0
0.0
0.7772727150306818
0.0
4.418604640886966
2.086363631621901
1.4545454545454546
3.499999947500001
1.56122450183965
1.9351852126851852
2.062500020625
0.7799999890800002
1.0823529617093426
1.0222222162592594
2.8500000242250003
1.4042553641149849
4.121212036914603
2.3333333499999998
3.499999947500001
1.7179012399038067
0.0
2.8675324688126156
0.5
0.0
0.7583333440763891
0.0
0.0
4.523809556122449
1.5217391086011343
0.8330578467430503
1.219277112546959
0.0
1.749532727142109
1.428571411428572
0.8750000196875001
0.0
2.338056675463456
0.0
0.0
1.5397230257128727
1.4694022553322217
1.0165884454285528
0.9645389843126606
1.6485507557451171
1.0530000181116002
0.5892857358928574
2.008036731344483
