1.3168402785093558
1.6138844135012096
1.638888889521605
1.462068965868252
1.3611111104783953
2.060512823955419
1.3382377851732543
1.21014492947385
1.480744429534995
1.3036681756141495
1.4397805240232484
1.1066666661564444
1.6449275337775677
1.2746478833386234
1.4560478234478045
1.309677977169411
1.5460992890890801
1.6342657333514596
1.5205479475905426
1.2733333337342223
1.2742812722941084
1.4947916674971065
1.1751705101117929
1.2773220629304654
1.2945205521767686
1.598540145024242
1.2865226348814014
1.2344827610777644
1.3750000028472222
1.3661971816345964
1.23287671502158
1.2380952386264983
1.1748251754266712
1.105960269935529
1.1100128903541857
1.2532467553904536
1.182249851086853
1.2352941173317955
1.4266666700924444
1.2459639141281322
1.3453125007473958
1.3058219213858135
1.3557046962506194
1.3990054857772254
1.2605336538845595
1.2638888923688272
1.582258804318759
1.2396069504605591
1.334712231176052
1.3265219250921743
1.2763157879120497
1.3596938751461196
1.508045981392628
1.395683455104808
1.6545160340888674
1.3870450532174141
1.540849671577038
1.3140381051611554
1.374045796987355
1.2943562615466615
1.4064131275462066
1.3897058792052337
1.690647484093991
1.6719858108596146
1.107465408231194
1.2706683714824856
1.1919967365058024
1.445256659837685
1.3453237390973551
1.3188405820352866
1.365671644805079
1.3750000028472222
1.2167832163822192
1.4113475147195813
1.1781098841721225
1.2767643257702368
