0.0
1.3632921827994953
1.7552447544026601
1.5686274506651288
1.6184210496502769
1.4928205145894702
1.3474670098164971
1.2397260290129481
0.0
0.0
1.3198937340203474
1.5208333357060186
1.2913907314617779
1.2269503525476584
1.663704095847648
1.5665495150026212
1.5492957724518945
1.3505067558442523
1.3546099236748654
1.2777777790432099
1.4490438119353906
1.2535031823181468
1.309677977169411
1.307613171559785
1.5174825146755342
1.6164383603190091
1.3609680357428335
1.3087248324733118
1.136986302293113
1.408450701704027
1.479729730216399
1.5894039784369105
1.2112676061218013
1.3108108107359386
1.281032437131075
1.2198581551209697
1.3842277619054473
1.538461538020441
1.606896551763139
1.766220117542638
1.4474662152381985
1.2947368397202215
1.5633802772168222
1.261867501951773
1.3875507221608108
1.361290323433923
1.4866614843431265
1.2536996214331513
1.2592857166243878
0.0
1.2727272748124603
1.4093750015855468
1.184659835504511
1.2043795589418722
1.365389518133714
1.251371740417429
1.401709398376666
1.1515432110454862
1.2391304320699434
1.2497232867581625
1.6778036792012287
1.2352941155190311
1.7342657310577532
1.8010714319162757
1.3238366591195319
1.401709398376666
1.4503207941104679
1.377914954793286
1.1575342498836554
1.3333333296145127
1.2605633785736958
1.3687943243438458
1.111111110478395
1.5447761183983069
1.0906486624506553
1.3309159943603268
