2.0142857451428577
1.6793650712058452
1.4294736833030472
0.8375510239577842
1.1853302521198035
1.033713102537987
1.5624999893750002
0.7145621805094141
1.0926495852679965
1.1249999945
0.8780276750356197
0.9577114505907031
0.8742857152571427
1.1389920421448825
1.3160173282303556
1.2258305594502785
1.4623742421564883
1.4133083281983403
1.2698412727716728
1.5666666515000003
1.6285714362857144
1.583044995094647
1.0625936853435354
1.3461538331730771
1.3927335634439244
1.0551395771586236
1.3999999748
0.7839366423875307
1.017857174029018
1.0175438666666667
1.218585619385036
0.8063241326442689
1.1498015954656498
1.2802275637807086
1.5415020135375506
1.1367521532621083
2.0370370416666668
1.4249999793145165
1.127659577564509
1.2692307726923078
1.5954416
1.0160427845726787
0.9843750153808597
1.3351393175362556
1.0526315739058172
1.4353448366825208
1.199999983448276
1.64543619755665
1.5026875598793217
0.9638095424661225
1.2885643491484198
1.9444444412037036
1.1360719162935602
0.8226007491252922
2.0341880940170953
0.9542619327695683
1.5088757654119254
1.3999999748
1.0651872380248577
1.1094128398982395
1.2954545463068183
0.7427490324133301
0.8237476988285188
0.8888889142857144
0.754838710432258
1.9262186974044795
1.6484847968323244
1.1872146327015705
1.3533333446111113
0.7905405708972978
0.8732741507957824
1.5311355165201468
1.772307692723077
0.8686868871809003
0.8684210619360904
1.4318181898721591
