1.3188333352676223
1.430026762276908
1.4295774646260664
1.450331130934608
1.2550335548677987
1.5399061026086096
1.2688065838609164
1.076388888097994
1.3140381051611554
1.326030255505301
1.2148148178727969
1.7536231863390044
1.4680850999486945
1.1914893595986118
1.4127988766182218
1.589901872386953
1.3687943243438458
1.253547296450306
1.3448275881569558
1.1575342498836554
1.230694748054357
1.3733660119947457
1.2779966667290874
1.3278819946306186
1.4689655221555291
1.1232876743103772
1.3255173646946168
1.3687943243438458
1.268456377020855
1.2094594590476626
1.3082191801595047
1.2605633785736958
1.740740745240055
1.314685315768008
1.2070275356404394
1.5944055907164163
1.433590189436345
1.4888888906436215
1.2056737544519893
1.6872427947879638
1.4187086128417832
1.414788730003174
1.4042553172928927
1.3823754787018627
1.430026762276908
1.34615384938856
1.3133133122207343
1.2724622770958125
1.2082781487360643
1.2620576175843512
1.1232876743103772
1.3983443743799395
1.3937087802567363
1.2933333360302224
1.2639283512338684
0.0
1.3688054226161035
1.3955908318775259
1.136986302293113
1.4278606957562932
1.607843134772203
1.3172413799733649
1.7189542453184674
1.6331666690619777
1.3544487047246048
1.6155927662071035
1.290260194883478
1.488299248646238
1.0808823518328288
1.415492954086491
1.8085106345857853
1.1678321695564575
1.525925927905624
1.4202898530056711
1.4269766207924792
1.6748365979673685
