1.85004871962087
0.9589743424102566
1.192982474035088
1.2612612213781356
1.1228893177884045
0.9395604543956045
1.7592592381481487
1.3571428749553571
0.7953488318453218
1.1641304532568526
0.9444444425555555
0.6817275644720698
1.5787992157145476
2.1009615322415867
0.8796992697099896
1.3999999748
1.2447045593708497
2.134146355294468
2.437499961914063
1.981818199669422
1.3088642989940227
1.7298386833864468
0.9423912928312501
0.9107142583928574
0.37012988538370745
1.0892210145567502
1.1063830081937533
0.8448616637890961
2.1999999664
1.6666666550000004
1.7944444191111117
1.12500001125
0.0
1.5586297773764108
1.1590909311136366
1.0106383021729288
0.9749103694207427
0.6060605859090913
0.9120000139536
1.4698616533133648
1.3142857073277312
1.0454545604545458
1.8775510224198249
0.9354654539741507
1.0587639279096337
2.171428532935066
1.578571398214286
0.6450617083047555
0.9870129874046589
1.4521059986266562
1.9166667203333343
1.2222222140740742
1.3733026206859045
1.5937499725781255
1.222222222222222
1.2500000409090917
0.9034443913043478
1.2727272857438017
1.1779563937501931
0.7232388844069265
1.102514500436232
1.186363632409091
3.5897435248520724
1.2638888858506945
1.1623931483035483
1.9515152044848496
1.5833333608333335
0.7058823612456749
1.4772726940340914
1.6540540223140985
1.1857707262416226
2.519379901500812
1.7217741544875138
1.4674556188389127
1.885714215673472
0.8362369492224019
