0.9204081616373733
1.1063492090546485
1.1267605602082922
1.2614379093374344
1.2167832163822192
1.1006711413828205
1.033005792050466
1.2746478833386234
0.9846101837934526
1.1352733678226505
1.0674393212412638
1.1739130452867044
1.0
1.134328361314324
1.181143604575686
1.0896776429664876
1.0492957724518945
1.0321180561289545
1.0347222223804013
0.908450701704027
1.0528395099441648
1.0249999982676057
1.0335837020791139
1.2865226348814014
1.1788079514433578
0.9805194783066284
1.0193758597329867
1.1014492769124133
1.0362318841871456
0.9517241399200951
1.0
1.1888111871670988
0.8741721889548704
1.1478873231303315
1.1020336011344005
0.9054054039828342
1.0192795536144645
1.3897058792052337
1.013605439975936
1.144390769502439
1.2343309838293
1.2478260864139887
1.1172413833664685
1.2770112153382918
1.184659835504511
1.0849673173189798
1.1610118281616715
1.033733263886648
1.2883680562713158
1.2533803621368784
1.190140843199762
1.5408940436128458
1.1599794261999885
1.067567567792184
0.9028957906928652
1.1510231746603377
1.2048339381045061
0.9912551441618084
1.1617647036656575
1.1003757364780975
1.2832550826198506
1.3448275881569558
1.1503267946533384
1.4526490102781895
0.9726458451194934
0.9991983328569345
1.0379746862133814
1.0254930279286993
1.1642857175908163
1.2244897930723309
0.9777777812872429
0.9558823480644464
0.9583333342824074
1.107142857770408
0.9614100470391711
1.1415812926479962
