1.1616666683704444
1.1297190918276583
1.0896551751828776
1.0816326510120782
1.0492957724518945
1.1003418804138347
1.0592756116723492
1.1366906493069717
0.9779121509234207
1.1539324871866112
1.144997874446893
1.0753424707543628
1.2116788278352602
1.1041666671412036
1.0044916320057957
1.198286721009833
0.9727891144698968
1.0322183081145606
1.1310344846306777
0.9133333361395557
1.1163537992228871
1.1350671145510338
0.9564921232383318
1.0123456778573203
1.2657342632079809
1.1690140802777227
1.054526748502515
1.0704225353739338
0.9862068987357907
1.1956521722337743
1.0810810791344048
1.3333333296145127
1.1714285736040817
1.1824817522617082
1.0993799213599635
1.0137931069193817
1.1786596147603678
1.0800000037173334
1.1654676290399046
1.012345674578715
1.235616441741415
1.1692592616843898
1.0408163255060392
1.209190672755106
1.0391627873833236
1.173076927322485
1.3910649260367374
1.1225329623683091
0.9891608386074625
1.0391627873833236
1.3284671540710746
1.3070469803920994
1.1787586693938592
1.0638297826558019
1.0244063888697466
1.186656861131984
1.0756172851808985
1.1845133093335138
1.0863309332995186
1.0896776429664876
1.0862395195695422
1.072463768374291
1.1513157865633656
1.2520134233229583
1.290384278100759
1.082647464073693
0.9348646194387322
0.9987571441605733
1.047619045494007
1.1857142856306122
1.080291969798071
1.0416666657175926
1.0719424463826923
1.099236637589884
0.8319852423374746
1.0985027556070843
