1.6315922590379976
1.8509615622596154
1.1332388368046247
1.02564105
1.6545718283703483
1.325317977964755
1.9782608411814746
1.07936508399093
0.6837607
1.9870130351829995
1.9166666582333334
1.238866386119589
1.1886792564969741
0.9767035393901407
0.6891891897479911
0.5563636184363638
1.0522875750420169
1.281859097154684
2.493750038964844
1.3488372266792863
1.3589342083104534
0.9696969666666666
0.0
1.9861111247762349
1.4805194731168831
0.820312512817383
1.5079365036281178
1.3566666357200003
1.031746037052154
1.2283846918517807
1.3858695588586956
0.935606056287879
1.1538461480769233
1.0463525873960424
1.243201277149114
1.1578947389750691
0.9176470643044983
2.374999952500001
0.7799058122405921
1.0645161386472424
4.3999999472
1.167346919521866
1.2466666370400004
1.2179487081114397
1.7592592807613172
1.076923041124261
0.8470111504128134
3.3719008976709257
1.3520468143502622
1.2925169780508123
1.3986206714193106
0.0
1.8506493357880756
1.4583333415364585
2.7142857336734694
1.1043771146454444
1.040816357011662
1.1920062786691366
1.0534539543140933
1.2968335016364785
1.4155555490844445
1.3993453570184908
0.9379310525945308
0.0
1.9256916745767318
1.4473684221121883
2.500000037500001
1.3040865672513529
1.0366826075365847
1.2749999799187501
1.720019128791419
1.1822222254592594
0.8095238
0.5909091070247935
NaN
1.0924369705882353
