1.4583333454861112
0.8411215111747753
1.8751515756711128
0.0
1.4122806731371194
1.4404761944047617
2.181818221487604
2.5850339948771346
1.8181818095041322
1.4528301705873976
3.437500020625
1.3510489238300167
1.4192343707768076
1.9317073208423556
5.0
1.8958333601909727
2.2054320724116327
2.6693333671125337
1.721311478231658
2.417777780195556
1.142857118367347
2.2967032340659355
0.0
2.6376812012791437
2.0370370619341567
2.631578995152355
2.258928607329401
1.5
2.264615335621303
2.5415524946406456
3.6458332959635418
1.7448979445835069
1.2047619009755102
2.0370369995884783
1.8025209747998028
1.0082192044961535
1.0227272821280995
2.3716216309158145
1.8918919015339664
2.2666666553333332
2.6666666666666665
3.800000068400001
2.6388888910879627
1.78694156037659
0.0
2.521212171063361
2.1829787326935266
2.8739495633489867
1.6085858748806243
1.3076922986390533
2.0879120867075236
0.0
1.1482176283910677
1.1367595796018526
1.33333335
3.6379928076008787
0.0
1.86666668
1.9797979997245183
1.7727272742045452
2.962962962962963
3.4657534175361233
5.172413882282998
0.0
1.115942012974165
2.888888912962963
1.7405405661446314
1.3292016801385353
2.096202561363884
1.1515151567493114
1.8506493377213697
1.9000000178125003
0.8196078393241061
1.6229508500913739
1.5194805001416762
2.063492066666667
