1.6557692298429263
1.1294196682064686
1.3464052266564142
1.139860140341337
1.4125874094195314
1.2322975073395566
1.2420978868309278
1.3724137963405467
1.3338338343690312
1.0384707285657686
1.261965164827302
1.3517241387890606
1.3513513503031411
1.2428571454510204
1.1348523239311168
1.3708847759004914
1.6642335710501357
1.3666666642494332
1.094594596017166
1.2281879215683977
1.0267051899951625
1.5448214314403828
1.046090538200933
1.2987329424760181
1.0457516319902602
1.2708333357060184
1.377914954793286
1.1944444476080247
1.5202702697836012
1.4225352064689547
1.1172413833664685
1.2432432429437545
1.5416666657175928
1.1904761875542598
1.1791406793384185
1.1944444476080247
1.4393214030324928
1.1985815570253004
1.2394366156516565
0.9923651688298536
1.2881756748052868
1.1644557802533435
1.1372549013302578
1.3160493850155204
1.2297622004952062
1.2827586211576694
1.184659835504511
1.1878189338754679
1.0680069924095066
1.2388845731530715
1.0279720292151204
1.1915625013405078
1.1931216970729404
1.0845070401388615
1.1801629980278439
1.0190499576638343
1.0802883408377
1.1500797857209473
1.4130434773566476
1.488299248646238
1.3195402301840664
1.1313868580371889
1.2434210509989612
1.2481292494931047
1.3429075324547213
1.6238296446807368
1.412210451515818
1.111456441336248
1.4460431652129806
1.325925929120439
1.111940299055469
1.25
0.971830984695497
1.6453900646939288
0.9040734179766275
1.420096022455609
