0.8804487199805227
1.0710323870705656
1.048611109054784
1.1589403994728302
1.7054794590561082
1.196524965164296
1.223251030540695
1.2627737220597792
1.0328661983561715
1.0907668219592674
1.2923561810145923
1.2222222209567901
1.0588235306728182
0.9794520580258961
1.2725854004728367
1.4158680803267871
1.0410958951810847
1.0584967311959503
1.0071428618704081
0.9241379317365042
1.335434723871107
0.962244896257254
1.0470150539644247
1.2287782076890124
1.3310810777492696
1.0559440526959754
0.8806020630975399
1.161073827313184
0.9127516807702356
0.9115646234217224
1.0208333357060186
1.139860140341337
1.0482758657350773
1.4475524445048655
1.2586778298826107
1.191780825456934
1.189329186327648
1.2661870492562495
1.2040816331084272
0.9916855625997398
1.2343309838293
1.128237410883624
1.0890410987370989
1.2107107125603307
1.2217965127809045
1.1568627466743562
0.9774372079626547
1.144390769502439
1.0624087574180296
1.1868880382403664
1.1642857175908163
1.2883680562713158
1.0193273774113003
1.4577464741559214
0.9878655608075015
1.2327202446223995
1.3238366591195319
1.0938768745344472
0.8582089533058588
1.0348422495537468
1.246545055444667
1.1521739123976056
1.0952380909880142
1.3803333353578222
1.0896776429664876
1.0765084309974506
1.05190723277258
1.0472541513885587
1.414062497747803
1.2323943632691927
1.0220588199383651
1.0909090877813097
1.0068027199879679
1.072463768374291
0.8200565568200928
1.0913229984643318
