0.0
0.7982456240131578
1.6765286020816264
1.4928571588714288
1.1764705903114188
2.6666666666666665
1.4591503174836604
0.97142856
0.7657385082896951
2.7755991534876547
1.6909090784727274
1.7142857387755106
1.282384072909371
1.5125323987355908
4.8750001218750025
1.7828571412525716
1.6410256307692308
1.594379400192268
1.5410959115218619
1.1144501406705094
2.0400000139885712
1.7274290519291664
0.6928860089887915
1.5966386764376341
1.5437499691250007
1.7051282205867853
1.4720588738470601
1.726759703621638
1.0152810181818182
1.0721590768814566
1.9166666315277785
1.0874999866125
0.9749999768437506
3.238095300544219
2.7777778231481487
1.5209876978381351
1.2839674184994911
0.8444444512000001
1.0819875987458818
0.9827075227665738
0.7638888978009258
1.0177383346271163
1.4506666801578665
1.3366988601889587
1.9343891108005058
3.41349213037866
1.0541033395863675
1.143790848402324
1.1068085195869626
2.127631595319079
2.4722441976943115
0.8666666747555557
0.9272727165818182
1.0153846331538465
1.0111110997361115
1.413461546033654
1.203703717345679
1.7142857387755106
1.5023621725701535
1.3630831387203612
1.1753616640684483
1.120230692650707
1.7410714011495543
2.464864838134405
1.1105768989432327
2.1355931997673085
1.9775509983061228
1.0914085671430844
1.7234848345738636
1.4315789714792249
1.3611695737884446
2.048319343729404
1.6460905185185184
0.7443037885111361
Infinity
1.0495436628798092
