1.228426767333172
0.662469737347478
1.6545454797233206
1.5166666499833332
1.1365902252665732
1.9512194414574677
1.3304347842249526
1.3804511113198712
1.177989393758193
1.2557363511614696
1.1953299166287035
1.75000000984375
0.9121439362498535
1.2494279166242166
0.6659619782781856
1.2272089640772748
1.0506448711840575
1.7500000189583336
1.3548461592096346
1.339712909090909
0.6857142829714284
2.230046926337367
1.2903460757958136
1.468286123676398
0.8757945875074961
1.0525473365003577
1.5719298491508775
1.7861750977398543
1.0716440079632215
1.0783882449478732
1.0213316153846153
0.7659150889329991
1.229149764320773
1.0782608558134845
1.8559218666666666
0.6333333370588234
1.3616605404479514
0.762820507371795
0.9075125933622692
1.8484018111334213
0.9947089777777778
1.4224899747987614
1.3333333041666668
0.7671232703321451
1.3499999823970588
1.631372495700116
1.144329867579977
1.1077688703842963
0.9555941439274106
0.7859991807359963
2.1052631112128153
1.0
2.679487121025642
1.0065815244705065
1.8034825447111467
1.2509804138269898
2.5500000330000003
1.2560386750787653
1.1011515568428856
0.9674358977402777
1.4814814666666665
1.0864197486602651
1.0519031268909016
0.7499999906250002
0.9362591435967283
1.0055137961799738
1.487603269271225
1.3863636309400826
0.9035714296803572
1.0188087841443432
0.94155158178025
1.2580943805633085
1.302040847306123
1.0699300625228618
2.7040936287005244
1.2015503965386696
