1.1607902819608098
0.4704761936457143
1.0303030347186148
0.97777776
0.9917355272727273
1.8333333658333344
0.5979437176077946
0.9411111327444446
1.2251130770362
1.3333333187179488
1.1349845046119105
1.1414431740680187
0.9132352937625
1.1558831906523728
2.0999999832
0.7450980465205691
1.3910256291346157
0.9807692214073428
1.1785713920089296
0.983883043325751
1.2000000000000002
1.093297104067029
0.6526806545454544
0.5846153805230768
0.92307692
1.024848511270524
1.0545699750448039
1.6484849035592297
1.5664160357142856
0.9803921394232986
0.6038610013265158
0.4347826285444234
1.0699430080102759
1.3612648031098815
0.7333333616190479
0.8541666696744791
0.588180112883357
0.5489151749397666
0.7937254748699608
2.4114832928733327
0.9659090928409091
1.2962962689300415
0.75816992
0.7755101866326534
1.1956224079830116
1.003378363989226
0.6388526767418735
0.7906249902407227
1.0089224533433607
1.1555555613333333
0.9058957093699386
0.7792207778040141
1.3269230752644232
1.262195118872695
1.5124653475594112
1.4973261909577056
0.9749103694207427
0.8539144546104706
1.1189839462554692
1.1853832626017968
0.7355769100204328
0.8591140037876221
0.8888888666666667
0.0
0.8718671526308371
1.546382914402537
2.3425926304028595
0.9159872296879397
0.8504201794228373
0.944258628938006
0.6666666774999999
0.8207089002095079
1.5339130170438267
1.0968379189121846
1.5441177108823543
0.5712771727797591
