1.2932330857142857
1.155080237118591
0.9350649454545453
0.5550239046541977
0.9904762000272108
1.0811059994053982
1.0031017338524575
1.215621572315895
1.1242863555555556
1.1683907741321846
1.4968645082412135
0.5195681430810756
0.7276595775645089
0.83866575366844
0.9957912500467638
1.4571428421551018
0.6125358662212509
0.89076751500671
0.9221772307692307
1.0379041199289905
0.9436274253523287
1.1279865944768972
0.9539344237273851
0.9715099997151001
1.4545454545454546
0.7563025147800295
1.3499543792314712
1.1470588127335641
1.2870967534339233
1.17430556385706
1.647058832612457
0.8760894596762102
1.0111390491719203
0.979591840233236
0.9942680833810994
1.0173913282854445
0.8688379384050486
0.2598870215072294
1.4423077083333333
1.949999961000001
1.0520487324370962
1.0303030415427
0.8181818330578515
0.8088235547549021
1.1298912994352552
2.1894736193473694
0.9132752223245678
0.9978070312637062
1.2621314904438687
0.8132352933910033
1.4692714587316662
1.8245614489381359
1.5427631528577304
1.145454524836364
1.3737843639907565
2.9404761045238113
1.191666670638889
1.192246008307754
1.0715294075897097
0.8853459798436585
0.8805704321624553
1.1232087961305746
0.4666666480000003
0.8351648382967033
1.2321428648437498
0.6634146302629388
0.745211276634236
1.6457132774871095
1.1000000210000003
1.0449136751803725
0.7374581430821179
0.8097014759417465
0.8953266487647569
0.9584214157365979
5.828570893714329
1.563780084539248
