2.4606060855050504
0.5681818360020663
1.8181818459504133
3.15207371975472
3.412499918953127
5.775000105393752
1.420289859042218
1.8447916570721028
0.0
1.6764705660467127
1.6382978838433682
0.0
0.7555555545481482
1.3156807937595616
2.514285736228572
0.0
1.2774725090315935
1.45054944
3.6585366299821542
3.784340734130324
2.3076922721893496
2.8787878875114785
1.6363636295454547
0.0
0.0
0.0
2.2534722187210647
1.352657
1.8400000368000007
1.882758617942925
1.8846153799556213
2.684210572936289
1.9914596281084596
4.1999999664
0.0
0.0
0.6036217098081449
0.8341463479738253
2.005617929329631
1.1756998002514547
2.333333352777778
1.446895448120675
3.3529411823875432
0.8333333261111111
1.4166666383333335
0.0
0.0
5.632653120999584
0.0
1.7451922570756297
1.7333333272666667
2.089285671629465
1.8333333516666668
1.3486141056262935
1.8000000180000002
2.153846136094675
2.6388888910879627
2.3999999520000013
0.7752808943466735
1.5019380227082213
1.7333333368
1.2401960824437717
0.6627907064602486
0.0
1.909090904752066
0.0
2.225454525703636
0.0
1.128472193305122
0.8521594456482269
0.0
1.4921326710878005
2.0
2.2499999718750003
3.5999999552000004
1.51111112454321
