1.186046506663061
1.7341724700149974
1.527199082101659
3.4000000408000006
0.0
2.062500020625
1.4342532361715854
3.0588235159169552
1.6866666680722222
3.3333333499999998
2.035476706571305
0.0
1.3416666819041667
2.0658106078905982
0.0
2.052785870116357
3.4477611945444417
1.9151020456765013
1.6289925814436559
1.33333332
0.0
0.0
0.8916323614455791
3.7254901818339103
2.071948978623578
1.166666676388889
1.7674418563547865
1.1217948699827416
1.0644257967100568
1.4232558222282317
2.199300725076288
0.0
2.166666673888889
1.5338346174119513
3.0333334223111135
1.9516128773855361
1.551246539743403
1.5166297502839226
1.9704433383387128
2.4175823628064252
0.8
3.242105220498616
1.0636363381090914
1.3737373533394552
2.1777778135555566
2.4212859580174158
1.8867924857244576
0.0
1.2702277994433175
0.0
2.3999999748
1.5652173640831761
2.6053640558277196
1.7569444599641204
3.187499967128907
2.8834688736202003
0.9239999848464003
1.7733989962289793
1.376623351121606
1.7750397852574522
1.305220846893599
1.6235294354491354
2.162601678385882
1.7999999640000008
1.1111111
1.9573386598267097
1.7948718
1.5681818167561985
1.737777780926222
1.9308642104965708
1.840000002944
2.2619047893707487
1.6470588429065747
1.3268292605258776
0.0
0.9200000193200002
