1.751634
1.3566723040825288
2.6768103443404065
1.1320754993592028
1.1929824643028624
1.7777778088888896
1.8450047043627913
1.2221269354296256
1.1246762785395683
1.383400818102772
2.042181807267491
1.4000000240000003
1.6144480333762545
1.7602339035964918
1.57575756
1.416666690952381
1.847222202291667
1.533333348666667
2.7551020679300295
1.4334650971863565
1.9814608238764095
2.7272727768595053
1.4793079448055657
2.2222222222222223
1.637917615455542
1.605734733846688
1.1028151822256698
1.9116882808716484
1.454545470247934
3.1164384202007893
2.0338983068945704
1.818011288335698
1.6111111294444445
1.8888888511111115
1.8666666330666668
1.0151234615403808
1.897631802278794
2.035714251785715
1.749169405452948
1.4476190066031756
1.0606060506152433
1.9329445967644434
1.4545454285123967
1.3106849620641776
1.4444444661111118
3.908571477707756
1.294372277613988
2.4444444811111112
2.201257900011867
2.038020765972007
2.1200337545224017
3.3749999578125003
1.2923076856233422
2.639344270454179
1.175064947480104
1.560197347046978
1.3903743045611827
1.5075630291665842
2.2817459878061235
1.067510552982428
1.197633126651798
1.0909090967832167
1.439393896212122
2.0533333839822236
1.1946211963545252
2.265679421119657
0.6190476087301587
1.4652133473721178
1.507936495968758
2.221890532271924
0.0
1.775252544044613
2.770212795237664
1.7563025319970345
1.7777777939682542
1.2857142903571428
