1.0534274120547715
0.9828178531813512
0.8703703619444446
1.7004048800021312
0.0
1.6545454665785124
0.9762846127341472
0.8674316187901527
1.144897936434403
1.0541666681161457
1.7968749598510747
1.2666666768000001
1.0714285644642858
1.4990909249809918
2.2619047347619055
1.749999986875
1.4122340558861477
1.5545833469454167
0.9907692185025643
1.3324675358938778
1.8220164249470363
2.528335806463725
1.0065789598182135
1.0281982226840727
1.33333332
1.2521441099258879
0.7839721008608824
1.5909090713842975
1.0568741454545454
0.8717948592767918
1.2391304509451797
0.783936654178559
1.3441558634415587
1.57894738199446
2.329326981395734
1.1259740453710576
1.1305146983685663
0.9670329543533391
1.63913501720049
1.0280986944696664
1.5849056406407975
0.9816207142857142
0.8310708572247367
2.976958485518062
1.2864583494759116
1.638795984179148
0.8609790222487476
1.425438605681556
1.104269678430754
2.2608173265752707
1.909562614642041
1.6915954764798993
1.043093282754642
0.6637931195853151
0.872391171325734
1.846022780406606
1.6826923049741125
0.9890109998430142
0.8510239671921173
1.2693796568854718
1.0702380829574831
1.379066486086798
1.0048308973072886
1.1764705903114188
1.1930926160029476
1.3394290447492412
1.0309724891642
1.2950170438085833
1.7854251157127639
1.1
1.1863181193719725
1.225837323460635
1.3628871076550373
0.7216494962801572
1.635327642706553
0.9120403566190952
