1.032020550772659
1.2243910551186545
1.3653846208431952
1.1907894697801247
1.2727272748124603
1.2615384607245659
1.071460755359698
1.1690140802777227
1.3167573181444714
1.085176302507321
1.0398924978886255
1.5390070858467884
0.9379310386558858
1.0544217654819752
1.20886076
1.0479916490738168
1.154929575512795
1.0807823110135824
1.0827586245507728
1.1760563384348344
1.3180876640207064
1.0391379327544352
1.240479915509048
1.614089610425684
1.2040816331084272
1.1126760554433646
1.2203619199187998
1.0472972952383126
1.2746478833386234
1.0
0.9862068987357907
1.1830985908172982
1.2222222209567901
1.2827586211576694
1.016700400495552
1.0704225353739338
1.5399061026086096
1.2244897930723309
1.2907801410190634
0.999283155999075
1.3303191451622152
1.128187919917391
1.1052631570429363
1.1310344846306777
1.199019349790016
1.1807228926375384
1.2051734268479926
1.2742812722941084
1.1320895532526176
1.193869733148474
0.9788732370779608
1.1935855241170792
1.2770112153382918
1.1276595711272068
1.1694514805151957
1.0470150539644247
1.4737549322232906
1.0734940739893264
0.9785714319602041
1.3004748399241726
1.5512923008282677
1.3812949622887012
1.2364864872726442
1.3387755078361794
1.2148148178727969
1.275832915002282
1.5204136170077516
1.1322287167301048
1.41600000666496
1.0
1.0780141833247825
1.0281690095298552
0.9794520580258961
1.6689655187624257
1.160493825
1.1737341189099706
