1.3139261750257423
1.2089883680640203
1.19512195
1.4137931057883473
1.3877551006747189
1.148751915738581
1.107465408231194
1.1301369883017451
1.2089883680640203
1.1740397839855776
1.0194748729248313
1.3971631140506011
1.3049645358724409
1.138686126930577
1.3364772079713905
1.4757433490550818
1.1914893595986118
1.1875862088622116
1.0347222223804013
1.1418918912554785
1.4371061032519685
1.0657284795031576
1.2530432551031925
1.337995335335387
1.0680272110361424
1.201388890945216
1.155112377793849
1.5972222238040126
1.1986301394483019
1.2992700725121211
1.1048951052560028
1.0408163255060392
1.2464788738087682
1.5208333357060186
1.064341458024075
1.0855263127371884
1.2266378304389758
1.0849673173189798
1.4206896564204516
1.0870826076860736
1.2648936134329258
1.2899659841129854
1.302158272447596
1.1081081073593866
1.3893571736099704
1.5069444433371915
1.279894185091232
1.425547996934405
1.189598538235681
1.518518520598681
1.0965517258149822
1.4633223657254586
1.2443415672190785
1.2649006639778957
1.112115730029121
1.3411968182015348
1.484317652375461
1.331303910085764
1.089552236796614
1.0930398976407072
1.3360208266165619
1.166666667577778
1.3900709166239125
1.4909090912963399
1.3084740032639235
1.209190672755106
1.6578762343932645
1.2654321027786597
1.44202898589477
1.2482758623419739
1.248226944827725
1.1418918912554785
1.0068027199879679
1.1928571475010206
1.0829744458728443
1.3360208266165619
