0.993548359781478
1.332467514973231
2.3076922721893496
3.088235330449827
1.1249999781250004
1.2280701855216989
1.1738436881542702
1.3161290118792928
1.0644257967100568
1.7733333098133333
0.8629148745468288
0.9580645210567117
0.9574468056586689
1.6470588128719723
0.33333335
1.3571428749553571
1.044277357142857
1.929824551449677
1.4596154020496794
2.0559440398466915
0.4347826219659737
1.6484848404921948
1.1373260532782612
1.299806594464793
1.0855875643990052
1.5822785136997282
1.0379487149546351
1.06666668
1.8220096033180562
1.5602837080881244
1.4128205314307696
1.5555555711111113
2.227662226224703
2.1428571499999998
1.1725714220832
1.8947368672354574
0.589285708392857
2.086167813169204
0.92307692
1.3519813245950631
1.5012345566419756
1.4374999421093764
1.3737373533394552
1.7671394713639905
1.2749999964140626
1.900000052615386
1.5215356140665115
0.8002808194624953
1.8106995925925926
0.8176100746173016
1.1769230782307691
0.5372405455229954
1.962809884380166
0.22909092133685952
1.413690481609623
1.4055555742962962
1.0780142024596349
1.527599428595136
0.9939894876013189
1.8670212613020598
0.9333333165333334
2.0689655172413794
0.0
0.7127193242223573
0.9787878815096419
1.7493271754526543
1.1982248538632225
1.5447154580805076
1.3541125487126555
1.149999998275
0.8156440582119628
1.4215686112967916
1.5184615022230774
0.6757478420397769
2.333333356666667
0.8378378480277574
