1.5082142885152552
1.091887126742076
2.207142859527551
1.4632768351635863
1.5899280579783654
0.0
1.609556799143566
1.3040540550648285
1.4838491507776688
1.996174572964212
1.6803560906333839
1.3602941132580018
1.3829787191972234
1.2183098585042649
0.0
1.438229037966724
1.3708609284829611
1.3901562515639256
1.614285716712245
1.5724637654032767
1.3198937340203474
0.0
1.5077488778503578
1.309677977169411
1.4305555552391975
1.722627734168043
1.3892042846304749
1.374100718830288
1.2777777790432099
1.6000000046857143
1.3767123313060612
1.5035460928977415
1.6275862093146254
1.5915492925213253
0.0
1.4166666685648148
1.6895700320379088
1.3611111104783953
1.7050359710108172
0.0
1.5802083342112268
1.7034172674125305
1.7412587426622328
1.6028806565849338
1.5731414899087348
1.4081632606386227
1.417283953242401
1.4411865591339925
1.5302816875544536
1.6386890512508554
1.1148648630304967
1.7552287567932847
0.0
1.4225352064689547
1.4698836150885437
1.2738124457221771
1.8888060352572373
1.4400973716505396
1.4637681128418398
1.622730566348253
2.235900172256043
1.5071428589418367
1.4133333334062224
1.6495033154093461
1.3842277619054473
1.51167834303265
0.0
1.5357352791884953
1.4338235251113753
1.2450331174378315
1.579710146994329
1.1824817522617082
1.601351348918006
1.6394557792771531
1.649527962417258
1.3744255204206304
