1.2857142691836736
2.425531937342689
0.8750000196875001
0.0
1.5319864996445947
1.3787878809573002
1.0693496550401942
1.5395894025872678
1.1361737905167686
1.3217647174577853
2.200750438867433
1.9444444228395066
1.5827922018881415
1.3533266080834174
0.37916667203819454
2.389937105339979
1.1075342326173767
3.274576209024994
1.3304093596337336
1.8352941003737027
1.738294325924095
1.3731343326620629
1.3800000276000004
1.4684385273831415
0.9095744719556361
1.293103446336207
1.6905222582575414
1.2937499948115234
3.892307632426036
1.862385296155206
1.7657608668468752
1.634615379567308
0.0
2.73684214598338
1.0434782427221174
1.7185185086683128
2.068027172636402
3.181818190495868
1.7613814761852433
1.6484848471735538
1.3768115983931948
2.067567527892623
1.515306130867347
1.184210541897507
2.3717948499999997
3.0952380869841267
1.4374999752604165
2.2272727381198347
1.8506493923730822
2.300000046000001
1.4426523333333334
0.0
2.806779607735709
1.2507836982650524
3.254970784269827
3.373333383558519
2.037037086152264
1.7181818082545453
1.0087126547267862
1.2550208603656037
0.6209150511854417
1.9932203067319743
1.5384614994082846
0.0
1.7432950165807901
2.581250023953125
1.8218623595887493
1.8586956380316637
1.7142857096428572
2.3030045321581865
1.1666666375000005
1.2485714326128572
1.4185941299135734
2.4166666696875
2.200000022
1.1515151567493114
