1.1295918347367764
1.0335837020791139
1.0625000014236112
1.3591549292521325
1.4895104911946793
1.065299147562439
1.091887126742076
1.2733812986139434
1.1468531462115505
1.1638531918190351
1.0615569273953094
1.1418918912554785
1.1086956525614367
1.0141843948533775
1.0990320162621972
1.1599794261999885
0.9155844184196323
1.153125000640625
1.1197183078258282
0.9084967306600026
1.4543557626123567
1.062683820560148
1.3427640603293134
1.3207423817343187
1.2972972938531775
1.2957746462606625
0.9776763087059624
1.098591544903789
1.0496453878024243
0.9520547964439858
1.2352941155190311
1.1818181812968849
1.0965517258149822
1.7388059688705724
1.1174466560182117
1.2083333342824076
1.2162714310908425
1.4527027019914172
1.0204081599639039
1.3036681756141495
1.1488255038183188
1.174635034610075
1.1554054025976992
1.3429075324547213
1.4838491507776688
1.533783781125822
1.1519795693550006
1.0332907615723432
1.2185314678497725
1.204469675146107
1.078571427860204
1.5600628932779954
1.2051734268479926
1.1034482764470868
1.2121315125686436
1.1810699614434947
1.2865226348814014
0.9376087480285672
0.9270072990953167
1.0416890317210048
1.2582010616223733
1.1632653020241566
1.0268456388027567
1.3934640511946688
1.3064731381713022
1.0944277592605218
1.0379746865890296
1.1264127935891615
0.9854014562278224
1.0068493196078063
0.9097222252276235
1.0839160819110958
1.09219857817816
1.1748251754266712
0.9776366835275223
1.0194748729248313
