0.9654838722135276
1.213378858259918
1.0264900674838822
1.095890412728467
1.1276595711272068
1.0440318341418457
1.1163537992228871
1.0291970815589535
0.9779121509234207
0.855595381103994
1.1256151232863691
1.3098591510255901
1.136986302293113
0.9652777776195989
1.1677215188431787
1.0123456841434129
1.0638297826558019
1.1312962986426887
0.932432432207816
1.1468531462115505
1.144997874446893
1.0657284795031576
0.9855285747980188
1.10558804427918
1.1118881111262164
1.0526315766759002
0.9246090522894267
1.1690140802777227
1.0068965506321046
1.111111110478395
0.9790209766550931
1.0408163255060392
1.0206896575514863
1.1223021564908648
0.9959514172443
1.201388890945216
1.3718017556354485
1.1379310352627823
1.027586208183591
1.0989278748177644
1.128885134372375
1.1027586225149109
1.0529801349677645
1.091887126742076
1.157911724974187
1.1088435365421816
0.9576242893529566
1.213378858259918
1.1229779380387381
1.1703003212190062
0.916083918088904
1.3414429535603125
1.1871391789835535
0.9712230202670669
1.0444217327646175
0.9779121509234207
1.22583353878424
1.0722871969721026
1.1068702241337918
1.027684249806539
1.2000654088478466
0.9655172411843044
0.9447852749008243
1.3089527018182752
0.9050772667809891
1.005458974276059
1.2413616144315125
1.259969803352496
1.1111111117860082
1.007299268893388
1.184397162171923
1.0
0.979310348103686
1.0972222238040124
0.9577881235589941
1.0867828607869303
