1.0603448293412603
1.1062055476844908
1.1554054025976992
1.2600000025146667
1.2119205344405948
1.1598014891094213
1.181069957747361
1.0780141833247825
1.1170710948144624
1.0472541513885587
1.0321955956610231
1.2826086978481412
1.1214285756540816
1.0666666682864199
1.3999000646580786
1.2217965127809045
1.160839157951978
0.9547945231638206
1.1751824773829185
1.020979017610641
1.1314451691779515
1.0180272090837614
1.1354688035571159
1.209190672755106
1.1081081073593866
1.0277777790432099
0.942043897606691
1.210884353096395
1.0863309332995186
1.036764705926687
1.128571431667347
1.4335664327644384
1.2370370421212622
1.1408450707478675
1.1598014891094213
1.0774647877563976
1.1380161795387855
1.2269503525476584
1.1428571436938775
1.1970303644614662
1.1583904141325765
1.2095000017739332
1.0791366898411054
1.2217965127809045
1.0880994331775111
1.1301369883017451
1.111456441336248
1.1631205640762536
0.9389860134607071
1.1043771024946434
0.9452054824526178
1.2527777767952069
1.185890655916654
1.1357142876806121
1.058596700544813
1.111456441336248
1.2038705385108985
1.0907668219592674
1.1654135319803267
1.1318587106288105
1.1926264195688396
1.0133333366862223
1.3509933819428972
1.5200680245223288
1.1050252129210842
1.0774250444295037
1.266181879954094
1.0949861390156708
1.035460987133444
1.1760563384348344
1.1333333340622225
0.9642857140765305
1.035211267686967
1.4173228318494637
0.954164893573755
1.1691879664746119
