1.403804347215737
1.6022737361167436
1.5069444433371915
1.6133333344995557
1.2733812986139434
1.1680911674498633
1.10875955069199
1.253521126191232
1.4968254022083902
1.4903978056891098
1.259969803352496
1.0555555580864198
1.0896551751828776
1.0489510468257615
1.1862567808275992
1.173248307985658
1.0935251826572123
1.3414429535603125
1.4113475147195813
1.4482758646040428
1.038303261883264
1.3105357167195661
1.2048339381045061
1.1519795693550006
1.100000001757143
1.3382352933196366
1.2846317612987008
1.0437956193457296
1.4027777761959876
1.0408163255060392
1.197080290048484
1.1824324308226808
1.1029411717711937
1.2323943632691927
1.4438493972016524
1.1478873231303315
1.144997874446893
1.4161073821809829
1.1313868580371889
1.4971309297231592
1.4462328806746108
1.4276785740799744
1.3013698661681368
1.3596467502253846
1.5541644877957783
1.4594594576625275
1.2923561810145923
1.1063492090546485
1.0250000004127517
1.251371740417429
1.1438356219009196
1.23000000138375
1.1868880382403664
1.0507246354851922
1.9298640453360145
1.3338338343690312
1.242741591850055
1.6010857148905369
1.2624113454967054
1.3048011012247727
1.4011936897513484
1.0942028953213612
1.2080536910904913
1.443661969390994
1.1559408069335013
0.9701646074834248
1.0597503780085311
1.0397063724056037
1.2517482514675533
1.4117646991435986
1.270676691497541
1.2500000014642858
1.2068965528941735
1.2714285753612247
0.9711455635487651
1.1297190918276583
