1.6703296327472534
1.2579310607509158
0.9545454545454546
0.9185950608826072
0.6258234538150885
1.9428571516
1.2015037539424274
0.896897218647222
1.0263157990096954
1.2256669072009165
1.6262626658585868
1.1052631322991693
1.0238532216991836
1.6883116663961042
0.8210526199833795
0.7878788
0.9884811955160425
1.2838915584167032
1.4435865633368024
1.2606261532417389
1.604938321776407
1.222222222222222
1.239795909314869
1.025641022222222
0.9216300648740681
1.0176870720808553
1.6783887448765709
1.259259242469136
1.0546875117919925
1.2777777721555557
1.3782051153846153
0.8489795947172011
1.1228893177884045
1.5221878621340506
1.0909091243801659
0.8095238
0.6561243697426309
0.7518796973486348
1.3438735217391304
1.6320346296227581
1.243625165159011
1.015384620383432
1.4969696727878794
1.0096153748798078
1.214285684821429
1.743589773479854
1.0859728480702688
1.72500000225
1.4040184074074074
0.7259740143707201
1.3892067136700088
2.2666666183111124
1.2929292888888888
1.4883333727900006
1.666666684
1.3043478399810964
1.1778846175203403
1.2426035476672737
1.720727442479201
1.3585088380992856
1.2579525534823905
1.4708254455831855
0.7142857387755105
0.13888889999999998
1.7831675170047157
1.1846153736804736
1.6831169356141016
0.9749999926874999
1.3990040640393195
1.2378426206896553
1.7958397640049883
1.5927360783747693
1.3949874699941998
0.9401709538461538
1.3363636158409091
0.40687961334935924
