1.2724137952095125
1.4543557626123567
1.5935483881207075
1.3221476491230124
1.9142857161265308
1.077896787399332
1.4187097852078145
1.3687943243438458
1.826623721959439
1.347514182467896
1.1970303644614662
1.5416666657175928
1.2137931035262781
1.217687073084363
1.5356337853031061
1.2357599025971198
1.1103448270791914
1.6136824313421065
1.3401360496024806
1.5547945231638207
1.062648570567084
1.3448581522131684
1.6155927662071035
1.2670238356310721
1.3034482787091557
1.3265306096265443
1.4103022583342932
1.3262411281525073
1.3333333296145127
1.1700680275903559
1.2400000002186669
1.1290322587471384
1.231292513060299
1.699300695972419
0.0
1.432624106999648
1.420096022455609
1.4028776985632212
1.340425528821488
1.1589612642631084
1.5591549269422735
1.926418434251295
1.4353741461687262
1.4187097852078145
1.0397063724056037
1.385135134199233
1.3473665537750839
1.3753937894489277
1.2100694451167053
1.1648909192188792
1.2887323938781987
1.8518333360493557
1.5848446197266393
1.4055944035493178
1.4817983412112523
1.4599815205469715
1.4693072690107263
1.0599055457959352
1.124087589143801
1.6386890512508554
0.0
1.7132352865365483
1.3380281663300932
1.54810345083824
1.5042601252040675
1.3566809441310406
1.4324050629008607
1.420096022455609
1.3481481539072704
1.251700678602434
1.1818181773002756
1.4999999969852942
1.4864864858875093
1.314685315768008
1.10875955454563
1.454778239017318
