0.8727272787272727
0.7843137276960784
1.0978157845731775
0.5939999968584
1.4431372822791235
1.145454524836364
1.2009419335848848
0.8666982615048667
1.1639898728122766
2.0451128
0.8699282932563155
1.3033333356946666
1.047878800618788
1.346687198688987
1.318840580856963
0.7771738931195655
1.161071039618202
0.69473684
1.0182003255515608
2.1983471036313547
1.4751209501832987
0.9865384526216717
1.343918893130205
1.290322584391259
1.1388888936111112
1.587850865739422
1.3828571074057145
1.6025640999999997
1.0384615370192307
1.3787878443181825
0.9198741158534837
0.7644567818091691
1.3108614122375122
1.8296295789629642
1.1666666579166667
0.8750000050480768
0.8499999915000002
0.6477272625255682
1.0964247144511927
1.4912790597099783
1.192640663647187
0.9614317562399223
0.8053571705535717
0.8289473725657894
1.2662337779220778
0.9272727466611574
1.1750620135034602
2.6044117991760385
1.2973684170263158
1.4492753487082546
1.435051511353811
1.0
0.8499999915
1.316526618807523
1.1789473405684214
0.9534050728407925
1.0204603357138888
1.5461538198461542
1.53482881323241
1.2755905401661605
0.8602597420212245
0.9991386999879819
1.2872629049044884
0.2506887045504633
1.839351153614413
0.8068965447681332
1.730769203365385
0.9134615135817311
1.4340659614602709
1.0995833171265625
1.5573285796482828
1.1513157955332411
2.258064510483871
1.010101
1.714285705714286
1.1127209777967173
