1.163513512727356
1.214814814684656
1.3103448293412603
1.4081632606386227
1.5410958951810847
1.3537056586402896
1.4519168239043636
1.3521126710950209
1.0860927179650015
1.279894185091232
1.4132073888912244
1.173611111902006
1.1013513516882762
1.1259259303352538
1.535032981208395
1.4087887393517264
1.1925925925475995
1.1317708339620949
1.3785714331316328
1.1928571475010206
1.3362962958265678
1.161188810539195
1.2433507341919532
1.6183757436681792
1.324503314459015
1.6470588206920416
1.3046426690625756
1.1633986933358966
1.1538461520817642
1.269503542923394
1.2137931035262781
1.2397260290129481
1.201388890945216
1.374100718830288
0.9776253442465758
1.229729731601534
1.2996329641218698
1.136363635879575
1.2727272748124603
1.1280423325235072
1.2920774626049394
1.3113970551593317
1.398601397679104
1.4778768998165481
1.401709398376666
1.418918918095325
1.4378242992299315
1.152949247307194
1.3221014487005356
1.1618195375148266
1.3426573392488628
1.6096830958709583
1.5219618675121762
1.3098591510255901
1.3325350651807197
1.3015872974257638
1.4668682263851311
1.4543557626123567
1.0
1.1663982800725805
1.4451601380673218
1.225352110886729
1.383561645297429
1.4725352087788137
1.193869733148474
1.091887126742076
1.4742249132720762
1.310502284823294
1.099290775604849
1.2928571434010205
1.2127659518786782
1.3884892116463952
1.302158272447596
1.179856115956731
1.0247670988713942
1.6642349421754015
