0.0
1.0545454811487607
0.0
2.524590215460899
2.154912609555856
1.2363636776694222
1.2252252288677867
1.0826210761253563
0.0
1.1948051710642607
3.412815122193833
0.0
0.0
2.830882383664577
0.8000000180000002
2.4242424444444444
1.4789356968806446
3.1304347281663523
1.1657142910432654
3.0000000450000006
0.7000000083999999
5.500000055000001
2.0588235536332182
1.5405405180569758
2.2000000219999998
2.053333373168001
1.924999998075
0.0
2.177419337138398
3.693181828673812
1.5637859723212928
1.9463414925080313
0.0
2.4074073843621404
5.571428555510204
0.0
0.0
2.1714285144285728
3.1306817598863645
2.0212766043458577
0.5999999832
1.7848324438069112
2.4838709653381894
3.4657534175361233
2.137500033398438
0.0
0.0
2.0999999685000006
2.1857142714402333
1.282499992625625
2.9723076324260362
0.0
2.1970149404981067
3.428571389387755
1.4893617125848801
2.9142857280244896
2.9333333443333336
3.2727272251239676
1.9843137321434832
0.0
2.5850339948771346
2.0334279696965676
0.0
1.8545454933223149
0.0
3.288461508738906
0.0
4.277777846697532
1.9298245626038781
3.58490564008544
1.4423076784393492
4.22222213777778
1.8269230804363907
1.1206896455112962
6.6000000660000016
2.3586206656623068
