1.0386666681900445
0.9631344285906303
1.4184397121462704
1.5472972980085828
1.1958041930373124
0.992877491384932
1.2089883680640203
1.2377622397271262
1.2420978868309278
0.9908064042814002
1.0693792355165421
1.2042253479646896
0.9726027440345281
0.9927536243509767
1.16137027711252
1.1318587106288105
1.0344827588156955
1.3325000019543334
1.1397058776978806
1.1523178839594754
1.1464312016930056
1.067413794870202
1.073907237112225
1.0404663907169258
1.2230215826064903
1.1486486469265889
1.0334362118241311
0.9931506860086321
1.1496598620482206
0.9455782289397937
1.09219857817816
1.34782608463138
1.090277780466821
1.1690140802777227
1.0296803662456997
1.0
1.317436159910784
1.1888111871670988
1.1971830955822258
1.335434723871107
1.0722039453933085
1.383391607617683
1.1223021564908648
1.1248285317360158
1.74268077809355
1.2894736805193907
1.0961260100901395
1.019139944705694
1.1175347228430748
1.147325105935193
1.0211267571473914
1.3818037962439713
1.1984386307690686
1.2054794534396698
1.1299471229228317
1.0689804012201507
1.3590394104357244
1.076963484178827
0.8970588221993946
1.0053155019473976
1.331303910085764
1.3380281663300932
1.1360544220722848
1.6483108096970873
1.0482444614234199
0.9909580910011977
1.3271247736075176
0.970455513054547
0.9928057565415868
1.3916083918088902
1.2056737544519893
0.978260867110901
1.0140845047649276
1.2702702711687364
0.9463231342624683
1.0123456774439228
