1.93406592
0.785980290806899
1.954285738853878
1.3902438993872694
0.0
1.7812500100195312
1.3684210591135735
1.9870967499157133
1.240909077259091
2.1562499811328126
2.7272727768595053
1.1599511460747074
1.3884297454545453
1.4507971259753483
2.1792452776735494
1.5272727383801654
1.4583333231250004
1.5686274655132642
1.3855421690753376
2.002721097137674
2.100000042000001
1.3969520988376647
3.1111111175925927
0.0
1.0526315818559557
2.4230768923224857
2.240740760545268
1.330645130150885
1.128205147948718
1.5930735741084312
1.1358695730966446
1.714285727142857
1.8776709150930377
2.867203184968969
1.5230768996449708
0.9066666689333333
0.30612244723032067
1.2771929967165285
1.5999999832
2.0946428646237245
0.75
1.7727272692561984
0.8399999932800001
1.3499999831250002
3.2558140454840476
2.51851854090535
1.1904761785714284
1.6353775746447246
1.8273092169763394
1.6
1.9649122787626965
0.0
0.0
1.8591549089565564
1.9444444499999998
0.6071428672619047
3.358024737997257
1.480769183783285
1.647179506471795
1.5306122476051645
1.2745097986735872
1.4572649812393164
0.6374999743007816
1.3106383365640566
2.27999997264
1.5808191467566284
2.3214285576105445
1.5931676950519849
0.9440298663861665
1.746835467803237
1.0952380851984125
1.5306122499999997
0.9523809499999999
1.3641641232126858
1.9499999944285713
0.0
