1.2132653039765375
1.2995359381573448
1.2569444433371915
1.251700678602434
1.1760563384348344
1.2807872868493735
1.1931216970729404
1.0652173927252677
1.142308977606548
1.1491491461154397
1.1620587709937036
1.2183098585042649
1.4405594386346519
1.1605839395961424
1.3316122558365038
1.2764358566914047
1.291970803618733
0.9965277783314044
1.2198581551209697
1.1200000028426667
1.322798357806771
1.2113636356859503
1.1018728448538304
1.109419924135397
1.3262411281525073
1.2167832163822192
1.2742812722941084
1.1156462565301495
1.1739130452867044
1.0979020993857889
1.1304347795085068
1.235714289437755
1.0748299310241103
1.1633986933358966
1.0720310386831007
1.2262773716074378
1.1977047426235976
1.248226944827725
1.124137933998573
1.2120601326861522
1.092434208513937
1.2456597229142554
1.1448275858948869
1.1135802502109347
1.1090666015750321
1.2937062924231015
1.2832550826198506
1.12405278972257
1.160661761462857
1.2569392678887004
1.172413794078478
1.0856907874737276
1.0266040684057396
1.1292516965060853
1.1468531462115505
1.1833500163626014
1.3521540172855082
0.960430516190737
1.1459854018093665
1.1305758301552797
1.0397063724056037
1.0567375852291132
1.3154362407981623
1.0584967311959503
1.149735450135223
1.0602268945539008
1.1694514805151957
1.2302812094334896
1.2846715287399435
1.1007194261156255
1.1044776136756516
1.1666666645959596
1.0328947369130885
1.229166669988426
1.117452605747603
1.3272976737158766
