1.7142857387755106
0.6363636450413225
1.4528301705873976
1.0920000187824002
1.69696968
4.358490555347099
0.954545452376033
0.7805789076527344
2.461538408284025
1.3508771616989845
1.6537717506543481
1.2596899318550567
1.7448276003460168
1.8545524784899048
2.692307630177516
0.0
2.056910591681539
2.0892857158928573
1.2463556846733503
2.6181818361818183
1.2380952284656086
1.2999999688000003
1.3901098895752324
0.9454545641487604
1.6682926959476505
1.4010989033756869
2.0833332928921577
1.9166666315277785
1.5865384347448226
1.8749999765625003
1.5838509694828522
1.9094339258768254
0.0
2.2650231331017734
3.3333333499999998
2.857142912244899
1.8181818181818181
1.2530864144932174
1.5771428811004082
0.0
2.888888912962963
2.0663841523666577
2.2128279880371275
4.500000045
1.8857143045714289
1.0833333409166668
0.516129026014568
1.4083557769338353
1.4444444191666668
1.57142856
2.0269230962366866
0.8499999915000002
3.824999941429689
1.7694444821504636
3.059999999125714
0.0
2.0999999832
2.4
1.4959999833536002
1.0568513344276198
1.028571438489796
2.4582210218237295
1.6249999451562511
2.7999999916
1.526785714830995
5.884615402721893
2.8148147725925936
1.5083217822532755
1.3713847831951622
1.4567567687370342
3.6142857390693877
1.5147541217027687
3.724770592310412
0.923295457168453
0.0
0.0
