1.7386363596849175
0.957395847300293
3.470414213370505
1.6764705660467127
1.3222222127777778
2.6748251563071546
1.3029524970803719
1.4541134891344454
0.5045045243730218
1.5
1.055172411448276
1.6602563700961546
1.6190475808547016
1.1533433955685681
1.9447731721377637
1.975051959796595
1.2131195316861425
2.0399999796
1.1586207052252082
1.3000000043333333
1.3343799019197131
1.8214285755267858
1.0476190435374149
0.8593749977441407
1.7538461187692316
2.7999999722800006
1.9479166769791667
1.8206896743995244
1.3858695982974958
0.8287645161290322
1.7205081279929912
1.0961538551971153
1.3258928645089287
1.4913657409220522
2.1999999760000004
1.5333333553333333
1.644607853112745
0.0
1.5624999970117188
1.960784352479816
1.0615384415076923
3.518518472908094
1.0303030415427
1.2598817180836286
1.9930069332167843
3.333333352777778
1.2478787921110304
1.2439613358958201
1.2204081428804667
1.3088435248318757
1.687598107142857
6.95454543873967
1.4423076873890532
2.5253991576430157
2.035632214943916
2.33333332
3.2380951976190477
1.266666657166667
1.1302564196096254
0.7913776717792769
1.4000000073333334
2.0681817839772734
0.9312865230293937
1.4285714346938776
0.98947368
1.3508771758367075
1.3194444286111113
1.3003096035330544
1.1413043514130434
1.5294117974048447
1.2723646692276354
0.9350649230426717
2.966666705766667
0.8207070831420266
10.733331952000166
1.0382632381140386
