1.2743243234632944
1.240479915509048
1.166666664979424
1.6339869279994874
1.6013986023208957
1.1607905998115504
1.5677297678154054
1.6071428606989795
1.4048878794199262
1.2272957950062897
1.5359727553698859
1.253521126191232
1.2971014491461879
1.4846153901952663
1.6734693847952242
1.3474670098164971
1.3605442151446157
1.9574652788652585
1.5104895088053205
1.0266666679057779
1.2735961798368982
1.0316993455960528
1.3545470316542867
1.5569178400942087
1.4265734268942247
1.3093525218052895
1.3160493850155204
1.1258741228666438
1.09219857817816
1.2302158260649034
1.2799999993439999
1.25
1.2562500002882813
1.9930069941297863
1.1791406793384185
1.2569444433371915
1.1774800783617585
1.638888889521605
1.2516556329511863
1.4090757433722463
1.685402685242444
1.388020834104456
1.3888888895216052
1.3282549667283547
1.2865226348814014
1.4966887449585546
1.423152621555151
1.083637626478359
1.4653168989318588
1.558007177849625
1.2183098585042649
1.1841614931839437
1.5329806021326784
1.3928571451581633
1.3190928298994962
1.417283953242401
0.0
1.2025851386050677
1.0942028953213612
1.0808502736598948
1.7790486491467759
1.46575343004316
1.575342470754363
1.3847682154053769
1.4630475255151987
1.2008514280565816
1.0450357331176239
1.1926264195688396
1.3900709166239125
1.3943661969390995
1.1060606013544536
1.2605633785736958
1.1468531462115505
1.3732394340170602
0.9649844798216102
1.448319365411458
