1.067413794870202
1.0271244447739607
1.2826086978481412
1.530201340213504
1.087837834805515
1.0092307728135386
1.2134280448313097
1.099290775604849
1.1641975324477956
1.2424242405417814
1.0053639875950853
0.9172413811043995
1.0709219800824907
1.1428571446186897
0.9212025304113528
1.0907668219592674
0.9290780141019063
1.142985612333083
1.1678321695564575
1.1328671344711232
1.1926264195688396
1.138888889521605
1.2075837793855126
1.1006711413828205
1.1180555538155865
1.151724142182164
1.0259342115540675
0.9602649014894084
1.0289855085381223
1.1804511297201652
1.0416666657175926
1.1744966439628846
1.0466666702017777
1.033557047127607
1.0152792453843267
1.2183098585042649
1.0891443208372042
1.121621618701607
1.0266666679057779
1.0723365370389202
1.1513698661681366
1.2793795599893176
1.1690140802777227
1.2388845731530715
1.1964085273027085
1.2402597391533141
1.2857529052345573
1.1590624412351902
1.1116197164310653
1.0467792037267851
1.0138888866743827
1.1531249978758225
1.1970303644614662
1.0839160819110958
1.1028481014460267
1.2365564673435798
1.107465408231194
1.033005792050466
1.0422535200694307
1.0913229984643318
1.2672019313190477
1.2463768136609956
1.2448979586144662
1.2542763134789647
1.3160493850155204
0.8413413415936883
1.0233553208055965
1.0867828607869303
1.0857142897306122
1.1619718278952589
1.034965035085334
1.1470588176773358
0.9148936134329259
1.2000000048592594
0.9871942331406587
1.1264127935891615
