1.352127655738645
1.559762231827655
1.937062935699545
1.3581081059742515
1.3521126710950209
1.6302489752332252
1.4795821433680658
1.510948900347381
1.3005829926669907
1.4940825915764124
1.584541064093678
1.5067567584413806
1.5460992890890801
1.2411347474010361
1.441216645209508
1.6585237662169539
1.3913043444675488
1.397727270609504
1.3776223743341973
1.1721854359300032
1.3360208266165619
1.7368055565204474
1.2916134562068085
1.4599815205469715
1.2777777790432099
1.2971014491461879
1.2373113883262843
1.4405594386346519
1.4930555566628088
1.2464788738087682
1.4583333342824074
1.7430555566628085
1.1666666685648148
1.3426573392488628
1.4875283438996099
1.2816901414957351
1.4287715550956834
1.4052287573292324
1.3529411732785466
1.3067156953000973
1.2087931054490368
1.400352110309264
1.3600000030613335
1.2691000178540144
1.7285630259222693
1.187499998576389
1.4749407266256787
1.3566809441310406
1.2388489217545675
1.4718500979521982
1.432624106999648
1.6107142891157942
1.3856930180547715
1.3426573392488628
1.4665577812471713
1.36841209454082
1.4790298550949508
1.542621985026655
1.3037037043336077
1.2176465502278901
1.6802126187112292
1.1884057965847512
1.725352110886729
1.7832191829677237
1.2601225903439874
1.425838980688723
1.438239427630139
1.4400973716505396
1.3026315785214682
1.5777777837168725
1.3676470532374567
1.2620689692613554
1.3191489307258186
1.5434782628071833
1.1770043161243458
1.5396090522442274
