1.2171875006762154
0.9579915485736878
1.2518518545964334
1.1643835638750235
1.1972789075422277
1.0652063187071417
1.1599794261999885
1.0279720292151204
1.0633271193261344
1.0053155019473976
1.0663374479639616
1.3484848481083562
1.0431654666497594
1.0559440526959754
1.1095591483192702
1.1129098242576538
1.0074074123116599
1.146006945081115
1.1066666661564444
1.0441176459061419
1.157911724974187
1.0388513506494248
1.0765084309974506
1.1606510935783738
1.0972222238040124
1.0
0.9855285747980188
1.0287769797329331
1.0071428618704081
1.1478873231303315
1.0065789463036703
1.2740740793832648
1.1458333328587962
1.0779220761241355
1.1139412484986602
1.0699300701706684
1.0602268945539008
1.0758620682634958
1.1857142856306122
1.1120463901332631
1.0668367328069555
1.0734797290044056
1.120805371860727
0.998285323054603
1.0663374479639616
1.1418918912554785
1.1751705101117929
1.1192835981082532
1.1122340393979175
1.1718247943063693
1.0608108121210738
1.5810457503939512
1.1453546003505255
1.3125000014236112
1.1238760373084844
1.1715195289523925
1.1388888861915205
1.1507238638494415
1.0827067659901635
1.3596467502253846
1.3673240319135906
1.061224485469943
1.2953020158236115
1.2229310365069204
1.213378858259918
0.9654157505089933
0.9956083700757947
1.0123456757096576
1.184397162171923
1.0719424463826923
1.0
1.013605439975936
1.0212765922800664
1.1617647036656575
0.8850793662069115
1.141436736969706
