1.7612676026570124
1.386134853352619
1.6153846140613233
1.4729729745452886
1.3623188418714554
1.3271503860222684
1.1056825127498369
1.8251748245733288
1.2931422903321803
1.0615569273953094
1.1507238638494415
1.3958333328587964
1.1824817522617082
1.157142861577551
1.2857492887558057
1.3015872974257638
1.359712231913462
0.5655172423153388
1.4558823510791523
1.383561645297429
1.2672019313190477
1.506122446315702
2.105974585231282
1.1970303644614662
1.1846153870414202
1.6338028125907558
1.489175165149634
1.1013513516882762
0.9932432443288898
1.4388489217545675
1.342281879600919
1.1496598620482206
1.4857142909020409
1.30000000164
1.539377293287415
1.3985507260586012
1.417283953242401
1.5743243206930242
1.5467625913286063
1.4347633041976715
1.4959459449351717
2.1985507236817896
1.2808219185775942
1.1527439854481483
1.7105151167622317
1.4820143884043266
1.2104133130969217
1.392872775197524
1.1602430562001351
1.326993660319599
1.1586206928142686
1.9758223647813797
1.3733920402106898
1.4857142909020409
1.4371957126225476
1.3044991303239593
1.2846317612987008
1.4422459002527286
1.1862069009978595
1.261867501951773
1.840628504424823
1.308823527372405
1.3426573392488628
1.5200680245223288
1.4745034874748535
1.2505446563587723
1.2542194125023443
1.0674393212412638
1.1942446028735572
1.2876712381854005
1.5785714307887755
1.4244604348377412
0.9929577476175363
1.6861313837157013
1.4021258346569536
1.107025491587788
