0.0
1.9569892608844954
3.7499999531250006
0.0
0.0
3.7777778113580247
1.4249999715000006
1.3136363543636365
0.0
0.0
0.7857143092857145
3.454545504793389
1.0111111380740745
1.405555556726852
0.0
0.0
2.9240506499375103
1.2499999718750003
2.2323529707223186
2.13356975801519
0.0
1.5714285714285714
1.960784352479816
2.556935855090468
1.9444444228395066
0.0
3.03333329962963
4.3749999934375
1.8030302669696974
2.3333333100000004
1.5937499596582037
3.714285703673469
1.9167975234536894
3.46666668
1.9687500307617194
1.9406249724516604
1.2749999799187501
1.3207547162335351
0.0
0.0
1.3161290118792928
1.2638888941550925
2.524590215460899
1.8046874808251956
1.9215686637831608
2.7789473479445985
0.0
1.5918367540233236
1.9951807075070402
0.0
2.2399999680800002
1.157894716731302
1.365722023836684
1.0332467533335807
2.580645207492196
1.5886525291685536
3.333333352777778
1.384615379289941
1.486928133418237
2.0117647331003465
2.745098085236448
1.2670957356916968
1.3725490220299885
0.0
1.3392857082589287
1.9090909229752067
1.5833332858333342
1.241830065115981
0.9072776124078726
1.8888889056790124
2.0382353243914366
2.108333367857292
2.252964475038667
2.570921983736985
1.8666666168888901
1.8518518460905353
