1.4307291674615163
1.149735450135223
1.5273972671983487
1.2671232905948584
1.9735099379465812
1.3994773779627823
1.50106428648452
1.4041095928879714
1.204469675146107
1.2327202446223995
1.4491797753402187
1.1959459477054422
1.2028985478827976
1.3237410087221158
1.749179554569522
1.2671537738131975
1.6043165507944723
1.1451724156885612
1.5140845047649278
1.0408163255060392
2.0671673984239622
1.017832167262751
1.6626115152863172
1.377341056067288
1.4859154894604247
1.2344827610777644
1.3402886406924701
1.5555555580864198
1.4676259014875006
1.2083333342824076
1.5899280579783654
1.4864864858875093
1.2553191480700168
1.536423843469146
0.0
1.2222222209567901
1.3792360601527125
1.5460992890890801
1.2746478833386234
0.998087286482106
1.7551369911099644
1.137328770239257
1.241830063993336
1.36119452502622
1.4572619317377162
1.462068965868252
1.4389770729581002
1.4044514000206456
1.2543706286688836
1.2916134562068085
1.5563380248343583
1.823793106466968
1.0189193541607582
1.3546099236748654
1.1275840124658876
1.718135972307376
1.637418178377484
2.145040143415362
1.157142861577551
0.0
1.397322204539737
1.1538461520817642
1.4316546782961543
1.7541946315788703
1.7922267960135074
1.2340272155365983
1.0237558549965913
1.1056825127498369
1.1689189194804601
1.401408449321563
1.0408163255060392
1.3241379306054695
1.1944444476080247
1.4545454561093452
1.140897510824922
1.275832915002282
