1.4085033988693136
1.1128622698925894
1.2945205521767686
1.1192053009622385
1.3648648616453616
1.253451676995145
1.1286286295076835
1.0389610380620677
1.2439280205929977
1.3883597907212395
1.0846560855857899
1.2416107382180983
1.3453237390973551
1.139860140341337
1.3277987859292983
1.4117745852580856
1.2158273391480772
1.0751748245733288
1.0709219800824907
1.071895423995899
1.4186159819920232
1.3618881111262164
1.3424584002858877
1.4482167380267872
1.141935487796046
1.0344827588156955
1.203487868277769
1.4929577418428883
1.1438356219009196
1.1527777761959876
1.066225165994474
1.0680272110361424
1.2928571434010205
1.496453895471053
1.063872254959781
1.1586206928142686
1.2148148178727969
1.2432432429437545
1.2777777790432099
1.1868880382403664
1.179452058025896
1.2721631169584025
1.201388890945216
1.2411635395648315
1.5762697822454779
1.5244755262800138
1.3450746763104477
1.3635676443909688
1.0394366179615155
1.4838491507776688
1.0638297826558019
1.597402597817507
1.2857529052345573
1.2808219185775942
1.173053581159051
1.1248285302288925
1.3842277619054473
1.1232876743103772
1.2265625021520996
1.1503928141660715
1.3005316754298033
1.3383458659132796
1.1710526308691136
1.3871257456789057
1.3140381051611554
1.1468531462115505
1.5429353412547735
1.3015873027029479
1.296296298096022
1.328767127750047
1.1953125007507324
1.2230215826064903
1.120805371860727
1.1532846707027544
1.0842282117060087
1.4857447394861474
