1.2388489217545675
1.1163537992228871
1.0890410987370989
1.2152777776195989
1.1862069009978595
1.0843412340986593
1.2567049816662703
1.0965517258149822
1.1380161795387855
1.0955521739604168
1.198286721009833
1.0758620682634958
1.1232876743103772
1.1499999997071428
1.079772324193197
1.3875507221608108
1.1267605602082922
1.2019784181309197
1.3913043444675488
0.9798657695220936
1.1135802501665844
1.3137323921458044
1.0192323803741468
1.3064731381713022
1.2777777790432099
1.1304347795085068
1.0335837020791139
1.1931034516299641
1.2605633785736958
1.2937062924231015
1.241379311709869
1.26530611857837
1.3943661969390995
0.9870967762414152
1.1223146239714092
1.076388888097994
1.1845133093335138
1.020000002296
1.1768707475783238
1.019425020128993
1.1567857164340307
1.0649350652116714
1.32857142932449
1.1761074743608761
1.0334362118241311
1.2260274010302121
1.2480974146523216
1.1177983528432214
1.167361111759645
1.0193273774113003
1.2553191480700168
1.083018868060757
1.2561953648440656
1.2773722598465553
1.3210586883518554
1.2186836477349994
1.085176302507321
1.309677977169411
1.1544117636862024
1.1023319609529847
1.1371554244853572
1.2164179127311205
1.5174825146755342
1.2505000018340668
0.971025445085261
1.279894185091232
1.2207167028663943
1.456612487378858
1.1940298504722655
1.2123287730474763
1.1366906493069717
1.3405797089823568
1.0979020993857889
1.2803030285146924
1.205173424899219
1.2454036772988515
