0.9302325691725257
3.3163265475322783
1.6190475994227995
1.6285714327591836
2.5909091191735536
4.521739069187146
1.7347826078875237
0.6097561171921477
1.3469388091836736
0.0
1.9718309722277327
1.3255813731530557
2.3132184082278044
3.1556250120308205
4.22222215888889
3.487179437107167
2.3076923000000003
3.166666619166668
4.130434836483933
1.2954545269480524
0.0
1.9577380898966703
2.4836601674868644
4.8653845405325455
0.0
0.0
1.8136363952130683
1.2391304129631382
1.6779660771416265
2.241758230082418
1.6730769214681953
0.0
1.8414322114533528
2.446601976308795
3.062500069726564
0.873563223285771
0.0
0.0
1.1312217309555497
1.946153816213018
2.190476251809525
2.0049504900470545
1.3461538197485208
2.6101694576817014
0.0
4.323529462629758
3.2828283325681062
2.067567527892623
1.3448275611652796
1.7499999737500005
1.9166666315277785
5.428571320000001
1.79411764
1.1590908948657024
2.139917703703704
5.833333381944445
0.0
3.7500000492187513
1.9166666594791668
2.0266149821009853
1.041152261960575
3.181818190495868
0.0
1.407407365185186
1.6285714633142863
2.1296703413915226
1.4903846269924186
1.8740740902697761
1.5183098569553661
2.297979832797674
1.104417672641409
1.75882353895
1.5147541217027687
3.017241325624257
1.9215070896344477
0.0
