1.1868421030768699
1.2692095066589935
1.0201342304779064
1.0397351039410552
1.2173913051228733
1.3596581231941653
1.0891443208372042
0.971830984695497
1.1264127935891615
1.0321955956610231
1.0400811788769349
1.3602941132580018
1.2432432429437545
0.9727891144698968
0.9576153532356327
1.185890655916654
1.2230215826064903
0.9232269477355263
1.1034482764470868
1.0814814807615913
1.0454288681996635
1.2185314678497725
1.111456441336248
1.251371740417429
1.1586206928142686
1.1328671344711232
1.1737341189099706
1.0620689669992867
1.0441176459061419
1.0408163255060392
1.1655172434463732
1.0633802772168222
1.1428571420602527
1.2127659518786782
1.078947366433518
1.0066666656097778
1.39380926620559
1.0671140942552138
1.0326797386671793
0.9923651688298536
0.9156666680096445
1.0397482021868691
1.1985815570253004
1.0477423782949693
1.0056855077526845
1.0529801349677645
1.1537763239820957
1.2742812722941084
1.0103571447335205
1.4622770901179316
1.1458333328587962
1.1598684189160318
0.9987571441605733
1.0214285738969389
1.119529842221984
1.0257542342369974
1.1062055476844908
1.2672019313190477
1.034965035085334
1.0961260100901395
1.04876099327249
1.0962962993108367
1.3310810777492696
1.209352518855649
1.252309104819604
1.1659429591712158
1.0511136048914183
1.2636371582591854
1.09219857817816
1.0070422523824638
1.308823527372405
1.2189781027140498
1.1408450707478675
1.0
0.9620427907272954
1.24141659464882
