1.5190647492942912
1.4503108265239408
1.9305555552391978
1.6527777761959876
1.5035971246788467
1.3177028508704187
1.5110747963661146
1.2617449686960045
1.6494863153009867
1.4725028023930054
1.3189010600243927
1.3076923041635287
1.697368416083795
1.257142857477551
1.4787584559692013
1.1964085273027085
1.469696968379247
1.1268211948886893
1.3884892116463952
1.762237760272874
1.7910731233336654
1.4890202692641756
1.504650776040139
1.4146022428976743
1.1818181812968849
1.4295774646260664
1.3309159943603268
1.3046357624884874
1.3402777804668211
1.380952380686751
1.4125874094195314
1.1506849358922875
1.7352941125043253
1.3028168986431266
1.440112400657842
1.3263888880979937
1.0812127273393517
1.3971631140506011
1.613138682811018
1.3566809441310406
1.5090277786161266
0.0
1.306666667249778
1.4883492797720048
1.36119452502622
1.366666668671111
1.2497232867581625
1.10558804427918
1.490909090075016
1.8249769020782722
1.1172413833664685
1.162583893085604
1.185890655916654
1.2905405381820672
1.2072897011140717
1.1933611322746838
1.504458163474699
1.3120532813988492
1.1928571475010206
1.2220458558409424
1.5663997298875678
1.2624113454967054
1.5616438371551886
1.4187086128417832
1.2064941697438196
1.3189010600243927
0.0
1.1901901904120338
1.3500000032214285
1.7196969652731864
1.2173913051228733
1.2624113454967054
1.42176870619279
1.6506849358922877
1.2796504363959376
1.2105672092528295
