0.30526316
0.21323529
0.20779221
0.18181818
0.36263736
0.28571429
0.16190476
0.24615385
0.23391813
0.30147059
0.28421053
0.22807018
0.28888889
0.29166667
0.29004329
0.28571429
0.2
0.36190476
0.24074074
0.23809524
0.25666667
0.3030303
0.22134387
0.17582418
0.25714286
0.23076923
0.29710145
0.27356322
0.45454545
0.40350877
0.15441176
0.25
0.34166667
0.31601732
0.16363636
0.37878788
0.24242424
0.18382353
0.25
0.25
0.17142857
0.25274725
0.24166667
0.1952381
0.2
0.11111111
0.28333333
0.19927536
0.21904762
0.27472527
0.27619048
0.16190476
0.2358871
0.28888889
0.22988506
0.14285714
0.24358974
0.23391813
0.17777778
0.22134387
0.40522876
0.33333333
0.24242424
0.28104575
0.16666667
0.0
0.26482213
0.24603175
0.46666667
0.21978022
0.29437229
0.29487179
0.22794118
0.35177866
0.32967033
0.24264706
