0.48717949
0.38181818
0.52777778
0.32679739
0.31111111
0.36666667
0.46666667
0.5
0.60714286
0.69444444
0.8
0.52941176
0.42857143
0.66666667
0.5
0.16666667
0.35177866
0.4
0.2
0.8
0.41666667
0.23809524
0.53030303
0.4
0.37362637
0.30769231
0.44166667
0.33333333
0.39285714
0.45054945
0.54385965
0.35238095
0.54545455
0.38181818
0.6
0.36111111
0.66666667
0.33333333
0.41176471
0.37368421
0.33333333
0.4
0.73333333
0.0
0.53594771
0.31666667
0.33823529
0.66666667
0.35714286
0.33333333
0.35897436
0.39393939
0.38596491
0.44871795
0.36190476
0.66666667
0.30833333
0.60714286
0.23076923
0.8
0.66666667
0.75
0.28787879
0.4
0.25
0.22222222
0.38095238
0.66666667
0.42647059
0.0
0.35164835
0.40526316
0.48888889
0.47619048
0.42222222
0.33333333
