0.43956044
0.30769231
0.26315789
0.25454545
0.23636364
0.21978022
0.44444444
0.39047619
0.32727273
0.25757576
0.35833333
0.30555556
0.2
0.41025641
0.51282051
0.18095238
0.35714286
0.38461538
0.46666667
0.41666667
0.4057971
0.22875817
0.39285714
0.23333333
0.21428571
0.19047619
0.29487179
0.25714286
0.27272727
0.44444444
0.42857143
0.35714286
0.3
0.39393939
0.26373626
0.3442029
0.34848485
0.38095238
0.2745098
0.36363636
0.21578947
0.35164835
0.23076923
0.3974359
0.28571429
0.24175824
0.35930736
0.28571429
0.32967033
0.34545455
0.27619048
0.18095238
0.28787879
0.30039526
0.44444444
0.19047619
0.31818182
0.32727273
0.22134387
0.3
0.4
0.21645022
0.27272727
0.37878788
0.66666667
0.19444444
0.28205128
0.40909091
0.22857143
0.2
0.43636364
0.4
0.37878788
0.50735294
0.42307692
0.2
