0.23809524
0.46666667
0.2
0.33333333
0.0
0.0
0.13333333
0.33333333
0.0
0.33333333
0.3030303
0.0
0.33333333
0.60714286
0.38095238
0.25
0.53333333
0.3974359
1.0
0.2
0.33333333
0.23809524
0.66666667
0.16666667
0.7
0.57142857
0.4
0.5
0.4
0.32142857
1.0
0.22222222
0.0
1.0
0.33333333
0.5
0.28571429
0.30909091
1.0
0.66666667
0.43636364
0.1
0.0
0.0
0.37362637
0.31428571
0.53333333
0.14285714
0.0
0.47619048
0.2
1.0
0.44444444
0.0
0.6
0.0
0.0
0.0
1.0
0.33333333
0.28787879
0.33333333
0.0
0.53333333
0.28571429
0.16666667
0.0
0.45054945
0.0
0.0
0.4
0.43137255
0.34545455
0.44444444
0.4
0.16666667
