2.275
2.45679012
2.20731707
2.58024691
2.16049383
2.69620253
2.33333333
1.8902439
0.0
2.35802469
2.25925926
2.18292683
2.64634146
2.52439024
2.06097561
2.50632911
2.86585366
2.34146341
2.31707317
2.40243902
2.06097561
2.25
2.5375
2.22222222
2.49382716
2.5308642
2.02439024
2.20987654
2.34146341
2.29268293
2.34146341
2.17283951
2.84146341
2.2804878
2.37179487
2.88888889
2.4
2.40243902
2.43209877
2.03797468
2.6375
2.85365854
2.45
2.61728395
2.18518519
2.30487805
2.45121951
2.24390244
2.35365854
2.07317073
2.34146341
2.22222222
2.2345679
2.28395062
1.93902439
2.60493827
2.43209877
0.0
2.3375
2.28395062
2.02439024
2.32098765
2.59259259
2.26829268
3.14634146
3.25
2.37037037
3.30864198
2.29113924
2.43209877
1.80487805
2.43902439
2.79012346
2.48148148
2.37804878
3.25925926
