2.7875
2.33333333
2.64634146
2.61728395
2.5308642
2.29113924
2.58024691
2.12195122
2.51851852
2.62962963
2.45679012
2.24390244
2.8902439
3.13414634
2.26829268
2.40506329
2.1097561
2.03658537
2.29268293
2.48780488
2.51219512
2.4625
3.35
2.35802469
2.58024691
2.55555556
2.32926829
2.85185185
2.81707317
2.34146341
2.23170732
2.38271605
2.84146341
2.40243902
3.24358974
2.51851852
2.5
2.59756098
2.56790123
2.60759494
2.7
2.65853659
2.6875
2.5308642
2.33333333
2.76829268
2.34146341
2.67073171
2.48780488
2.23170732
2.48780488
2.30864198
2.37037037
2.43209877
2.23170732
3.02469136
2.39506173
2.51851852
2.45
2.55555556
2.31707317
2.56790123
2.91358025
2.40243902
2.98780488
2.5875
2.60493827
2.77777778
2.82278481
3.04938272
2.14634146
2.65853659
2.34567901
2.2962963
2.32926829
3.09876543
