2.575
2.03703704
2.63414634
2.32098765
2.0617284
2.2278481
2.02469136
2.12195122
2.20987654
2.39506173
1.91358025
2.18292683
2.64634146
2.62195122
1.90243902
1.97468354
1.7195122
2.2804878
2.45121951
2.36585366
2.54878049
1.85
2.825
1.98765432
2.20987654
1.90123457
2.29268293
2.25925926
1.81707317
2.30487805
2.54878049
2.03703704
2.5
1.95121951
3.1025641
2.28395062
2.2125
2.31707317
1.82716049
1.98734177
2.2125
1.8902439
2.3875
2.28395062
2.32098765
1.80487805
2.06097561
2.51219512
1.7804878
2.52439024
2.34146341
2.40740741
2.0617284
2.16049383
1.92682927
2.32098765
2.64197531
2.20987654
2.25
2.27160494
2.23170732
2.7037037
2.38271605
1.8902439
2.14634146
2.075
2.07407407
2.39506173
2.05063291
2.13580247
2.0
2.02439024
2.18518519
2.01234568
3.09756098
2.27160494
