0.44444444
0.38095238
1.0
0.14285714
1.0
0.31111111
0.2
0.4
0.57142857
0.0
0.42857143
0.36263736
0.33333333
0.44444444
0.37777778
0.66666667
0.23809524
0.5
0.0
0.4
0.0
0.39393939
0.28571429
0.0
0.46666667
0.60714286
0.44444444
0.83333333
0.38095238
0.66666667
0.41666667
0.28888889
0.28787879
0.0
0.0
0.41176471
0.0
0.33333333
0.66666667
0.5
0.0
0.66666667
0.66666667
0.57142857
0.5
0.28571429
0.0
0.39285714
0.7
0.39285714
0.66666667
0.46428571
0.6
0.43939394
0.67857143
0.0
0.83333333
0.57142857
0.7
0.46666667
0.525
0.66666667
0.0
0.0
0.24444444
0.2
0.2
0.5
0.5
0.6
0.62121212
0.69444444
0.36029412
1.0
0.38888889
0.1
