1.8875
2.11111111
1.96341463
2.17283951
2.04938272
2.01265823
2.11111111
1.90243902
1.97530864
1.98765432
2.17283951
2.02439024
1.95121951
2.5
1.90243902
2.50632911
2.18292683
1.8902439
1.76829268
2.41463415
1.90243902
2.075
2.0625
2.82716049
2.43209877
2.19753086
2.06097561
1.98765432
1.93902439
2.13414634
1.82926829
2.16049383
1.97560976
2.32926829
1.82051282
2.30864198
2.0125
1.84146341
2.0617284
2.48101266
2.55
1.96341463
2.2625
1.9382716
1.98765432
2.0
2.41463415
2.15853659
1.98780488
2.19512195
2.46341463
2.22222222
2.07407407
2.61728395
1.63414634
3.35802469
2.2962963
1.97530864
2.5
1.71604938
1.96341463
2.2345679
2.13580247
2.15853659
2.30487805
2.4875
2.20987654
1.92592593
2.41772152
2.08641975
2.07317073
2.04878049
1.77777778
1.91358025
2.54878049
3.19753086
