0.38095238
0.31111111
0.33333333
0.5
0.33823529
0.38095238
0.21904762
0.18181818
0.24175824
0.38888889
0.3047619
0.18181818
0.21794872
0.33333333
0.66666667
0.22857143
0.32900433
0.27777778
0.0
0.2
0.2
0.25454545
0.33333333
0.4
0.1969697
0.24761905
0.26666667
0.39047619
0.29487179
0.25
0.38888889
0.1969697
0.16666667
0.34057971
0.5
0.5
0.0
0.4
0.24923077
0.23636364
0.41818182
0.31653226
0.16666667
0.14285714
0.37908497
0.21052632
0.55147059
0.25
0.26842105
0.31818182
0.38095238
0.25
0.24615385
0.24175824
0.24183007
0.1
0.29090909
0.24175824
0.27941176
0.33333333
0.48888889
0.19047619
0.0
0.27667984
0.25454545
0.66666667
0.58333333
0.39393939
0.2952381
0.15384615
0.30434783
0.38235294
0.28571429
0.25757576
0.33333333
0.23809524
