2.3875
2.2345679
2.81707317
2.49382716
4.03703704
2.93670886
2.43209877
2.51219512
2.87654321
3.04938272
2.19753086
3.23170732
2.43902439
2.23170732
2.04878049
2.37974684
2.35365854
2.1097561
2.91463415
2.67073171
2.26829268
2.3
2.5625
2.35802469
2.75308642
2.4691358
2.41463415
2.72839506
2.45121951
2.24390244
2.53658537
2.33333333
2.7804878
3.01219512
2.55128205
2.41975309
2.6125
2.14634146
2.43209877
2.65822785
2.0875
2.6097561
4.5125
2.72839506
2.13580247
1.80487805
2.53658537
2.43902439
2.82926829
2.42682927
2.26829268
2.96296296
2.19753086
2.75308642
2.09756098
2.86419753
2.75308642
2.87654321
3.0125
2.40740741
2.06097561
2.30864198
3.09876543
2.32926829
2.45121951
3.0375
2.61728395
2.0617284
2.82278481
3.13580247
2.34146341
1.91463415
2.0617284
2.07407407
2.6097561
2.24691358
