0.55555556
1.0
0.6
0.27777778
0.38181818
0.37777778
0.33333333
0.23636364
0.26373626
0.23809524
0.31111111
0.22222222
0.4
0.31111111
0.66666667
0.16363636
0.0
0.37878788
0.7
0.6
0.42857143
0.31111111
0.1969697
0.31111111
0.33333333
0.4
0.28571429
0.5
0.0
0.28571429
0.37777778
0.0
0.28787879
0.25
0.5
0.17948718
0.35714286
0.5
0.60714286
0.28571429
0.42857143
0.41911765
0.26666667
0.21818182
0.33333333
0.2
0.4
0.34848485
0.24166667
0.2967033
0.52380952
0.66666667
0.26666667
0.2
0.28571429
0.19047619
0.16363636
0.26373626
0.5
0.08888889
0.1
0.29487179
0.4
0.38970588
0.28571429
0.33333333
0.32142857
0.2
0.5
0.36363636
0.5
0.19444444
0.42222222
0.30718954
0.0
0.0
