2.3
2.75308642
3.68292683
2.91358025
2.28395062
2.83544304
2.35802469
2.36585366
2.4691358
2.62962963
2.4691358
2.69512195
2.86585366
2.85365854
2.12195122
2.81012658
2.32926829
2.58536585
2.36585366
3.17073171
2.34146341
2.275
2.1125
2.11111111
2.38271605
3.30864198
2.43902439
2.17283951
2.82926829
2.25609756
2.98780488
2.2345679
2.25609756
2.02439024
3.26923077
2.22222222
2.4375
2.34146341
2.27160494
2.40506329
2.3
2.19512195
2.7625
2.67901235
2.51851852
3.54878049
2.25609756
2.34146341
2.15853659
2.53658537
2.81707317
2.24691358
2.16049383
2.30864198
2.20731707
3.07407407
2.17283951
2.4691358
2.3375
2.95061728
2.29268293
2.01234568
2.79012346
2.01219512
2.79268293
2.85
2.30864198
2.07407407
1.94936709
2.43209877
2.1097561
2.23170732
2.07407407
2.18518519
2.31707317
2.14814815
