0.36842105
0.31527094
0.40909091
0.3
0.28571429
0.32105263
0.39393939
0.24264706
0.39285714
0.31818182
0.35164835
0.35573123
0.22184874
0.25296443
0.39705882
0.17368421
0.24561404
0.29279279
0.31617647
0.43939394
0.38596491
0.13186813
0.29239766
0.34285714
0.31666667
0.25490196
0.42222222
0.35789474
0.24307692
0.37666667
0.34761905
0.33333333
0.37229437
0.33333333
0.30666667
0.26719577
0.42222222
0.3047619
0.38181818
0.22631579
0.22222222
0.42857143
0.27472527
0.27777778
0.34153846
0.19230769
0.31578947
0.57777778
0.32748538
0.35897436
0.27705628
0.27667984
0.25
0.26900585
0.38095238
0.24183007
0.1969697
0.39285714
0.25274725
0.28623188
0.32478632
0.52380952
0.28787879
0.27472527
0.08333333
0.30555556
0.26666667
0.25050505
0.21846154
0.25538462
0.30409357
0.45833333
0.47368421
0.29915966
0.22105263
0.20467836
