0.27777778
0.57142857
0.43809524
0.0
0.83333333
0.45588235
1.0
0.33333333
0.8
0.16666667
0.37777778
0.33333333
0.31111111
0.53571429
0.7
1.0
0.71428571
0.57142857
0.0
0.6
0.34782609
0.3
0.37549407
0.33333333
0.33333333
0.83333333
0.66666667
0.78571429
0.36029412
0.43333333
0.46666667
0.29090909
0.36111111
0.0
0.33333333
1.0
0.55555556
0.25
0.66666667
0.0
0.33333333
0.2
0.0
0.66666667
1.0
0.4
0.57142857
0.44444444
0.66666667
0.4
0.62222222
0.37894737
0.66666667
1.0
0.50549451
0.15555556
0.66666667
0.8
0.0
0.33333333
0.52205882
0.47101449
0.0
0.8
0.0
0.33333333
0.33333333
0.38181818
0.32900433
0.41818182
0.71428571
0.93333333
0.38
0.36190476
0.52380952
0.375
