3.1
1.90123457
2.19512195
2.37037037
3.48148148
2.55696203
2.18518519
2.34146341
2.2962963
2.44444444
2.72839506
2.19512195
2.7804878
2.31707317
2.06097561
0.0
2.08536585
3.01219512
2.07317073
2.07317073
2.1097561
0.0
2.925
2.34567901
2.60493827
2.2345679
2.82926829
2.37037037
2.40243902
2.26829268
2.13414634
2.64197531
2.70731707
2.3902439
2.44871795
2.40740741
2.475
2.08536585
2.16049383
2.89873418
2.7
2.95121951
3.775
2.32098765
2.30864198
2.69512195
2.37804878
2.36585366
2.40243902
2.51219512
2.54878049
3.0617284
1.81481481
3.16049383
2.31707317
2.80246914
2.19753086
2.2962963
2.525
2.24691358
2.02439024
1.92592593
2.37037037
2.2195122
2.58536585
2.8375
2.33333333
2.33333333
2.05063291
2.41975309
2.02439024
2.04878049
2.07407407
1.95061728
2.62195122
2.72839506
