0.43137255
0.45454545
0.56043956
0.30769231
0.4
0.33333333
0.5047619
0.37878788
0.28947368
0.32631579
0.33918129
0.65151515
0.6
0.46428571
0.52631579
0.37878788
0.39285714
0.55555556
0.33333333
0.67857143
0.38768116
0.28654971
0.51111111
0.47435897
0.33333333
0.52727273
0.36764706
0.32679739
0.46666667
0.42631579
0.61111111
0.55128205
0.51282051
0.44444444
0.42222222
0.2826087
0.57142857
0.28333333
0.35384615
0.60714286
0.3
0.42857143
0.66666667
0.53333333
0.43939394
0.08888889
0.50909091
0.56060606
0.34615385
0.32679739
0.47894737
0.66666667
0.43636364
0.4
0.46666667
0.53333333
0.34769231
0.28947368
0.30769231
0.38596491
0.69444444
0.34210526
0.30769231
0.32900433
0.32727273
0.33333333
0.325
0.62222222
0.14285714
0.14285714
0.42307692
0.66666667
0.0
0.56363636
0.41666667
0.39215686
