1.9125
2.58024691
2.57317073
2.71604938
2.72839506
2.37974684
2.38271605
2.41463415
2.9382716
2.27160494
2.48148148
2.26829268
2.79268293
2.06097561
2.32926829
2.81012658
2.7195122
2.06097561
2.46341463
3.09756098
2.12195122
3.425
2.0
2.41975309
2.81481481
0.0
2.59756098
2.0617284
2.45121951
2.07317073
2.35365854
2.77777778
2.02439024
2.40243902
2.06410256
2.51851852
2.4875
2.82926829
2.49382716
2.49367089
0.0
2.34146341
3.25
2.59259259
2.28395062
2.59756098
2.75609756
2.59756098
3.56097561
2.3902439
2.31707317
2.14814815
2.45679012
2.39506173
2.54878049
3.74074074
2.0
2.9382716
3.25
2.17283951
1.85365854
2.01234568
2.79012346
2.2804878
2.69512195
2.8375
2.16049383
1.98765432
2.64556962
2.11111111
2.24390244
2.36585366
1.81481481
2.35802469
2.53658537
2.0617284
