1.0233918126949317
1.0965562093923045
1.8478261310633275
0.0
1.4333333135000004
1.0389140298695767
0.9965034884548145
1.749169405452948
1.34736844
1.1842104976973689
0.847849471213146
1.069324481989441
0.8896703103051723
1.4615384546153847
1.1635807586206899
2.1666666991666674
1.6000000096
1.2272089543998554
1.0952380915873017
0.8996922830030771
0.918762103909626
1.7727272128977285
1.6271409437222468
1.1818181874909093
0.9285714285714286
1.1526586693647043
0.9481262041826738
1.363071725186739
1.389814828106996
1.0320512495192313
0.8495481137248078
2.989010990735419
1.5318681347134404
1.890347465887927
1.0473844622432222
1.6807909582399694
0.6027397169243761
1.141920378161631
1.2329545356469525
1.0221884507327168
0.9935065051447124
0.7743396238103238
1.1229946543881724
1.3246753110500926
0.8125082120407627
0.6567567391446312
0.9074074067558299
0.7862068983816883
1.603030342060607
1.2121212256198348
0.7965517275713436
1.4513888962094905
1.4632735549821925
1.529294940842405
2.882352857249137
3.5000000262500004
1.57922072296104
1.2955465769230767
2.4444444811111112
1.439999987856
0.8845624121134731
1.2214253940353135
1.5046296250000002
1.5079365036281178
0.8288854282888543
1.9431818296642562
0.5314009511272143
1.1761904660933333
2.3636363749173555
1.6309523863095239
0.8939936692192215
1.9883720796133044
0.5968992225157743
1.6244444588839506
0.9285714355357141
2.0854275890897944
