1.5921568157296433
1.9360269229330342
2.8506787570668086
3.799999924000002
1.0622485209607648
2.0588235499999996
1.1177419288134756
1.0519480455194805
1.272727270247934
1.027668
2.358156078436699
1.8639053013086027
0.8507621290322581
1.7420118064305876
2.6493506726328215
0.0
1.1019283636363635
0.985915477544138
2.1710526203808866
1.3957100506406463
1.0822510714285711
1.8636363271074388
1.2810457621299502
1.5190918739470651
0.8622147118837377
2.3590686196589052
1.4753451357386342
2.085365869934563
1.5166666881527782
1.3675675609145361
2.124223645527951
1.0597402539873841
0.9000000090000001
0.8729032377290326
3.325513136685272
1.6581818665309098
2.829931957628766
1.8131867913355877
1.4166666701805555
1.2073170495062466
1.975510135195338
0.8650994780874863
2.022222238231482
1.3999999748
2.084045547232016
0.539682561269841
1.5882352892595155
1.8181818259740261
1.1171428534957144
1.3265306293002916
1.4329411484860906
1.0040160601925774
1.5555555382716053
1.0439560341556404
1.3512500229856252
1.599264714981618
1.0329959465316103
2.5666667106666674
0.7426669565403524
1.0163043787370043
1.8229167097330736
1.5617284085581467
1.923076923076923
1.126719359720406
1.2666666768000001
0.5565834151343975
1.344292272661538
0.0
2.153846136094675
0.5769230598372782
1.323412701340939
0.9747474996556477
1.135932549519754
1.7405405661446314
1.1000000109999999
1.368782146969158
