0.0
1.3079210605274258
1.7279411725248703
1.3180876640207064
0.0
1.5078686285757645
1.5499361451861011
1.1959459477054422
1.3282549667283547
1.490783025865159
1.7678275312846217
1.4113475147195813
1.6805555552391975
1.5839416012520644
1.3309352521805289
1.5040041297208089
1.2905405381820672
1.2499999954779413
1.3472222238040124
1.435714287094898
1.49999999722973
0.0
0.0
1.4158167827177608
1.3338338343690312
1.4816450031988417
1.4184397121462704
0.0
1.3741496551205516
1.3475177262481766
1.3093525218052895
1.4472265671314481
1.6597222252276234
1.4852941109969724
1.524707086088667
1.243738979309801
1.7159259294848836
1.2925170041084733
1.0930398976407072
0.0
1.3153179175545457
1.536423843469146
0.0
1.3542637591696702
0.0
1.471830984695497
1.4571428609918369
1.6206896586825208
1.591836733783146
1.729166669988426
1.3552631543455678
0.0
1.4081500058922858
1.5387654317235229
1.2953020158236115
1.6250812191116926
1.2654320994152488
1.3005829926669907
1.6065602791303255
0.0
1.4822695006176752
1.4648335173260099
1.4491797753402187
1.3142857172979592
1.3900709166239125
1.601562500889757
1.46389555040568
1.4400973716505396
1.2654759892204823
1.7788359838749812
1.2237762222524329
1.4225352064689547
1.4717948730887573
1.4778768998165481
1.6666666666666667
1.960073542950146
