2.9142857274000002
1.5560625635690457
1.9554655843980397
1.7187499767578127
1.0389610384550514
1.5384615272727273
1.5343653529177124
1.7272727426948051
3.541666617083334
1.398648659233017
1.5223602386342157
1.7056855775593867
1.8574380413673932
1.4603174298941803
1.75757576
2.5277778262268527
0.3749999953125001
1.8054298938381692
2.5384615553846155
1.2080645079344434
1.958910652173913
2.137480770469873
1.519480516103896
1.8687707573398749
2.2469135328120715
1.2787644777852447
1.6249999878124999
3.2482079169065794
1.5909090713842975
2.059701543824906
1.711319421798896
1.1403508849492152
2.068027172636402
3.3529412218339107
2.7450979772895048
1.3840326411231398
2.7017543639242847
1.9367588654923529
1.818181777272728
1.3397436087820513
0.0
1.880597030877701
5.200000062400001
1.9500000045
2.261904734761905
2.3999999748
1.1056910393813209
1.53000001071
2.580645207492196
1.6265059802787059
2.359259249897119
1.9963833867841696
1.5384614994082846
4.451612926201873
1.7491039135622621
3.5454545712396692
1.928048765651993
4.3923610972019675
1.4615384176923085
4.136363732685953
1.7469730422705745
1.1815635193635305
1.7433962221388397
1.4759358526580688
1.6843971837633922
0.0
0.7042253562785161
2.812500028125
4.523809556122449
1.2631578814404434
1.5736434115846403
1.9962963427181077
1.9023986774193549
1.8734177642204781
1.6153846361538464
1.9723865769230766
