1.2095332868823894
0.735661756753125
0.938775535098397
0.7954545325284091
1.0669906971292022
1.6190476271428569
0.5936507926031745
0.8063660547836825
0.9233610516231716
1.3469962761190855
1.313052627065937
0.8869395790340048
0.9492063406530614
0.8750000187500003
1.3867694590775927
1.5542857326262856
0.8
1.2440476163876488
0.9529320918627829
0.7795698966978842
0.96250000046875
2.2727273068181826
1.051383361472333
0.7423687451526251
1.4210526548476454
1.1208791331554162
1.1388888707870373
1.083929749848394
1.962809875422615
1.4743589701429982
0.5227481376653937
0.8906250139160158
1.2983333693700005
1.459999994456
0.9272726973939397
1.477272711318182
0.9400123476733182
1.102941157941177
0.843333326924
0.8499999915
0.7402597256788668
0.8424908333333333
1.2154411893029844
0.8015037907590032
0.6418604710870742
0.5128204998027616
1.18999997648
0.5506292871085753
1.0423645243308985
0.9398496153146023
1.3181818333677686
0.5851700651554519
0.9497559670101395
1.2839506222222223
0.8620689642241379
0.6964285409598221
1.2022332274737852
0.7797271
0.8216216281168736
0.9824561364573715
1.5196078310049022
1.1333333106666668
0.9545454599147728
0.9226249508478528
0.7196969759125343
0.0
0.9268774410968385
0.943121691042769
2.955555517555556
0.8826094467950242
0.9567099353246753
0.814777318761986
0.7315321658747178
1.3866226862237263
1.1715976400755577
0.7869634463455507
