1.2300000022842859
1.1517266023978001
1.1642857175908163
1.5677297678154054
1.1344015355052437
1.1255959230196353
1.3216735236509298
1.1489361692228761
1.3167573181444714
1.3426144810138596
1.1881001360767225
1.1944444476080247
1.0279720292151204
1.1126760554433646
1.32608695768431
1.3041220422402817
1.3972602788966035
1.2537313457496102
1.1476510051601279
1.2058823495717994
1.102739726719835
1.2527777784737655
1.1503597130578127
1.1121544084019925
1.0891443208372042
1.2333507200281395
1.2424242405417814
1.1361577436950774
1.234899329893248
0.9586206905521998
1.080291969798071
1.2689966916580337
1.1597222252276236
1.1527777761959876
1.1745805608897173
1.0640713702620752
1.2120437936740902
1.3142857172979592
1.1634420513403958
1.4710864253748823
1.2883680562713158
1.1538461558678499
1.1638709692437046
1.1951303149695167
1.213378858259918
1.4236111119020063
1.192052982470067
1.148148149048011
1.1973684214785318
1.6029411747858997
1.3630573235100816
1.4312473430586161
1.533857085554762
1.1379652152529025
1.2191780870388442
1.0391627873833236
0.9987571441605733
1.307613171559785
1.2988013734213737
1.0123456778573203
1.1893939398645546
1.2454515921794311
1.0053155019473976
1.3533834574877042
1.2708333357060184
1.301480260760431
1.1440892995728473
1.076963484178827
1.1189514270384355
1.2333507200281395
1.3150684941508726
1.2753623162570888
0.9568746834434922
0.9769489742786299
1.1586206928142686
1.1346424756246882
