1.5082142885152552
1.184659835504511
1.5319148884200995
1.2947005915876044
1.142308977606548
1.2865038302199936
1.2118590602437298
1.1836734675662919
1.276125887138942
1.2589427071360215
1.1050252129210842
1.2094594590476626
1.45637583763344
1.4827586234197385
1.1470588176773358
1.1323360153105813
1.0071428618704081
1.2808219185775942
1.3862068976047561
1.4160583927625339
1.42176870619279
1.039041098737099
1.6086805564492672
1.1559408069335013
1.1766875086173212
1.067816679226895
1.3525179884550487
1.2433507341919532
1.0797101440233146
1.3309859139476297
1.431506854469882
1.1440892995728473
1.4748201449459137
1.1764705836245675
1.6960683771542338
1.3282549667283547
1.2867021240093557
1.3669064753718752
1.1265200010145806
1.044628368692732
1.1935855241170792
1.0472972952383126
1.359548611866416
1.2485596740978877
1.3216735236509298
1.0277777790432099
1.2158273391480772
1.4820143884043266
1.035460987133444
1.4680850999486945
1.3913043444675488
1.4304884603925412
1.2075837793855126
1.2217965127809045
1.082191784745731
1.3309159943603268
1.5149788482433684
1.1325617280241318
1.3467153263045446
1.3117718645434842
1.3071428612846938
1.5949906730899213
1.3201534862701667
1.0839160819110958
1.2394366156516565
1.1496621613853635
1.2235544882183844
1.4878413754729676
1.1517253361691107
1.2162208516479003
1.179856115956731
1.1857142856306122
1.261867501951773
1.1000823066801209
1.776223777747567
1.3400834907482615
