2.2334310544500995
1.1916771904781591
1.3426202711986344
1.3846153633136098
1.2062937068988704
1.4571428421551018
1.452631608382272
1.1584668310324582
1.259469698918876
1.0708955296391178
1.608903036499807
0.9419913452621453
1.2428571333061225
1.8666667018666672
1.6941877871805233
1.9615384479585798
1.3302752300900598
1.589861772076706
1.824561402748538
1.2777777961111112
1.5686274666666666
1.3421052663365651
1.6521739345935733
1.3010869466221644
1.1078717231689175
2.04615388883077
1.6070742216379827
2.1838235318382355
1.1846153786011833
1.4775219316450796
1.2418831239957202
1.0733333144426669
1.5306998426399292
2.167487639069136
1.909090874380166
1.3786213709512305
2.425531937342689
1.5340908933238637
1.0834102778498647
1.0185185333333333
0.7000000270000003
1.1368421165418283
1.462365554131114
1.0674418666711736
1.6044142337997704
1.5454545623140499
2.5934066
0.8111538353879291
0.8571428693877553
0.42857142428571426
2.318840516194078
1.220794837177056
0.8596491271052632
2.25
1.7856423022284806
1.1463601545504032
0.9876543111111111
1.446281
1.5435203006107248
1.222222222222222
1.474499389812232
1.4736842035457063
1.2310344916854934
1.3200000234080003
1.2000000104000001
1.0
1.2951806952387868
1.4730639614104006
1.5098039117993078
2.5787879275757586
1.9658925963636114
2.0512820384615384
1.7287233996576503
2.0407340472266378
1.1398467505664553
1.3795833191204168
