2.2853880920197667
1.1904761785714284
1.8571428332653062
1.0065359411995387
0.9659090879261364
1.068750016699219
0.4452054886001128
1.5599999781600005
1.10159649202618
1.6666666785714284
2.5430359961758024
1.2348024382053127
1.0204081860058312
1.8071428695346938
2.8012820001282064
1.5454545061157035
0.0
2.1388889111689813
1.425438605681556
2.2307692771005927
0.9562499853574222
1.159420304347826
3.4477611945444417
0.8857809110659042
4.249999957500001
4.871794821827746
1.8072288938888086
2.678571379017858
1.1445652265975899
1.8281250234228519
2.380952363636364
4.285714346938776
1.172576835061952
2.130177504517524
1.2380952659523816
2.9473684365650974
0.8032786783660306
0.7039999774544003
1.272727290082645
1.0623084896391641
2.6923076798816568
1.5338346174119513
1.328124990288086
1.416666690952381
1.8168498604542134
0.6580645059396464
1.5985577218524643
1.6041666335807296
2.1199235266100254
1.256613750377229
1.1245478197666006
2.3291139687165527
1.07499998725
0.8119658198772736
1.2731481666666666
0.4029629594034569
1.2666666768000001
1.0535116975934273
1.8888888511111113
1.51666666515
1.9869281116365503
1.042918980897488
0.7252747497527474
1.182272723951932
0.8969071993888833
0.6818181664772729
2.070512835601578
1.409638519060822
1.7435897315187376
1.5151515
2.054309318505274
1.0290135256553767
0.9797598640287388
1.7038835151621265
1.9404255280443643
0.0
