2.4010989235753533
1.1892697468324742
2.0863715108088514
1.8262206927098177
1.2564102398422092
1.7531249890927736
1.6843749941347659
1.7796610229819017
2.2954990637739594
2.6388889195000007
2.999999962500001
2.0493358716043337
1.6200000332640005
2.6415094720897123
1.7569444459085648
0.7647058904498268
1.2853451063179715
2.0117646993737024
1.1333333220000001
2.3414633917906014
1.75
1.071428590714286
2.7231777510613813
1.5147541217027687
1.2655086521692152
1.1692307990461543
1.5406976681314224
1.645161266441207
1.8377723488422875
1.66396104165898
2.6571428948326536
1.349685545334995
2.061818234463274
1.5497326229688582
2.948936220407425
1.3674863556629047
2.16470592475571
1.2439024089886976
1.4616075589548119
1.5462794683271799
1.7843136772087667
1.8758621051890616
3.786394527475774
0.0
1.8335053381592525
1.2278911543523532
1.5220588202205882
2.2666666553333332
1.542207787020366
1.1949685347454613
1.3936651492360927
1.7234848204782198
1.3733170133332384
1.7438811341683884
1.5682539652275131
2.7804878404818565
0.9522058832612457
2.6309524021031745
0.8933002566877452
2.9803921860822764
2.0863309449329748
2.4069767665765283
1.0075757498863638
1.4745762593148524
1.0687499938546876
0.6666666666666667
1.1513227586784245
2.0000000300000003
1.4196981337188874
0.0
1.3612194369189603
1.6537351430341611
1.709273159210998
1.734693916209913
1.5833333052083336
1.2952380882068029
