1.2917808254569336
1.6241229251972105
2.0405405395672025
1.7065255781692616
1.3473665537750839
1.5709887102898725
1.3427640603293134
1.4477611962218757
1.4462081141143865
1.5512923008282677
1.4887436399579224
1.5563380248343583
1.7669172936039348
1.6595744653629094
1.1677852356380345
1.5675535996764358
1.3263888880979937
1.5251798550540863
1.356643356723556
1.9402985108420583
1.4117646991435986
1.381851854717915
1.162583893085604
1.2105672092528295
1.3568244181149025
1.8972632322253071
1.4184397121462704
1.2287782076890124
1.6571428586489796
1.249999998614865
1.7132867134471124
1.2464936562987188
1.3503649607512387
1.1690140802777227
1.7753438663220573
1.2480974146523216
1.3977272719453273
1.3333333314351852
1.2846317612987008
1.3986892852519455
1.2573333351774223
1.2244897930723309
1.5622413818961236
1.484317652375461
1.4965110039870244
2.0208333357060186
1.3214285733112245
1.4014598489903562
1.2642857193479593
1.4545454561093452
1.6267605602082922
1.2975134735816676
1.2931422903321803
1.2705278015854473
1.2569444433371915
1.5464667085433454
1.2818189924329633
1.3408552060233443
1.3403846146347498
1.6459225614425859
1.3428571472081632
1.231435417222181
1.599930934209829
1.2499999968939393
1.4967320266692297
1.5580000022850669
1.3238366591195319
1.141436736969706
1.0246673189030784
1.3849451336860807
1.24460431888101
1.3357664229644626
1.2505446563587723
1.3175381255833494
1.439393936758494
1.198286721009833
