1.717567566407049
1.0902184241453323
1.1842105234764542
1.3044991303239593
1.878167637066533
1.379413724169501
1.2984433732035754
1.3426573392488628
1.307613171559785
1.3729071549942662
1.5980599666821114
1.23287671502158
1.6170212691715709
1.3013698661681368
1.2518518545964334
0.0
1.1958041930373124
1.7769784173935095
1.1643835638750235
1.2056737544519893
1.2097902105120053
0.0
1.7132142888959694
1.317436159910784
1.5149286349931101
1.2134739619941728
1.6453900646939288
1.3404853149083893
1.3680555538155865
1.34782608463138
1.166666667577778
1.4539729899814655
1.5633802772168222
1.4000000011714286
1.3297673669225933
1.3901930090588286
1.449642859835051
1.2042253479646896
1.256457401116433
1.6857886672743583
1.5591549269422735
1.635135132814098
2.05000000515894
1.37913758853081
1.3331594509862095
1.4832214764361964
1.317567566407049
1.395683455104808
1.3971631140506011
1.514705876944204
1.471830984695497
1.707902913986022
1.0783682199659268
1.9055918627637876
1.3286713275084356
1.4362654358657985
1.3153104396396476
1.307613171559785
1.3621710501223163
1.2794924559886072
1.2028985478827976
1.1361577436950774
1.3883597907212395
1.3000000052714287
1.4228187905058332
1.5936643879278476
1.337995335335387
1.3569739894837616
1.2010849923734437
1.397322204539737
1.160839157951978
1.1830985908172982
1.2598079562425648
1.1107681739504267
1.5467625913286063
1.5755520742385036
