0.0
0.7137254822901961
1.3475177227553945
1.4087685485479513
1.623931615289649
1.8000000330000003
1.167157880458611
1.0491228055050785
1.9695122012254613
2.4782608631001892
1.2867762137666139
1.2302631626759868
1.0294871495463516
2.0554699175910796
1.2600000090720003
1.7980769547633138
1.261420534325234
1.5794871935446155
1.6846846942878015
1.8071428646726189
1.6655844309784533
1.6545454363454546
1.77777776
0.7810867209689962
2.900892846569866
1.8133332946488898
1.0405594468027974
1.7460317333333333
2.1459566127567897
1.0697139584780393
2.190809224898738
0.8492307561656807
1.7433962221388397
1.3404255547306476
2.4007936133267203
1.0826210761253563
1.2266666917772553
1.7656565380202025
2.540983632800323
0.9098510286727906
1.0714285499999998
0.944642852984375
1.1515151550045915
3.555555533333334
1.4944769259259258
1.8506493114100195
1.3406593178360107
0.6326290880858627
1.479999976064
1.4039408816969594
0.9595202608695652
1.2174773709857944
0.9983424745894223
1.1789473673157895
1.5299877380233984
1.1399999772000005
1.2620773295053564
1.8333333074509808
0.9575551865490991
1.6545454665785124
0.518176031493429
1.459968608387531
0.819178093111278
1.498576864812083
1.2000000083999998
1.2064515942226852
1.08924561619727
1.3212222234253777
0.57142856
1.5340908933238637
1.3807160542246517
0.6380208287190755
1.5880810364243148
1.5679442752188326
0.9379509662315803
1.0158668817877219
