1.2992957724518945
1.2470925013418437
1.2432432429437545
1.1625647145323417
1.0730864197071934
1.4807470995911902
1.1628294942143043
1.1678321695564575
1.2176465502278901
1.2262215245472314
1.2207697871772607
1.2657342632079809
1.1689189194804601
1.0979020993857889
1.0212765922800664
1.2412144798650548
1.1180555538155865
1.151079136223798
1.2281879215683977
1.2027972046417916
1.2781457004350687
1.2779220782540057
1.5887500029505357
1.0188769449275832
1.198286721009833
1.2530432551031925
1.1301369883017451
1.1718247943063693
1.04635761945441
1.2302158260649034
1.3125000014236112
1.107465408231194
1.1478873231303315
1.0
1.2276716572728879
1.3189010600243927
1.2140070887545897
1.0743243234632944
1.1200420270353417
1.2882664455652015
1.2947368397202215
1.2400000002186669
1.162583893085604
1.1774800783617585
1.272663143934946
1.1095890463276412
1.1315789476523546
1.4888888906436215
1.0855263127371884
1.3000000052714287
1.1007194261156255
1.425838980688723
1.1944222420103756
1.1129098242576538
1.034965035085334
1.508462109491494
1.1703003212190062
1.1926264195688396
1.2014900692487829
1.378513260912019
1.182539678872512
1.0948331095300243
1.298595151114916
1.1619718278952589
1.1140939580325209
1.6270979011876374
1.1006711413828205
1.1043771060954533
1.2072897011140717
1.3167573181444714
1.2647058814662628
1.2733812986139434
1.2476091109899565
1.306983602215209
1.3082706765990164
1.2776500663905932
