1.1924836591954378
1.4725028023930054
1.1768707475783238
1.6965517269460166
1.3619326798287286
1.1323360195148924
1.739332175599731
1.1862069009978595
1.8700274374277932
1.4686141535741732
1.2931422903321803
1.2214765132435477
1.300699298293315
1.2907801410190634
1.3000000052714287
1.253929146947891
1.2167832163822192
1.156028366649565
1.3239436615651656
1.3972602788966035
1.1156462565301495
1.4015306097660003
1.0250000005694444
1.1569664912915092
1.2654320989236112
1.2995359381573448
1.3262411281525073
1.2235544882183844
1.3333333313947988
1.0993377489917107
1.4444444476080247
1.251371740417429
1.0563380248343583
1.314685315768008
1.1423931642088434
1.2121507448723539
1.123965519101736
1.2483660106548764
1.2411635395648315
1.3436795579278893
1.2259803911953095
1.510948900347381
1.498076922238838
1.1696696682637369
1.3079210605274258
1.448051951025468
1.2275862104456599
1.314685315768008
1.3561643893319573
1.3750000028472222
1.598639453771114
1.2213460813178658
1.3713335037692667
1.2955192952192898
1.3448275881569558
1.2161295512249688
1.2975134735816676
1.8444106272449607
1.245134228689316
1.2958024708338436
1.1818181812968849
1.293975678257451
1.411580589726906
1.3691275184036755
1.1360544220722848
1.382401313242945
1.243738979309801
1.0816844294018753
1.228778847743118
1.3497942392221078
1.2573529354573962
1.4275362286546944
1.1232876743103772
1.0123456841434129
1.23287671502158
1.1599794261999885
