1.834920667421517
1.2159440620764146
1.3293233122216068
2.2399999680800002
1.7289880238583777
0.8627450989273356
0.9611940286108265
1.4393939239337823
1.2391304129631382
1.0
1.2060324192964633
1.9140624785693363
1.0937499988281252
1.3267662801218583
0.6652661182869227
0.9545454473863636
0.7953488318453218
1.2000000120000003
1.6091953640110983
1.292397678608803
1.035439137408268
1.8716577366553233
1.8770833287291666
1.7592592343364197
2.5069767102044356
1.0717948832923079
0.7714285692244899
1.1499999649000006
1.818011288335698
0.9473452140747728
1.5434962388975113
1.1789215572630718
1.1219511992861395
2.069716812448204
1.0227272913223144
0.9865047556225588
0.9247388232302549
0.7402597180519485
1.4295739052984844
1.4776119454444196
1.5964912028624192
1.5748552323893383
3.142857166428572
0.83999999328
1.5833332858333342
3.0434782628544426
1.6318680995097217
1.3109869573675395
1.0956522028525524
1.2986532265628512
1.3125000206250002
2.115384624903846
1.6984615123313613
2.087367220917678
0.8810692973662524
1.3162393329914535
1.590909055113637
2.1666666991666674
3.4199999316000014
2.1132075538981847
0.9933450711755186
0.9571604501223987
0.6470588216262976
1.166568940213225
1.3737373533394552
1.123123154029706
1.6226708168174455
1.2162896260739955
2.47252745
1.2781913227877812
0.7456381843465459
2.5499999915999996
1.3257831902669508
1.242406030787884
1.3025209974851706
0.8929213167216543
