1.163513512727356
1.2975134735816676
1.4244604348377412
1.3078751633830905
1.2365079381535147
1.3010230679480086
1.1810699571839278
1.1079136695740386
1.223251030540695
1.2162208516479003
1.108407674862411
1.2428571454510204
1.285714287387755
1.160839157951978
0.9861111133256173
1.2121315125686436
1.1773049589296312
1.172661872498318
1.1780821974741977
1.2463768136609956
1.1223021564908648
1.1581168834176925
1.5086267580135886
1.2365564673435798
1.2533803621368784
1.2349181296881755
1.1891891864937911
1.10875955069199
1.2142857155408164
1.1180555538155865
1.067567567792184
1.2357599025971198
1.1319444461844137
1.0337837838960922
1.1910094089446752
1.154929575512795
1.3130718943949764
1.2499999973026314
1.2162714310908425
1.154929575512795
1.2062925148732242
1.1702127615029425
1.5411347474010362
1.078947366433518
1.337478594932516
1.1079136695740386
1.1904761875542598
1.24460431888101
1.1338028125907558
1.2244897930723309
1.0753424707543628
1.2162208516479003
1.0831390831702719
1.1559893201648723
1.1079136695740386
1.56576131869645
1.0875875852110894
1.151295086025128
1.2343309838293
1.2492776439736804
1.0500000038071429
1.2540998745559104
1.251371740417429
1.2428571454510204
1.1096774231092612
1.2992957724518945
1.2891020554597854
1.190575552917337
1.219097781296281
1.1670096050927832
1.2517985623394234
1.139860140341337
1.274805671236634
1.0192795536144645
1.2877697855307695
1.3733920402106898
