0.0
1.8104448413399732
0.0
0.6349206222222222
0.0
0.0
2.1111111462962966
2.11111112
2.0458220702588625
0.7285714429346938
0.0
1.4385216975635684
3.877550972927947
1.8613636549470556
2.4096385372332705
2.2950000745875023
0.9066666473244449
1.1257053325143769
1.9230769199704143
1.5984556158802046
0.7311827990010406
0.0
0.0
2.166666673888889
1.8367347262390674
2.3333333100000004
1.8234234031563186
0.0
2.3859649286057247
2.409523838093878
2.2831050723713022
2.1230768904142017
2.533333391600001
2.916666624666667
0.0
1.3939393544444452
0.0
3.0147783758026168
1.3381668461130962
0.0
0.0
1.378787875027548
0.0
1.6190476259863946
0.0
2.2647058903460207
2.0164383711840874
0.0
1.5937499596582037
3.800000068400001
2.166666673888889
0.0
1.8235294140632725
3.1379310214982166
2.4305555598090276
0.0
0.315911744492224
1.6964285700148807
2.3425926062577163
0.0
3.202531690972601
0.984126966787604
1.0674418666711736
1.4504504655709765
0.8524258665858467
2.035714251785715
1.6666666499999998
2.7500000412500003
2.876923072698225
0.0
1.3939394
0.7126760590482047
1.526530619572245
1.6874999789062501
1.0726072526549684
0.0
