2.6782608411814746
1.575757571460055
0.0
1.1666666375000005
1.454081615204082
2.4347825837429116
1.228070169621422
1.8072288938888086
1.0945273596198115
2.3030303480440777
3.571428571428571
1.225994527080264
0.0
3.3333333333333335
2.3333333461666665
1.3890756449176964
1.3088942073429992
1.9431818296642562
2.432432399561724
1.7386363596849175
2.464864838134405
2.156862749538639
2.6388889475308654
0.0
1.3783783381446317
0.9272727323305785
2.66666668
1.1728394792409695
1.187301585206349
0.0
0.9696969818181818
0.0
0.0
3.1446327679255006
4.550000113750003
1.79245282004272
0.0
1.2954545401549584
0.5277777944907409
1.4895470618696356
1.1886792564969741
1.190883157016583
1.8777120427006526
1.7399267360007515
0.8571428785714288
1.7906976194483517
1.4074074191358024
1.5697674602596
2.488095170238097
1.5299999912025002
1.5545454637314051
1.3731092638714784
1.535087704012004
2.181034500432521
1.3730769366115385
0.0
2.5384614769526643
1.2222222
3.896103845505145
1.8333333608333338
1.0668168189998781
2.330263133978878
0.0
1.292517012803693
0.0
1.2962962689300415
1.6682926959476505
1.2409090999338843
1.1864406701235277
1.4084506703035116
1.9999999625000007
2.3030303480440777
1.4876033350864015
2.337662307303087
1.6220614908444162
4.28048787117341
