1.3498239413805793
1.3946300631358712
1.4625850316988294
1.4903978056891098
1.2217965127809045
1.1986933432241205
1.0262134287019546
1.2260274010302121
1.2955192952192898
1.0474965696097203
1.04876099327249
1.2361111133256173
1.4609929025220059
1.1292516965060853
0.9926470539911332
1.36320675519937
1.3750000028472222
1.1347517685538957
1.1898734183127702
1.3805970155647138
1.2907801410190634
1.2559859133701645
1.2777397295280541
1.4411865591339925
1.2927927900724374
1.2342296644773416
0.9589041104353537
1.1185357823113085
1.2500000014642858
1.249999998614865
1.0689655176313912
1.102618539421748
1.4615384619795588
1.1360544220722848
1.2986425312690386
1.2654321027786597
1.4883561684612499
1.2733812986139434
1.2387914227180157
1.2725854004728367
1.3033112615580018
1.3586206894211652
1.4798013282273146
1.1306717975664082
1.033884947137915
1.3098591510255901
1.139072852932766
1.4347826102457466
1.6965517269460166
1.1971830955822258
1.2000000035142857
1.2836278542873507
1.3025986361943505
1.4501167821282996
1.0073529399794552
2.114218524968049
1.1440892995728473
1.226882515140499
1.3598333353277556
1.1371554244853572
1.0567375852291132
1.37105083884418
1.4087887393517264
1.410447763203386
1.3694267492303949
1.973299316237702
1.2654320982030178
1.1487610497907488
1.1640144674474555
1.2569392678887004
1.2517985623394234
1.3407407415956105
1.3755536643114556
0.8998628242499238
1.4999999946052631
1.3928245938494594
