1.1305785382629605
0.9935065061511216
1.391304341020794
2.15873016798186
1.1822660112790895
2.082644640721262
1.0931174268058812
1.0714285714285714
1.1878787904242425
1.085526330072715
1.0595611230461572
0.9570621122968503
1.6676082983657314
1.2439024089886976
1.6302631775277008
2.035714251785715
0.8653846136538461
0.8805890291152402
1.050322591503226
1.1829836776104237
1.3722879373494163
1.1249999859375002
1.3500522826216992
1.7538461426653846
1.1568047181747838
1.1000000109999999
1.0249750512723643
1.0888888686666671
1.3492063333333335
1.1948529583333334
1.0984594160090217
1.4728681989003065
1.2015580762862335
2.4444444444444446
1.6999999460000013
1.4525691719453515
1.4052197915521978
0.8846153799556213
1.0851308857380826
1.2436647424366474
1.316883133380334
1.492537320784139
1.4817290529749363
1.098437505288086
1.3487133936892235
1.2971175393029044
2.342948689070513
1.1715976228129268
1.8525641014743592
1.3982684123685838
1.2476060099580057
1.6498132368467566
1.5931034551426873
1.4130435049243861
2.051281998816569
1.496710579636103
0.9152668179083948
1.5545454273409092
1.8904109848001505
1.8044337573720273
1.4918919031818847
0.8346078694675714
0.71014492
1.0272124573744348
1.714285705714286
0.8578431246446079
0.9773205488396619
1.37795031817182
1.4423076899778107
1.5686274537485583
2.544642835230655
1.0547944967066996
1.3092014494932773
1.5471428401039287
1.6057774015205775
0.9638095309417142
