1.8536585325163593
1.4639905724130866
4.247190929155411
0.4999999825000003
4.418604640886966
1.4424242674325074
0.8444444275555559
1.6170212834766864
2.372448924940781
0.0
1.748847921660101
1.7334863003679815
1.222222222222222
1.6666666291666672
1.4090090279600684
3.1929824536195754
0.9875097633114499
1.5400000221760004
0.0
1.3880341875596465
0.0
2.2510822285714287
1.7647059295847753
0.0
2.05333332336
2.2569875710881377
1.6064256673924617
3.6821705193437895
1.5548172402217422
2.2222222333333335
2.1666667100000008
1.3514124089223407
1.1875000206250002
0.0
0.0
1.672794108237592
0.0
1.4166666383333335
2.25806449099896
1.5776698875954378
0.0
2.48621556324194
2.8787878604683197
2.3629343116842336
1.621794846844182
1.3204633342032766
0.0
1.2395977598097303
2.7299999617800004
1.4354395527604606
3.3333333499999998
2.1195651886105864
1.971428546081633
1.7889610056493512
2.4503968033289243
0.0
3.104575181417404
1.9378882259303272
3.0333333434444443
2.1559999800416003
1.7329268008088443
2.3755868753719502
0.0
0.0
1.2786324593188692
1.055172434168847
0.788571423614694
1.8046874808251956
2.062500020625
2.7900000446400006
1.667464109823722
2.5871459783053528
1.0808823708088238
4.0714284900000015
1.4777778086000004
0.38249999780062505
