1.2496575376702947
1.149735450135223
1.5563380248343583
1.2189468385243116
2.4704256535556053
1.4572889612832436
1.4240329230219149
1.2972972938531775
1.6710637612905859
1.1691879664746119
1.2272957950062897
1.580882348818123
1.2720588214457178
1.1379310352627823
1.2957746462606625
1.8697292334470006
1.3061224440844093
1.5857142868020409
1.1045751626630782
1.4788732370779607
1.0551724163671818
1.77847682566769
0.9318181820602125
1.5429544502779935
1.386030327001086
1.4371061032519685
1.2027972046417916
1.4143064579600262
1.5524475497608685
1.464285717005102
1.6014492739413988
1.5474426844452507
1.2068965528941735
1.5466666674684444
0.0
1.005165918566905
1.2285460958055427
1.316901403408054
1.4113724399233436
1.606208994500978
1.756118880136437
1.3400000007653334
1.8988782095102317
1.191358025
1.5396090522442274
1.393333336576889
2.0820895514167965
1.432624106999648
1.5600000041546669
1.4492753615437934
1.5228758133153915
1.3451716602607444
1.3700918946255363
1.3277867226111073
1.726618707285337
1.7666424600523065
1.0058562875776171
1.7303213318288757
1.7697841739350963
2.038371706055154
1.1438848927653846
0.0
1.3277867226111073
1.1785714296173468
1.3263888880979937
0.0
1.4501167821282996
1.2324208236670635
1.0307665252948703
1.0891443208372042
1.2173913051228733
1.400000004524138
1.0402724564804509
1.203487868277769
1.6214285727255102
1.434156380241198
