0 451 0 239 493 0 2433 0 0 0 0 738 0 0 0 2 0 0 10 0 0 0 0 0 0 0 0 114 10 4 0 106 0 861 0 10 178 0 13 0 0 136 0 448 292 0 0 599 8 0 0 0 27 0 0 1 0 0 6 0 1 0 0 0 0 5 0 0 0 4 0 0 0 0 0 2 0 11 0 0 0 0 1 
451 0 0 0 4 0 0 0 0 0 0 0 0 0 4 0 0 227 439 15 0 0 0 1 40 1 0 0 686 274 0 374 0 1062 200 180 3700 256 0 7 0 0 0 0 0 0 0 3 0 0 0 0 0 0 0 117 0 0 63 104 84 0 0 6 0 324 0 0 13 584 2 0 0 0 0 391 0 476 3 0 19 0 69 
0 0 0 179 0 0 0 0 0 0 0 161 0 0 0 0 0 0 0 0 0 0 0 0 0 0 0 0 0 0 0 0 0 0 0 0 0 0 0 0 0 0 0 192 0 0 0 50 254 0 0 0 1 0 0 0 0 0 0 0 0 0 0 0 0 0 0 0 0 0 0 0 0 0 0 0 0 0 0 0 0 0 0 
239 0 179 0 0 0 60 13 0 0 0 153 0 0 0 0 0 0 0 0 0 0 0 0 0 0 0 0 0 0 0 0 0 0 0 0 0 0 3 0 0 48 0 0 15 0 0 8 0 0 0 0 1 0 0 0 0 0 0 0 0 0 0 0 0 0 0 0 0 0 0 0 0 0 0 0 0 0 0 0 0 0 0 
493 4 0 0 0 108 27 0 0 0 0 0 0 0 0 58 0 20 446 0 0 0 0 0 0 0 0 0 16 7 0 31 0 4276 209 236 5173 65 0 0 0 0 0 0 0 0 0 0 0 0 0 0 0 0 0 1 0 0 7 1 1 0 0 0 0 28 0 0 0 23 0 0 0 0 0 16 0 27 0 0 0 0 332 
0 0 0 0 108 0 239 132 419 1417 0 0 0 0 0 29 0 0 12 0 0 0 0 0 0 0 0 0 0 0 0 0 0 837 0 0 193 0 0 0 0 0 0 0 0 0 0 0 0 0 0 0 0 0 0 0 0 0 0 0 0 0 0 0 0 0 0 0 0 0 0 0 0 0 0 0 0 0 0 0 0 0 0 
2433 0 0 60 27 239 0 3921 1028 179 0 1676 642 0 0 1 0 0 0 0 0 0 0 0 1 0 0 616 789 316 0 360 0 1994 2240 15721 7853 501 55 0 0 135 0 3521 372 0 0 3295 3831 0 0 0 205 189 0 0 0 0 0 0 0 0 0 0 0 0 0 0 0 7 0 0 0 0 0 0 2 0 0 0 0 0 1259 
0 0 0 13 0 132 3921 0 1634 2191 478 3062 21888 3559 0 144 0 6 0 0 0 0 0 0 0 0 0 0 0 0 0 0 0 1016 12185 4598 10155 69 0 0 0 0 0 149 0 0 0 52 14326 0 810 0 74 1455 444 0 1 0 0 0 0 0 0 0 0 0 0 0 0 0 0 0 0 0 0 0 1 0 0 0 0 0 435 
0 0 0 0 0 419 1028 1634 0 834 0 0 0 0 0 1 0 0 0 0 0 0 0 0 0 0 0 0 0 0 0 0 0 413 0 0 2335 0 0 0 0 0 0 0 0 0 0 0 0 0 0 0 0 0 0 0 0 0 0 0 0 0 0 0 0 0 0 0 0 0 0 0 0 0 0 0 0 0 0 0 0 0 0 
0 0 0 0 0 1417 179 2191 834 0 620 0 0 4329 0 3065 2195 166 1961 0 0 0 50 0 0 0 0 0 129 831 0 0 0 2587 16828 1186 14021 12 0 0 0 0 0 0 0 0 0 0 18 0 5635 8 0 0 1198 0 119 0 40 0 2 0 0 0 0 0 0 0 0 0 0 0 0 0 0 0 0 0 0 0 0 0 663 
0 0 0 0 0 0 0 478 0 620 0 0 79 2811 1 50 0 135 0 227 0 0 0 0 0 0 0 0 0 0 0 0 0 0 0 0 0 0 0 0 0 0 0 0 0 0 0 0 0 0 20 0 0 0 18 49 0 0 15 0 0 0 0 0 0 0 0 0 0 0 0 0 0 0 0 0 0 0 0 0 0 0 0 
738 0 161 153 0 0 1676 3062 0 0 0 0 0 0 0 0 0 0 0 0 0 0 0 0 0 0 0 0 0 0 0 0 0 0 0 0 0 0 1 0 0 12 0 2 4 0 0 0 25 0 0 0 0 0 0 0 0 0 0 0 0 0 0 0 0 0 0 0 0 0 0 0 0 0 0 0 0 0 0 0 0 0 0 
0 0 0 0 0 0 642 21888 0 0 79 0 0 358 0 0 0 0 0 0 0 0 0 0 0 0 0 0 0 0 0 0 0 0 12 0 1 0 0 0 0 0 0 0 0 0 0 0 301 0 0 0 0 0 0 0 0 0 0 0 0 0 0 0 0 0 0 0 0 0 0 0 0 0 0 0 0 0 0 0 0 0 0 
0 0 0 0 0 0 0 3559 0 4329 2811 0 358 0 606 3541 0 1776 0 4521 0 0 0 0 0 0 0 0 0 0 0 0 0 0 0 0 0 0 0 0 0 0 0 0 0 0 0 0 1 0 5 0 0 0 2 0 0 0 53 0 1 0 0 0 0 0 0 0 0 0 0 0 0 0 0 0 0 0 0 0 0 0 0 
0 4 0 0 0 0 0 0 0 0 1 0 0 606 0 0 0 48 0 7043 335 0 0 4 0 47 0 0 0 0 0 0 0 0 1 0 37 0 0 0 0 0 0 0 0 0 0 0 0 0 0 0 0 0 0 4 0 0 986 8 221 13 24 0 118 0 0 0 0 0 0 0 0 0 0 0 0 3 0 0 6 0 0 
2 0 0 0 58 29 1 144 1 3065 50 0 0 3541 0 0 5064 27 687 0 0 0 85 0 0 0 0 0 571 152 0 0 0 4151 4536 143 13528 0 0 0 0 0 0 0 0 0 0 0 1 0 22 0 0 0 662 9 58 0 549 0 1 0 0 0 0 0 0 0 0 0 0 0 0 0 0 0 0 0 0 0 0 0 1417 
0 0 0 0 0 0 0 0 0 2195 0 0 0 0 0 5064 0 326 405 0 0 0 37 0 0 0 0 0 3203 2964 782 302 196 2361 0 0 299 0 0 0 0 0 0 0 0 0 0 0 0 0 0 0 0 0 0 0 0 0 0 0 0 0 0 0 0 0 0 0 0 0 0 0 0 0 0 0 0 0 0 0 0 0 0 
0 227 0 0 20 0 0 6 0 166 135 0 0 1776 48 27 326 0 3440 118 1727 2055 2928 90 4950 3 0 0 2127 1723 14 1454 15 1068 4354 190 7204 22 0 7 156 0 0 0 0 0 0 21 0 0 0 0 0 0 159 279 7 0 7945 109 3 0 0 1616 0 521 0 0 5 115 11 0 7 0 15 870 254 666 0 0 0 0 1743 
10 439 0 0 446 12 0 0 0 1961 0 0 0 0 0 687 405 3440 0 0 0 0 2059 0 875 0 0 0 1189 2968 661 4071 63 3376 0 0 7095 0 0 0 4 0 0 0 0 0 0 0 0 0 0 0 0 0 0 0 0 0 0 0 0 0 0 0 0 0 0 0 0 0 0 0 0 0 0 0 0 0 0 0 0 0 0 
0 15 0 0 0 0 0 0 0 0 227 0 0 4521 7043 0 0 118 0 0 708 173 157 42 276 183 0 0 373 14 9 18 0 71 560 0 1890 1 0 3 38 0 0 0 0 0 0 21 0 0 0 0 0 0 27 1212 0 0 15996 270 451 151 1076 2185 44 17 0 0 1 19 2 0 0 0 0 47 0 339 0 0 27 0 35 
0 0 0 0 0 0 0 0 0 0 0 0 0 0 335 0 0 1727 0 708 0 1192 142 917 98 5 0 0 1238 26 1 2 0 0 0 0 0 0 0 0 0 0 0 0 0 0 0 0 0 0 0 0 0 0 0 57 0 0 10 0 27 21 107 139 34 3 0 0 0 2 0 0 0 0 0 0 0 0 0 0 0 0 0 
0 0 0 0 0 0 0 0 0 0 0 0 0 0 0 0 0 2055 0 173 1192 0 531 136 660 1 0 0 290 2 2 0 0 0 0 0 0 0 0 0 0 0 0 0 0 0 0 0 0 0 0 0 0 0 0 0 0 0 0 0 0 0 0 0 0 0 0 0 0 0 0 0 0 0 0 0 0 0 0 0 0 0 0 
0 0 0 0 0 0 0 0 0 50 0 0 0 0 0 85 37 2928 2059 157 142 531 0 173 2824 0 0 0 614 64 27 12 0 470 0 0 124 0 0 0 0 0 0 0 0 0 0 0 0 0 0 0 0 0 0 0 0 0 0 0 0 0 0 4 0 2 0 0 0 1 0 0 0 0 0 0 0 1 0 0 0 0 0 
0 1 0 0 0 0 0 0 0 0 0 0 0 0 4 0 0 90 0 42 917 136 173 0 1675 0 0 0 863 1 0 2 0 0 0 0 0 0 0 0 0 0 0 0 0 0 0 0 0 0 0 0 0 0 0 0 0 0 0 0 0 0 5 0 52 3 0 0 0 1 0 0 0 0 0 0 0 0 0 0 0 0 0 
0 40 0 0 0 0 1 0 0 0 0 0 0 0 0 0 0 4950 875 276 98 660 2824 1675 0 17 0 0 1721 261 21 169 0 0 68 0 1249 1 0 36 4 0 0 0 0 0 0 0 0 0 0 0 0 0 0 0 0 0 0 0 0 0 0 0 0 0 0 0 0 0 0 0 0 0 0 1 1 0 0 0 0 0 0 
0 1 0 0 0 0 0 0 0 0 0 0 0 0 47 0 0 3 0 183 5 1 0 0 17 0 2 0 0 0 0 0 0 0 22 1 7 0 0 53 0 0 0 0 0 0 0 0 0 0 0 0 0 0 0 0 0 0 0 0 0 0 0 0 0 0 0 0 0 0 0 0 0 0 0 2 0 0 0 0 0 0 0 
0 0 0 0 0 0 0 0 0 0 0 0 0 0 0 0 0 0 0 0 0 0 0 0 0 2 0 0 0 0 0 0 0 0 0 0 0 0 0 0 0 0 0 0 0 0 0 0 0 0 0 0 0 0 0 0 0 0 0 0 0 0 0 0 0 0 0 0 0 0 0 0 0 0 0 0 0 0 0 0 0 0 0 
114 0 0 0 0 0 616 0 0 0 0 0 0 0 0 0 0 0 0 0 0 0 0 0 0 0 0 0 0 0 0 0 0 938 0 2 110 87 5 0 20 0 0 0 0 0 0 0 0 0 0 0 0 0 0 0 0 0 0 0 0 0 0 0 0 0 0 0 0 0 0 0 0 0 0 0 0 0 0 0 0 0 0 
10 686 0 0 16 0 789 0 0 129 0 0 0 0 0 571 3203 2127 1189 373 1238 290 614 863 1721 0 0 0 0 1658 1161 26 2 1222 1 0 1648 16 0 0 0 0 0 0 0 0 0 0 0 0 0 0 0 0 0 43 0 0 1 8 4 0 0 0 0 825 0 0 1 509 0 0 2 0 0 17 0 328 0 0 3 0 0 
4 274 0 0 7 0 316 0 0 831 0 0 0 0 0 152 2964 1723 2968 14 26 2 64 1 261 0 0 0 1658 0 385 52 0 1014 0 0 82 0 0 0 0 0 0 0 0 0 0 11 0 0 0 0 0 0 0 1 0 0 2 9 5 0 0 9 0 91 0 0 6 154 2 0 2 0 0 3 0 117 0 0 2 0 0 
0 0 0 0 0 0 0 0 0 0 0 0 0 0 0 0 782 14 661 9 1 2 27 0 21 0 0 0 1161 385 0 278 0 0 0 0 0 0 0 0 0 0 0 0 0 0 0 0 0 0 0 0 0 0 0 0 0 0 0 0 0 0 0 0 0 0 0 0 0 0 0 0 0 0 0 0 0 0 0 0 0 0 0 
106 374 0 0 31 0 360 0 0 0 0 0 0 0 0 0 302 1454 4071 18 2 0 12 2 169 0 0 0 26 52 278 0 143 2298 0 0 5 0 0 0 0 0 0 0 0 0 0 11 0 0 0 0 0 0 0 3 0 0 3 5 2 0 0 5 0 497 0 0 9 504 1 0 2 0 0 11 0 308 0 0 0 0 0 
0 0 0 0 0 0 0 0 0 0 0 0 0 0 0 0 196 15 63 0 0 0 0 0 0 0 0 0 2 0 0 143 0 93 0 0 0 0 0 0 0 0 0 0 0 0 0 0 0 0 0 0 0 0 0 0 0 0 0 0 0 0 0 0 0 0 0 0 0 0 0 0 0 0 0 0 0 0 0 0 0 0 0 
861 1062 0 0 4276 837 1994 1016 413 2587 0 0 0 0 0 4151 2361 1068 3376 71 0 0 470 0 0 0 0 938 1222 1014 0 2298 93 0 1 10 8 3 17 2 0 1 0 0 0 0 0 16 0 0 0 0 1 0 0 3 0 0 3 9 7 0 0 1 0 524 0 0 23 483 3 0 4 0 1 13 0 175 0 0 2 0 0 
0 200 0 0 209 0 2240 12185 0 16828 0 0 12 0 1 4536 0 4354 0 560 0 0 0 0 68 22 0 0 1 0 0 0 0 1 0 192 111 1 0 203 61 0 0 0 0 0 0 0 1014 0 106 0 0 45 14 13 33 0 705 1 5 0 0 1 0 2 0 0 0 1 0 0 0 0 0 377 16 14 0 0 14 0 172 
10 180 0 0 236 0 15721 4598 0 1186 0 0 0 0 0 143 0 190 0 0 0 0 0 0 0 1 0 2 0 0 0 0 0 10 192 0 4 1 0 1 0 0 0 0 0 0 0 0 58 0 71 0 0 2 10 0 20 0 83 0 0 0 0 0 0 0 0 0 0 0 0 0 0 0 0 0 1 0 0 0 0 0 16 
178 3700 0 0 5173 193 7853 10155 2335 14021 0 0 1 0 37 13528 299 7204 7095 1890 0 0 124 0 1249 7 0 110 1648 82 0 5 0 8 111 4 0 0 0 16 0 0 0 0 0 0 0 0 425 0 0 0 0 0 0 586 0 0 258 36 84 0 0 0 0 56 0 0 5 45 0 0 1 0 0 117 0 147 1 0 21 0 3323 
0 256 0 0 65 0 501 69 0 12 0 0 0 0 0 0 0 22 0 1 0 0 0 0 1 0 0 87 16 0 0 0 0 3 1 1 0 0 0 0 0 0 0 0 0 0 0 0 0 0 0 0 0 0 0 0 0 0 0 0 0 0 0 0 0 0 0 0 0 0 0 0 0 0 0 0 0 0 0 0 0 0 5005 
13 0 0 3 0 0 55 0 0 0 0 1 0 0 0 0 0 0 0 0 0 0 0 0 0 0 0 5 0 0 0 0 0 17 0 0 0 0 0 0 0 48 0 0 3 0 0 0 0 0 0 0 11 0 0 0 0 0 0 0 0 0 0 0 0 0 0 0 0 0 0 0 0 0 0 0 0 0 0 0 0 0 0 
0 7 0 0 0 0 0 0 0 0 0 0 0 0 0 0 0 7 0 3 0 0 0 0 36 53 0 0 0 0 0 0 0 2 203 1 16 0 0 0 0 0 0 0 0 0 0 0 0 0 0 0 0 0 0 1 0 0 3 0 0 0 24 1 3 0 1 0 0 0 0 0 0 0 0 17 0 1 0 0 3 0 0 
0 0 0 0 0 0 0 0 0 0 0 0 0 0 0 0 0 156 4 38 0 0 0 0 4 0 0 20 0 0 0 0 0 0 61 0 0 0 0 0 0 0 0 0 0 0 0 0 0 0 0 0 0 0 0 2 0 0 0 0 0 0 0 0 0 0 0 0 0 0 0 0 0 0 0 0 0 0 0 0 0 0 0 
136 0 0 48 0 0 135 0 0 0 0 12 0 0 0 0 0 0 0 0 0 0 0 0 0 0 0 0 0 0 0 0 0 1 0 0 0 0 48 0 0 0 1675 0 648 1393 0 6129 2 0 0 0 69 0 0 0 0 0 0 0 0 0 0 0 0 2 0 35 868 0 5 0 18 0 1233 0 19 2 0 30 0 0 0 
0 0 0 0 0 0 0 0 0 0 0 0 0 0 0 0 0 0 0 0 0 0 0 0 0 0 0 0 0 0 0 0 0 0 0 0 0 0 0 0 0 1675 0 0 0 0 0 66 0 0 0 0 0 0 0 0 0 0 0 0 0 0 0 0 0 0 0 0 575 0 17 0 50 0 1701 0 0 0 0 0 0 0 0 
448 0 192 0 0 0 3521 149 0 0 0 2 0 0 0 0 0 0 0 0 0 0 0 0 0 0 0 0 0 0 0 0 0 0 0 0 0 0 0 0 0 0 0 0 575 0 0 0 0 0 0 0 29 0 0 0 0 0 0 0 0 0 0 0 0 0 0 0 0 0 0 0 0 0 0 0 131 0 3 0 0 0 0 
292 0 0 15 0 0 372 0 0 0 0 4 0 0 0 0 0 0 0 0 0 0 0 0 0 0 0 0 0 0 0 0 0 0 0 0 0 0 3 0 0 648 0 575 0 0 0 100 22 0 0 0 13 5 0 0 0 0 0 0 0 0 0 0 0 1 0 0 0 0 0 0 0 0 0 0 0 0 0 0 0 0 0 
0 0 0 0 0 0 0 0 0 0 0 0 0 0 0 0 0 0 0 0 0 0 0 0 0 0 0 0 0 0 0 0 0 0 0 0 0 0 0 0 0 1393 0 0 0 0 96 98 117 36 65 0 0 0 0 0 122 57 0 0 0 0 0 0 0 0 0 0 87 0 17 0 270 0 3172 3 0 1740 0 0 0 0 0 
0 0 0 0 0 0 0 0 0 0 0 0 0 0 0 0 0 0 0 0 0 0 0 0 0 0 0 0 0 0 0 0 0 0 0 0 0 0 0 0 0 0 0 0 0 96 0 63 586 505 1502 0 0 0 0 0 1088 1980 0 505 0 0 0 0 0 0 0 0 0 517 699 8 1 0 1604 0 0 195 0 0 0 0 0 
599 3 50 8 0 0 3295 52 0 0 0 0 0 0 0 0 0 21 0 21 0 0 0 0 0 0 0 0 0 11 0 11 0 16 0 0 0 0 0 0 0 6129 66 0 100 98 63 0 1859 1274 1520 0 20 0 0 0 396 85 13 214 3 0 0 40 0 1033 0 41 1993 195 337 0 901 0 4691 642 8103 11911 904 314 0 0 530 
8 0 254 0 0 0 3831 14326 0 18 0 25 301 1 0 1 0 0 0 0 0 0 0 0 0 0 0 0 0 0 0 0 0 0 1014 58 425 0 0 0 0 2 0 0 22 117 586 1859 0 1290 1716 104 756 14566 3139 0 33 36 0 8 0 0 0 0 0 4 0 0 31 6 41 0 284 0 1328 9709 8540 14562 310 0 0 0 3427 
0 0 0 0 0 0 0 0 0 0 0 0 0 0 0 0 0 0 0 0 0 0 0 0 0 0 0 0 0 0 0 0 0 0 0 0 0 0 0 0 0 0 0 0 0 36 505 1274 1290 0 1696 0 0 0 0 0 6 20 0 11 0 0 0 0 0 0 0 0 0 12 12 0 0 0 339 11 40 2022 0 0 0 0 0 
0 0 0 0 0 0 0 810 0 5635 20 0 0 5 0 22 0 0 0 0 0 0 0 0 0 0 0 0 0 0 0 0 0 0 106 71 0 0 0 0 0 0 0 0 0 65 1502 1520 1716 1696 0 590 0 0 7614 0 5907 2340 0 378 0 0 0 0 0 0 0 0 0 3500 2183 11 28 38 1066 21151 2779 4241 0 0 0 0 815 
0 0 0 0 0 0 0 0 0 8 0 0 0 0 0 0 0 0 0 0 0 0 0 0 0 0 0 0 0 0 0 0 0 0 0 0 0 0 0 0 0 0 0 0 0 0 0 0 104 0 590 0 0 0 1167 0 629 0 0 0 3 0 0 0 0 0 0 0 0 0 0 0 0 0 0 0 0 0 0 0 0 0 0 
27 0 1 1 0 0 205 74 0 0 0 0 0 0 0 0 0 0 0 0 0 0 0 0 0 0 0 0 0 0 0 0 0 1 0 0 0 0 11 0 0 69 0 29 13 0 0 20 756 0 0 0 0 232 0 0 0 0 0 0 0 0 0 0 0 0 0 0 0 0 0 0 0 0 0 0 0 0 0 0 0 0 0 
0 0 0 0 0 0 189 1455 0 0 0 0 0 0 0 0 0 0 0 0 0 0 0 0 0 0 0 0 0 0 0 0 0 0 45 2 0 0 0 0 0 0 0 0 5 0 0 0 14566 0 0 0 232 0 47 0 0 0 0 0 0 0 0 0 0 0 0 0 0 0 0 0 0 0 0 0 0 0 0 0 0 0 0 
0 0 0 0 0 0 0 444 0 1198 18 0 0 2 0 662 0 159 0 27 0 0 0 0 0 0 0 0 0 0 0 0 0 0 14 10 0 0 0 0 0 0 0 0 0 0 0 0 3139 0 7614 1167 0 47 0 1019 1459 0 3490 0 5906 0 0 0 0 0 0 0 0 0 0 0 0 0 0 0 0 0 0 0 0 0 0 
1 117 0 0 1 0 0 0 0 0 49 0 0 0 4 9 0 279 0 1212 57 0 0 0 0 0 0 0 43 1 0 3 0 3 13 0 586 0 0 1 2 0 0 0 0 0 0 0 0 0 0 0 0 0 1019 0 0 0 2138 356 3790 226 515 719 54 8 5 0 0 19 0 0 0 0 0 98 0 162 22 0 41 0 0 
0 0 0 0 0 0 0 1 0 119 0 0 0 0 0 58 0 7 0 0 0 0 0 0 0 0 0 0 0 0 0 0 0 0 33 20 0 0 0 0 0 0 0 0 0 122 1088 396 33 6 5907 629 0 0 1459 0 0 2476 187 439 0 0 0 0 0 0 0 0 0 471 436 33 2 4 214 6210 732 12095 0 0 0 0 73 
0 0 0 0 0 0 0 0 0 0 0 0 0 0 0 0 0 0 0 0 0 0 0 0 0 0 0 0 0 0 0 0 0 0 0 0 0 0 0 0 0 0 0 0 0 57 1980 85 36 20 2340 0 0 0 0 0 2476 0 65 557 0 0 0 0 0 0 0 0 0 2114 1592 1425 1169 0 519 0 0 1828 0 0 0 0 1 
6 63 0 0 7 0 0 0 0 40 15 0 0 53 986 549 0 7945 0 15996 10 0 0 0 0 0 0 0 1 2 0 3 0 3 705 83 258 0 0 3 0 0 0 0 0 0 0 13 0 0 0 0 0 0 3490 2138 187 65 0 5792 1858 1150 820 1425 0 0 234 0 0 301 159 0 0 0 0 2142 522 2530 225 0 62 0 354 
0 104 0 0 1 0 0 0 0 0 0 0 0 0 8 0 0 109 0 270 0 0 0 0 0 0 0 0 8 9 0 5 0 9 1 0 36 0 0 0 0 0 0 0 0 0 505 214 8 11 378 0 0 0 0 356 439 557 5792 0 1096 0 0 4752 0 649 44 0 0 2283 1007 7 3888 0 2216 35 0 9627 456 0 127 0 2 
1 84 0 0 1 0 0 0 0 2 0 0 0 1 221 1 0 3 0 451 27 0 0 0 0 0 0 0 4 5 0 2 0 7 5 0 84 0 0 0 0 0 0 0 0 0 0 3 0 0 0 3 0 0 5906 3790 0 0 1858 1096 0 551 39 87 3 0 290 0 0 5 0 0 0 0 0 682 0 1107 628 0 103 1 56 
0 0 0 0 0 0 0 0 0 0 0 0 0 0 13 0 0 0 0 151 21 0 0 0 0 0 0 0 0 0 0 0 0 0 0 0 0 0 0 0 0 0 0 0 0 0 0 0 0 0 0 0 0 0 0 226 0 0 1150 0 551 0 1485 462 273 5 38 0 0 1 0 0 0 0 0 0 0 0 0 0 23 0 0 
0 0 0 0 0 0 0 0 0 0 0 0 0 0 24 0 0 0 0 1076 107 0 0 5 0 0 0 0 0 0 0 0 0 0 0 0 0 0 0 24 0 0 0 0 0 0 0 0 0 0 0 0 0 0 0 515 0 0 820 0 39 1485 0 1267 1082 19 224 0 0 0 0 0 0 0 0 0 0 0 0 0 68 0 0 
0 6 0 0 0 0 0 0 0 0 0 0 0 0 0 0 0 1616 0 2185 139 0 4 0 0 0 0 0 0 9 0 5 0 1 1 0 0 0 0 1 0 0 0 0 0 0 0 40 0 0 0 0 0 0 0 719 0 0 1425 4752 87 462 1267 0 332 4772 63 0 32 3226 230 0 256 0 107 10 0 652 0 0 15 0 0 
0 0 0 0 0 0 0 0 0 0 0 0 0 0 118 0 0 0 0 44 34 0 0 52 0 0 0 0 0 0 0 0 0 0 0 0 0 0 0 3 0 0 0 0 0 0 0 0 0 0 0 0 0 0 0 54 0 0 0 0 3 273 1082 332 0 62 56 0 0 1 0 0 0 0 0 0 0 0 0 0 5 0 0 
5 324 0 0 28 0 0 0 0 0 0 0 0 0 0 0 0 521 0 17 3 0 2 3 0 0 0 0 825 91 0 497 0 524 2 0 56 0 0 0 0 2 0 0 1 0 0 1033 4 0 0 0 0 0 0 8 0 0 0 649 0 5 19 4772 62 0 213 93 4 1731 1842 0 2408 0 550 96 0 2093 536 0 138 20 0 
0 0 0 0 0 0 0 0 0 0 0 0 0 0 0 0 0 0 0 0 0 0 0 0 0 0 0 0 0 0 0 0 0 0 0 0 0 0 0 1 0 0 0 0 0 0 0 0 0 0 0 0 0 0 0 5 0 0 234 44 290 38 224 63 56 213 0 0 0 0 0 0 0 0 0 0 0 0 0 0 229 0 0 
0 0 0 0 0 0 0 0 0 0 0 0 0 0 0 0 0 0 0 0 0 0 0 0 0 0 0 0 0 0 0 0 0 0 0 0 0 0 0 0 0 35 0 0 0 0 0 41 0 0 0 0 0 0 0 0 0 0 0 0 0 0 0 0 0 93 0 0 0 1 0 0 0 0 68 44 0 159 272 0 5 86 0 
0 13 0 0 0 0 0 0 0 0 0 0 0 0 0 0 0 5 0 1 0 0 0 0 0 0 0 0 1 6 0 9 0 23 0 0 5 0 0 0 0 868 575 0 0 87 0 1993 31 0 0 0 0 0 0 0 0 0 0 0 0 0 0 32 0 4 0 0 0 0 65 0 80 0 909 0 0 273 9 0 0 0 0 
4 584 0 0 23 0 7 0 0 0 0 0 0 0 0 0 0 115 0 19 2 0 1 1 0 0 0 0 509 154 0 504 0 483 1 0 45 0 0 0 0 0 0 0 0 0 517 195 6 12 3500 0 0 0 0 19 471 2114 301 2283 5 1 0 3226 1 1731 0 1 0 0 858 8 1135 127 2330 143 0 3289 2 0 3 0 42 
0 2 0 0 0 0 0 0 0 0 0 0 0 0 0 0 0 11 0 2 0 0 0 0 0 0 0 0 0 2 0 1 0 3 0 0 0 0 0 0 0 5 17 0 0 17 699 337 41 12 2183 0 0 0 0 0 436 1592 159 1007 0 0 0 230 0 1842 0 0 65 858 0 82 1213 1 2463 3 0 2189 0 0 0 0 19 
0 0 0 0 0 0 0 0 0 0 0 0 0 0 0 0 0 0 0 0 0 0 0 0 0 0 0 0 0 0 0 0 0 0 0 0 0 0 0 0 0 0 0 0 0 0 8 0 0 0 11 0 0 0 0 0 33 1425 0 7 0 0 0 0 0 0 0 0 0 8 82 0 617 0 15 0 0 115 0 0 0 0 0 
0 0 0 0 0 0 0 0 0 0 0 0 0 0 0 0 0 7 0 0 0 0 0 0 0 0 0 0 2 2 0 2 0 4 0 0 1 0 0 0 0 18 50 0 0 270 1 901 284 0 28 0 0 0 0 0 2 1169 0 3888 0 0 0 256 0 2408 0 0 80 1135 1213 617 0 13 121 0 0 125 0 0 0 0 0 
0 0 0 0 0 0 0 0 0 0 0 0 0 0 0 0 0 0 0 0 0 0 0 0 0 0 0 0 0 0 0 0 0 0 0 0 0 0 0 0 0 0 0 0 0 0 0 0 0 0 38 0 0 0 0 0 4 0 0 0 0 0 0 0 0 0 0 0 0 127 1 0 13 0 78 0 0 53 0 0 0 0 0 
0 0 0 0 0 0 0 0 0 0 0 0 0 0 0 0 0 15 0 0 0 0 0 0 0 0 0 0 0 0 0 0 0 1 0 0 0 0 0 0 0 1233 1701 0 0 3172 1604 4691 1328 339 1066 0 0 0 0 0 214 519 0 2216 0 0 0 107 0 550 0 68 909 2330 2463 15 121 78 0 5 4 303 0 0 0 0 0 
2 391 0 0 16 0 0 0 0 0 0 0 0 0 0 0 0 870 0 47 0 0 0 0 1 2 0 0 17 3 0 11 0 13 377 0 117 0 0 17 0 0 0 0 0 3 0 642 9709 11 21151 0 0 0 0 98 6210 0 2142 35 682 0 0 10 0 96 0 44 0 143 3 0 0 0 5 0 296 296 94 0 98 356 1498 
0 0 0 0 0 0 2 1 0 0 0 0 0 0 0 0 0 254 0 0 0 0 0 0 1 0 0 0 0 0 0 0 0 0 16 1 0 0 0 0 0 19 0 131 0 0 0 8103 8540 40 2779 0 0 0 0 0 732 0 522 0 0 0 0 0 0 0 0 0 0 0 0 0 0 0 4 296 0 11 0 0 0 0 948 
11 476 0 0 27 0 0 0 0 0 0 0 0 0 3 0 0 666 0 339 0 0 1 0 0 0 0 0 328 117 0 308 0 175 14 0 147 0 0 1 0 2 0 0 0 1740 195 11911 14562 2022 4241 0 0 0 0 162 12095 1828 2530 9627 1107 0 0 652 0 2093 0 159 273 3289 2189 115 125 53 303 296 11 0 1 0 0 0 4145 
0 3 0 0 0 0 0 0 0 0 0 0 0 0 0 0 0 0 0 0 0 0 0 0 0 0 0 0 0 0 0 0 0 0 0 0 1 0 0 0 0 0 0 3 0 0 0 904 310 0 0 0 0 0 0 22 0 0 225 456 628 0 0 0 0 536 0 272 9 2 0 0 0 0 0 94 0 1 0 0 1 0 3447 
0 0 0 0 0 0 0 0 0 0 0 0 0 0 0 0 0 0 0 0 0 0 0 0 0 0 0 0 0 0 0 0 0 0 0 0 0 0 0 0 0 30 0 0 0 0 0 314 0 0 0 0 0 0 0 0 0 0 0 0 0 0 0 0 0 0 0 0 0 0 0 0 0 0 0 0 0 0 0 0 0 0 0 
0 19 0 0 0 0 0 0 0 0 0 0 0 0 6 0 0 0 0 27 0 0 0 0 0 0 0 0 3 2 0 0 0 2 14 0 21 0 0 3 0 0 0 0 0 0 0 0 0 0 0 0 0 0 0 41 0 0 62 127 103 23 68 15 5 138 229 5 0 3 0 0 0 0 0 98 0 0 1 0 0 3 0 
0 0 0 0 0 0 0 0 0 0 0 0 0 0 0 0 0 0 0 0 0 0 0 0 0 0 0 0 0 0 0 0 0 0 0 0 0 0 0 0 0 0 0 0 0 0 0 0 0 0 0 0 0 0 0 0 0 0 0 0 1 0 0 0 0 20 0 86 0 0 0 0 0 0 0 356 0 0 0 0 3 0 0 
1 69 0 0 332 0 1259 435 0 663 0 0 0 0 0 1417 0 1743 0 35 0 0 0 0 0 0 0 0 0 0 0 0 0 0 172 16 3323 5005 0 0 0 0 0 0 0 0 0 530 3427 0 815 0 0 0 0 0 73 1 354 2 56 0 0 0 0 0 0 0 0 42 19 0 0 0 0 1498 948 4145 3447 0 0 0 0 
