0 635 0 956 1282 33 800 0 0 82 0 298 0 0 0 169 6 0 0 0 0 0 0 0 969 0 71 471 1979 292 0 123 0 3274 1 2747 1065 0 470 0 0 1505 0 10 1254 0 0 978 0 0 0 0 0 0 0 0 0 0 0 0 0 0 0 0 0 0 0 0 0 0 0 0 1 0 38 0 0 1 0 0 0 0 229 
635 0 0 0 215 0 773 16 94 42 0 0 0 0 0 93 0 0 0 0 0 0 0 0 0 0 0 0 0 0 0 0 0 1206 201 633 4650 7 0 0 0 0 0 0 0 0 0 0 0 0 0 0 0 0 0 0 0 0 0 0 0 0 0 0 0 0 0 0 0 0 0 0 0 0 0 0 0 0 0 0 0 0 0 
0 0 0 1012 0 0 0 0 0 0 0 39 0 0 0 0 0 0 0 0 0 0 0 0 0 0 0 0 0 0 0 0 0 0 0 3 0 0 0 0 0 0 0 3 296 0 0 406 0 0 0 0 0 0 0 0 0 0 0 0 0 0 0 0 0 0 0 0 0 0 0 0 0 0 0 0 0 0 0 0 0 0 0 
956 0 1012 0 0 0 1626 1137 0 0 0 126 0 0 0 0 0 0 0 0 0 0 0 0 6 0 18 6 7 0 0 0 0 330 0 270 5 0 194 0 0 762 0 3 1077 0 0 367 0 0 0 0 11 0 0 0 0 0 0 0 0 0 0 0 0 0 0 0 0 0 8 0 22 0 88 0 0 6 0 0 0 0 0 
1282 215 0 0 0 746 1308 12 0 2 0 0 0 0 0 0 0 0 0 0 0 0 0 0 0 0 0 0 0 0 0 0 0 3742 1451 703 4498 13 0 0 0 0 0 0 0 0 0 0 1 0 0 0 0 0 0 0 0 0 0 0 0 0 0 0 0 0 0 0 0 0 0 0 0 0 0 0 0 0 0 0 0 0 0 
33 0 0 0 746 0 530 2605 9070 706 0 0 0 0 0 0 0 0 0 0 0 0 0 0 0 0 0 0 0 0 0 0 0 521 7 0 1461 0 0 0 0 0 0 0 0 0 0 0 94 0 0 0 0 0 0 0 0 0 0 0 0 0 0 0 0 0 0 0 0 0 0 0 0 0 0 0 0 0 0 0 0 0 0 
800 773 0 1626 1308 530 0 1793 3846 291 0 2296 2403 0 0 1 9 0 0 0 0 0 0 0 0 0 0 10 44 124 0 92 0 2575 4587 22195 8825 90 0 0 0 2 0 25 505 0 0 13159 6549 0 0 0 12 20 0 0 0 0 0 0 0 0 0 0 0 0 0 0 0 0 0 0 0 0 0 2 6 0 0 0 0 0 283 
0 16 0 1137 12 2605 1793 0 150 1996 2348 4678 19512 10080 0 254 0 0 0 0 0 0 0 0 0 0 0 0 0 0 0 0 0 0 31967 3238 2901 0 0 5 0 0 0 0 0 0 0 2088 53417 0 0 2 0 158 1055 0 0 0 0 0 7 0 0 0 0 0 0 0 0 0 0 0 0 0 0 2 5 0 0 0 0 0 36 
0 94 0 0 0 9070 3846 150 0 3078 0 0 0 0 0 0 0 0 0 0 0 0 0 0 0 0 0 0 0 0 0 0 0 2 3209 0 8396 0 0 0 0 0 0 0 0 0 0 0 0 0 0 0 0 0 0 0 0 0 0 0 0 0 0 0 0 0 0 0 0 0 0 0 0 0 0 0 0 0 0 0 0 0 0 
82 42 0 0 2 706 291 1996 3078 0 1515 0 0 7323 0 1657 12 1643 0 285 0 0 0 0 0 0 0 0 0 0 0 0 0 2577 27254 1933 10375 0 0 0 0 0 0 0 0 0 0 0 1313 0 1458 1508 0 0 1756 0 175 0 0 0 2040 0 0 0 0 0 0 0 0 0 0 0 0 0 0 0 0 0 0 0 0 0 5802 
0 0 0 0 0 0 0 2348 0 1515 0 0 0 3346 0 1213 0 69 0 29 0 0 0 0 0 0 0 0 0 0 0 0 0 0 0 0 0 0 0 0 0 0 0 0 0 0 0 0 0 0 0 0 0 0 5 0 0 0 0 0 0 0 0 0 0 0 0 0 0 0 0 0 0 0 0 0 0 0 0 0 0 0 0 
298 0 39 126 0 0 2296 4678 0 0 0 0 0 0 0 0 0 0 0 0 0 0 0 0 0 0 0 0 0 0 0 0 0 87 0 9 0 0 8 0 0 47 0 0 345 0 0 168 31 0 0 0 0 0 0 0 0 0 0 0 0 0 0 0 0 0 0 0 0 0 0 0 1 0 30 0 0 0 0 0 0 0 0 
0 0 0 0 0 0 2403 19512 0 0 0 0 0 16 0 0 0 0 0 0 0 0 0 0 0 0 0 0 0 0 0 0 0 0 0 0 0 0 0 0 0 0 0 0 0 0 0 44 168 0 0 0 0 0 0 0 0 0 0 0 0 0 0 0 0 0 0 0 0 0 0 0 0 0 0 0 0 0 0 0 0 0 0 
0 0 0 0 0 0 0 10080 0 7323 3346 0 16 0 1156 59 0 1487 0 8093 0 0 0 0 0 0 0 0 0 0 0 0 0 0 0 0 0 0 0 0 0 0 0 0 0 0 0 0 290 0 0 14 0 0 0 0 0 0 0 0 2 0 0 0 0 0 0 0 0 0 0 0 0 0 0 0 0 0 0 0 0 0 0 
0 0 0 0 0 0 0 0 0 0 0 0 0 1156 0 0 0 4804 0 13822 109 62 0 2 1 0 0 0 1 0 0 0 0 0 0 0 0 0 0 0 0 0 0 0 0 0 0 0 0 0 0 0 0 0 0 9 0 0 247 21 183 0 0 0 0 0 0 0 0 0 0 0 0 0 0 0 0 0 0 0 0 0 0 
169 93 0 0 0 0 1 254 0 1657 1213 0 0 59 0 0 5423 1144 0 4 0 0 0 0 0 0 0 0 0 0 0 10 0 7073 4556 2168 5702 775 0 42 4 0 0 0 0 0 0 0 0 0 391 2 0 0 13 0 43 0 16 0 3429 0 0 0 0 0 0 0 0 0 0 0 0 0 0 0 0 0 0 0 0 0 1250 
6 0 0 0 0 0 9 0 0 12 0 0 0 0 0 5423 0 1192 4001 0 0 0 0 0 449 3 0 0 1911 5455 539 1876 34 1175 0 0 3285 778 0 652 0 0 0 0 0 0 0 0 0 0 0 0 0 0 0 0 0 0 0 0 0 0 0 0 0 0 0 0 0 0 0 0 0 0 0 0 0 0 0 0 0 0 1 
0 0 0 0 0 0 0 0 0 1643 69 0 0 1487 4804 1144 1192 0 5264 3389 27 35 2057 426 17969 218 0 0 8485 30 1 0 0 1971 0 0 1415 27 0 11798 0 0 0 0 0 0 0 0 0 0 19 0 0 0 191 379 0 0 1506 44 13075 0 0 0 0 4 0 0 0 42 0 0 0 0 0 0 0 0 0 0 0 0 3 
0 0 0 0 0 0 0 0 0 0 0 0 0 0 0 0 4001 5264 0 0 0 0 2879 0 6940 2 0 0 4683 1916 153 308 0 38 0 0 313 0 0 1964 0 0 0 0 0 0 0 0 0 0 0 0 0 0 0 8 0 0 47 0 1752 0 0 0 0 0 0 0 0 2 0 0 0 0 0 0 0 0 0 0 0 0 0 
0 0 0 0 0 0 0 0 0 285 29 0 0 8093 13822 4 0 3389 0 0 4 12 0 50 10 210 0 0 160 0 0 0 0 0 0 0 0 0 0 0 0 0 0 0 0 0 0 0 0 0 0 0 0 0 47 1535 0 0 1358 151 3633 0 0 0 0 0 0 0 0 0 0 0 0 0 0 0 0 0 0 0 0 0 0 
0 0 0 0 0 0 0 0 0 0 0 0 0 0 109 0 0 27 0 4 0 451 0 3754 147 746 0 0 282 0 0 0 0 0 0 0 0 0 0 0 0 0 0 0 0 0 0 0 0 0 0 0 0 0 0 0 0 0 0 0 0 0 0 0 0 0 0 0 0 0 0 0 0 0 0 0 0 0 0 0 0 0 0 
0 0 0 0 0 0 0 0 0 0 0 0 0 0 62 0 0 35 0 12 451 0 0 1436 1334 1015 0 0 0 0 0 0 0 0 0 0 0 0 0 20 0 0 0 0 0 0 0 0 0 0 0 0 0 0 0 0 0 0 0 0 0 0 0 0 0 0 0 0 0 0 0 0 0 0 0 0 0 0 0 0 0 0 0 
0 0 0 0 0 0 0 0 0 0 0 0 0 0 0 0 0 2057 2879 0 0 0 0 1239 16023 469 0 0 2095 0 0 0 0 0 0 0 0 0 0 0 0 0 0 0 0 0 0 0 0 0 0 0 0 0 0 0 0 0 0 0 0 0 0 0 0 0 0 0 0 0 0 0 0 0 0 0 0 0 0 0 0 0 0 
0 0 0 0 0 0 0 0 0 0 0 0 0 0 2 0 0 426 0 50 3754 1436 1239 0 2246 88 0 0 0 0 0 0 0 0 0 0 0 0 0 4 0 0 0 0 0 0 0 0 0 0 0 0 0 0 0 0 0 0 0 0 0 0 0 0 0 0 0 0 0 0 0 0 0 0 0 0 0 0 0 0 0 0 0 
969 0 0 6 0 0 0 0 0 0 0 0 0 0 1 0 449 17969 6940 10 147 1334 16023 2246 0 637 0 0 3522 783 65 233 32 2207 0 0 3111 73 28 357 144 0 0 0 0 0 0 0 0 0 0 0 0 0 0 5 0 0 530 0 2612 0 0 0 0 5 0 0 0 398 0 0 0 0 0 0 0 0 0 0 0 0 0 
0 0 0 0 0 0 0 0 0 0 0 0 0 0 0 0 3 218 2 210 746 1015 469 88 637 0 0 0 27 0 0 0 0 0 0 0 0 0 0 413 0 0 0 0 0 0 0 0 0 0 0 0 0 0 0 0 0 0 0 0 0 0 0 0 0 0 0 0 0 0 0 0 0 0 0 0 0 0 0 0 0 0 0 
71 0 0 18 0 0 0 0 0 0 0 0 0 0 0 0 0 0 0 0 0 0 0 0 0 0 0 0 0 0 0 0 0 345 0 0 611 0 8 179 0 0 0 0 0 0 0 0 0 0 0 0 0 0 0 0 0 0 0 0 0 0 0 0 0 0 0 0 0 0 0 0 0 0 0 0 0 0 0 0 0 0 0 
471 0 0 6 0 0 10 0 0 0 0 0 0 0 0 0 0 0 0 0 0 0 0 0 0 0 0 0 1 0 0 220 0 2412 0 0 61 0 12 0 0 0 0 0 0 0 0 0 0 0 0 0 0 0 0 0 0 0 0 0 0 0 0 0 0 0 0 0 0 0 0 0 0 0 0 0 0 0 0 0 0 0 0 
1979 0 0 7 0 0 44 0 0 0 0 0 0 0 1 0 1911 8485 4683 160 282 0 2095 0 3522 27 0 1 0 5466 333 348 0 567 0 0 592 0 15 0 0 0 0 0 0 0 0 0 0 0 0 0 0 0 0 12 0 0 2 0 29 0 0 0 0 0 0 0 0 29 0 0 0 0 0 0 0 0 0 0 0 0 0 
292 0 0 0 0 0 124 0 0 0 0 0 0 0 0 0 5455 30 1916 0 0 0 0 0 783 0 0 0 5466 0 1399 2588 0 224 0 0 9 0 0 0 0 0 0 0 0 0 0 0 0 0 0 0 0 0 0 0 0 0 0 0 0 0 0 0 0 0 0 0 0 0 0 0 0 0 0 0 0 0 0 0 0 0 0 
0 0 0 0 0 0 0 0 0 0 0 0 0 0 0 0 539 1 153 0 0 0 0 0 65 0 0 0 333 1399 0 1234 0 0 0 0 0 0 0 0 0 0 0 0 0 0 0 0 0 0 0 0 0 0 0 0 0 0 0 0 0 0 0 0 0 0 0 0 0 0 0 0 0 0 0 0 0 0 0 0 0 0 0 
123 0 0 0 0 0 92 0 0 0 0 0 0 0 0 10 1876 0 308 0 0 0 0 0 233 0 0 220 348 2588 1234 0 909 1946 0 0 5 0 0 189 0 0 0 0 0 0 0 0 0 0 0 0 0 0 0 0 0 0 0 0 0 0 0 0 0 0 0 0 0 0 0 0 0 0 0 0 0 0 0 0 0 0 0 
0 0 0 0 0 0 0 0 0 0 0 0 0 0 0 0 34 0 0 0 0 0 0 0 32 0 0 0 0 0 0 909 0 11 0 0 29 0 0 27 0 0 0 0 0 0 0 0 0 0 0 0 0 0 0 0 0 0 0 0 0 0 0 0 0 0 0 0 0 0 0 0 0 0 0 0 0 0 0 0 0 0 0 
3274 1206 0 330 3742 521 2575 0 2 2577 0 87 0 0 0 7073 1175 1971 38 0 0 0 0 0 2207 0 345 2412 567 224 0 1946 11 0 1 29 283 69 227 1 0 319 0 0 20 0 0 0 0 0 0 0 0 0 0 0 0 0 0 0 0 0 0 0 0 0 0 0 0 0 0 0 5 0 9 0 0 0 0 0 0 0 845 
1 201 0 0 1451 7 4587 31967 3209 27254 0 0 0 0 0 4556 0 0 0 0 0 0 0 0 0 0 0 0 0 0 0 0 0 1 0 984 712 0 0 2071 37 0 0 0 0 0 0 0 746 0 202 290 0 0 0 0 34 0 0 0 51 0 0 0 0 0 0 0 0 0 0 0 0 0 0 0 0 0 0 0 0 0 254 
2747 633 3 270 703 0 22195 3238 0 1933 0 9 0 0 0 2168 0 0 0 0 0 0 0 0 0 0 0 0 0 0 0 0 0 29 984 0 58 6 24 15 0 0 0 0 3 0 0 1 689 0 0 0 0 0 0 0 0 0 0 0 0 0 0 0 0 0 0 0 0 0 0 0 0 0 0 0 0 0 0 0 0 0 117 
1065 4650 0 5 4498 1461 8825 2901 8396 10375 0 0 0 0 0 5702 3285 1415 313 0 0 0 0 0 3111 0 611 61 592 9 0 5 29 283 712 58 0 2 0 16 0 0 0 0 1 0 0 0 102 0 0 0 0 0 0 0 0 0 0 0 0 0 0 0 0 0 0 0 0 0 0 0 0 0 0 0 0 0 0 0 0 0 3883 
0 7 0 0 13 0 90 0 0 0 0 0 0 0 0 775 778 27 0 0 0 0 0 0 73 0 0 0 0 0 0 0 0 69 0 6 2 0 0 0 0 0 0 0 0 0 0 0 0 0 0 0 0 0 0 0 0 0 0 0 0 0 0 0 0 0 0 0 0 0 0 0 0 0 0 0 0 0 0 0 0 0 7738 
470 0 0 194 0 0 0 0 0 0 0 8 0 0 0 0 0 0 0 0 0 0 0 0 28 0 8 12 15 0 0 0 0 227 0 24 0 0 0 0 0 10 0 0 0 0 0 0 0 0 0 0 1 0 0 0 0 0 0 0 0 0 0 0 0 0 0 0 0 0 0 0 0 0 25 0 0 0 0 0 0 0 4 
0 0 0 0 0 0 0 5 0 0 0 0 0 0 0 42 652 11798 1964 0 0 20 0 4 357 413 179 0 0 0 0 189 27 1 2071 15 16 0 0 0 11 0 0 0 0 0 0 0 0 0 0 0 0 0 0 0 0 0 2 0 20 0 0 0 0 0 0 0 0 0 0 0 0 0 0 0 0 0 0 0 0 0 4 
0 0 0 0 0 0 0 0 0 0 0 0 0 0 0 4 0 0 0 0 0 0 0 0 144 0 0 0 0 0 0 0 0 0 37 0 0 0 0 11 0 0 0 0 0 0 0 0 0 0 0 0 0 0 0 0 0 0 0 0 0 0 0 0 0 0 0 0 0 0 0 0 0 0 0 0 0 0 0 0 0 0 163 
1505 0 0 762 0 0 2 0 0 0 0 47 0 0 0 0 0 0 0 0 0 0 0 0 0 0 0 0 0 0 0 0 0 319 0 0 0 0 10 0 0 0 395 0 2087 69 0 853 0 0 0 0 591 0 0 0 0 0 0 0 0 0 0 0 0 0 0 0 0 0 0 0 7 0 4456 0 2451 3272 0 534 0 0 0 
0 0 0 0 0 0 0 0 0 0 0 0 0 0 0 0 0 0 0 0 0 0 0 0 0 0 0 0 0 0 0 0 0 0 0 0 0 0 0 0 0 395 0 0 0 169 0 558 0 0 0 0 0 0 0 0 0 0 0 0 0 0 0 0 0 0 0 0 0 0 0 0 0 0 44 0 0 150 0 0 0 0 0 
10 0 3 3 0 0 25 0 0 0 0 0 0 0 0 0 0 0 0 0 0 0 0 0 0 0 0 0 0 0 0 0 0 0 0 0 0 0 0 0 0 0 0 0 342 0 0 0 34 0 0 0 0 0 0 0 0 0 0 0 0 0 0 0 0 0 0 0 0 0 0 0 0 0 0 0 2 0 0 0 0 0 0 
1254 0 296 1077 0 0 505 0 0 0 0 345 0 0 0 0 0 0 0 0 0 0 0 0 0 0 0 0 0 0 0 0 0 20 0 3 1 0 0 0 0 2087 0 342 0 0 0 10 244 0 0 0 288 0 0 0 0 0 0 0 0 0 0 0 0 0 0 0 1 0 78 0 4 0 407 0 631 26 0 92 0 0 8 
0 0 0 0 0 0 0 0 0 0 0 0 0 0 0 0 0 0 0 0 0 0 0 0 0 0 0 0 0 0 0 0 0 0 0 0 0 0 0 0 0 69 169 0 0 0 640 146 43 0 0 0 0 0 0 0 0 0 0 0 0 0 0 0 0 0 0 0 0 0 0 0 0 0 4405 150 2285 8658 57 0 0 0 81 
0 0 0 0 0 0 0 0 0 0 0 0 0 0 0 0 0 0 0 0 0 0 0 0 0 0 0 0 0 0 0 0 0 0 0 0 0 0 0 0 0 0 0 0 0 640 0 367 7305 7861 564 0 0 0 0 0 0 0 0 0 0 0 0 0 0 0 0 0 0 0 0 0 0 0 4311 0 0 779 0 0 0 0 0 
978 0 406 367 0 0 13159 2088 0 0 0 168 44 0 0 0 0 0 0 0 0 0 0 0 0 0 0 0 0 0 0 0 0 0 0 1 0 0 0 0 0 853 558 0 10 146 367 0 5346 3028 0 0 1319 796 0 0 0 0 0 0 0 0 0 0 0 0 0 0 0 0 0 0 0 0 1240 678 17817 15887 22 78 0 0 64 
0 0 0 0 1 94 6549 53417 0 1313 0 31 168 290 0 0 0 0 0 0 0 0 0 0 0 0 0 0 0 0 0 0 0 0 746 689 102 0 0 0 0 0 0 34 244 43 7305 5346 0 154 100 953 323 3730 4146 0 0 0 0 0 50 0 0 0 0 0 0 0 0 0 0 0 0 0 3208 38408 9548 11955 0 0 0 0 1291 
0 0 0 0 0 0 0 0 0 0 0 0 0 0 0 0 0 0 0 0 0 0 0 0 0 0 0 0 0 0 0 0 0 0 0 0 0 0 0 0 0 0 0 0 0 0 7861 3028 154 0 4812 0 0 0 0 0 0 0 0 0 0 0 0 0 0 0 0 0 0 0 0 0 0 0 617 1442 0 6251 0 0 0 0 58 
0 0 0 0 0 0 0 0 0 1458 0 0 0 0 0 391 0 19 0 0 0 0 0 0 0 0 0 0 0 0 0 0 0 0 202 0 0 0 0 0 0 0 0 0 0 0 564 0 100 4812 0 944 0 0 66 0 5054 2380 410 0 29 0 0 0 0 0 0 0 0 0 0 0 0 0 6834 19006 715 21371 1150 0 0 1 5171 
0 0 0 0 0 0 0 2 0 1508 0 0 0 14 0 2 0 0 0 0 0 0 0 0 0 0 0 0 0 0 0 0 0 0 290 0 0 0 0 0 0 0 0 0 0 0 0 0 953 0 944 0 0 0 944 0 616 0 0 0 1 0 0 0 0 0 0 0 0 0 0 0 0 0 0 1205 472 0 0 0 0 0 1 
0 0 0 11 0 0 12 0 0 0 0 0 0 0 0 0 0 0 0 0 0 0 0 0 0 0 0 0 0 0 0 0 0 0 0 0 0 0 1 0 0 591 0 0 288 0 0 1319 323 0 0 0 0 1 0 0 0 0 0 0 0 0 0 0 0 0 0 0 5 0 121 0 55 0 384 0 0 8 0 0 0 0 0 
0 0 0 0 0 0 20 158 0 0 0 0 0 0 0 0 0 0 0 0 0 0 0 0 0 0 0 0 0 0 0 0 0 0 0 0 0 0 0 0 0 0 0 0 0 0 0 796 3730 0 0 0 1 0 177 0 0 0 0 0 28 0 0 0 0 0 0 0 0 0 0 0 0 0 0 0 0 0 0 0 0 0 0 
0 0 0 0 0 0 0 1055 0 1756 5 0 0 0 0 13 0 191 0 47 0 0 0 0 0 0 0 0 0 0 0 0 0 0 0 0 0 0 0 0 0 0 0 0 0 0 0 0 4146 0 66 944 0 177 0 1317 47 0 152 0 4986 0 0 0 0 0 0 0 0 0 0 0 0 0 0 0 0 0 0 0 0 0 0 
0 0 0 0 0 0 0 0 0 0 0 0 0 0 9 0 0 379 8 1535 0 0 0 0 5 0 0 0 12 0 0 0 0 0 0 0 0 0 0 0 0 0 0 0 0 0 0 0 0 0 0 0 0 0 1317 0 0 0 3547 29 15047 359 143 0 0 0 2 0 0 0 0 0 0 0 0 0 0 0 0 0 0 0 0 
0 0 0 0 0 0 0 0 0 175 0 0 0 0 0 43 0 0 0 0 0 0 0 0 0 0 0 0 0 0 0 0 0 0 34 0 0 0 0 0 0 0 0 0 0 0 0 0 0 0 5054 616 0 0 47 0 0 6567 2620 7 102 0 0 0 0 0 0 0 0 0 0 0 40 17 2100 5442 294 7074 2563 0 1 121 1131 
0 0 0 0 0 0 0 0 0 0 0 0 0 0 0 0 0 0 0 0 0 0 0 0 0 0 0 0 0 0 0 0 0 0 0 0 0 0 0 0 0 0 0 0 0 0 0 0 0 0 2380 0 0 0 0 0 6567 0 1716 5778 0 0 0 15 0 7 0 0 0 138 1975 1908 525 387 1734 0 0 2446 73 0 12 0 0 
0 0 0 0 0 0 0 0 0 0 0 0 0 0 247 16 0 1506 47 1358 0 0 0 0 530 0 0 0 2 0 0 0 0 0 0 0 0 0 0 2 0 0 0 0 0 0 0 0 0 0 410 0 0 0 152 3547 2620 1716 0 12851 627 7 4 2680 11 15503 52 0 0 13057 3597 0 745 1 1544 3089 0 7069 167 0 5894 0 0 
0 0 0 0 0 0 0 0 0 0 0 0 0 0 21 0 0 44 0 151 0 0 0 0 0 0 0 0 0 0 0 0 0 0 0 0 0 0 0 0 0 0 0 0 0 0 0 0 0 0 0 0 0 0 0 29 7 5778 12851 0 102 0 0 2417 0 417 0 0 0 11961 4676 382 334 0 0 0 0 677 0 0 113 0 0 
0 0 0 0 0 0 0 7 0 2040 0 0 0 2 183 3429 0 13075 1752 3633 0 0 0 0 2612 0 0 0 29 0 0 0 0 0 51 0 0 0 0 20 0 0 0 0 0 0 0 0 50 0 29 1 0 28 4986 15047 102 0 627 102 0 29 4 0 234 925 179 0 0 2589 0 0 0 0 0 802 6 58 2 0 155 0 0 
0 0 0 0 0 0 0 0 0 0 0 0 0 0 0 0 0 0 0 0 0 0 0 0 0 0 0 0 0 0 0 0 0 0 0 0 0 0 0 0 0 0 0 0 0 0 0 0 0 0 0 0 0 0 0 359 0 0 7 0 29 0 593 19 2008 1882 644 0 0 77 0 0 0 0 0 0 0 0 0 0 159 0 0 
0 0 0 0 0 0 0 0 0 0 0 0 0 0 0 0 0 0 0 0 0 0 0 0 0 0 0 0 0 0 0 0 0 0 0 0 0 0 0 0 0 0 0 0 0 0 0 0 0 0 0 0 0 0 0 143 0 0 4 0 4 593 0 358 1344 394 493 0 0 7 0 0 0 0 0 0 0 0 0 0 128 0 0 
0 0 0 0 0 0 0 0 0 0 0 0 0 0 0 0 0 0 0 0 0 0 0 0 0 0 0 0 0 0 0 0 0 0 0 0 0 0 0 0 0 0 0 0 0 0 0 0 0 0 0 0 0 0 0 0 0 15 2680 2417 0 19 358 0 4023 11397 0 0 0 5133 1348 1 0 0 0 0 0 11 0 0 0 0 0 
0 0 0 0 0 0 0 0 0 0 0 0 0 0 0 0 0 0 0 0 0 0 0 0 0 0 0 0 0 0 0 0 0 0 0 0 0 0 0 0 0 0 0 0 0 0 0 0 0 0 0 0 0 0 0 0 0 0 11 0 234 2008 1344 4023 0 1068 367 0 0 2 0 0 0 0 0 0 0 0 0 0 0 0 0 
0 0 0 0 0 0 0 0 0 0 0 0 0 0 0 0 0 4 0 0 0 0 0 0 5 0 0 0 0 0 0 0 0 0 0 0 0 0 0 0 0 0 0 0 0 0 0 0 0 0 0 0 0 0 0 0 0 7 15503 417 925 1882 394 11397 1068 0 216 59 0 1161 81 1 1949 0 1392 721 0 2374 0 0 588 76 0 
0 0 0 0 0 0 0 0 0 0 0 0 0 0 0 0 0 0 0 0 0 0 0 0 0 0 0 0 0 0 0 0 0 0 0 0 0 0 0 0 0 0 0 0 0 0 0 0 0 0 0 0 0 0 0 2 0 0 52 0 179 644 493 0 367 216 0 0 0 87 0 0 0 0 0 0 0 0 0 0 79 0 0 
0 0 0 0 0 0 0 0 0 0 0 0 0 0 0 0 0 0 0 0 0 0 0 0 0 0 0 0 0 0 0 0 0 0 0 0 0 0 0 0 0 0 0 0 0 0 0 0 0 0 0 0 0 0 0 0 0 0 0 0 0 0 0 0 0 59 0 0 73 0 0 0 0 0 27 0 0 27 0 0 247 1 0 
0 0 0 0 0 0 0 0 0 0 0 0 0 0 0 0 0 0 0 0 0 0 0 0 0 0 0 0 0 0 0 0 0 0 0 0 0 0 0 0 0 0 0 0 1 0 0 0 0 0 0 0 5 0 0 0 0 0 0 0 0 0 0 0 0 0 0 73 0 0 0 0 199 0 943 0 0 0 0 0 0 0 0 
0 0 0 0 0 0 0 0 0 0 0 0 0 0 0 0 0 42 2 0 0 0 0 0 398 0 0 0 29 0 0 0 0 0 0 0 0 0 0 0 0 0 0 0 0 0 0 0 0 0 0 0 0 0 0 0 0 138 13057 11961 2589 77 7 5133 2 1161 87 0 0 0 2502 31 403 1 352 0 0 50 0 0 18 0 0 
0 0 0 8 0 0 0 0 0 0 0 0 0 0 0 0 0 0 0 0 0 0 0 0 0 0 0 0 0 0 0 0 0 0 0 0 0 0 0 0 0 0 0 0 78 0 0 0 0 0 0 0 121 0 0 0 0 1975 3597 4676 0 0 0 1348 0 81 0 0 0 2502 0 146 1825 4 1913 0 0 2314 0 0 4 0 0 
0 0 0 0 0 0 0 0 0 0 0 0 0 0 0 0 0 0 0 0 0 0 0 0 0 0 0 0 0 0 0 0 0 0 0 0 0 0 0 0 0 0 0 0 0 0 0 0 0 0 0 0 0 0 0 0 0 1908 0 382 0 0 0 1 0 1 0 0 0 31 146 0 1266 0 0 0 0 75 0 0 0 0 0 
1 0 0 22 0 0 0 0 0 0 0 1 0 0 0 0 0 0 0 0 0 0 0 0 0 0 0 0 0 0 0 0 0 5 0 0 0 0 0 0 0 7 0 0 4 0 0 0 0 0 0 0 55 0 0 0 40 525 745 334 0 0 0 0 0 1949 0 0 199 403 1825 1266 0 852 1954 0 0 1762 0 0 431 0 0 
0 0 0 0 0 0 0 0 0 0 0 0 0 0 0 0 0 0 0 0 0 0 0 0 0 0 0 0 0 0 0 0 0 0 0 0 0 0 0 0 0 0 0 0 0 0 0 0 0 0 0 0 0 0 0 0 17 387 1 0 0 0 0 0 0 0 0 0 0 1 4 0 852 0 44 0 0 0 0 0 0 0 0 
38 0 0 88 0 0 0 0 0 0 0 30 0 0 0 0 0 0 0 0 0 0 0 0 0 0 0 0 0 0 0 0 0 9 0 0 0 0 25 0 0 4456 44 0 407 4405 4311 1240 3208 617 6834 0 384 0 0 0 2100 1734 1544 0 0 0 0 0 0 1392 0 27 943 352 1913 0 1954 44 0 0 14 719 23 3 0 0 0 
0 0 0 0 0 0 2 2 0 0 0 0 0 0 0 0 0 0 0 0 0 0 0 0 0 0 0 0 0 0 0 0 0 0 0 0 0 0 0 0 0 0 0 0 0 150 0 678 38408 1442 19006 1205 0 0 0 0 5442 0 3089 0 802 0 0 0 0 721 0 0 0 0 0 0 0 0 0 0 236 357 22 0 2070 94 786 
0 0 0 0 0 0 6 5 0 0 0 0 0 0 0 0 0 0 0 0 0 0 0 0 0 0 0 0 0 0 0 0 0 0 0 0 0 0 0 0 0 2451 0 2 631 2285 0 17817 9548 0 715 472 0 0 0 0 294 0 0 0 6 0 0 0 0 0 0 0 0 0 0 0 0 0 14 236 0 3 0 14 0 0 1883 
1 0 0 6 0 0 0 0 0 0 0 0 0 0 0 0 0 0 0 0 0 0 0 0 0 0 0 0 0 0 0 0 0 0 0 0 0 0 0 0 0 3272 150 0 26 8658 779 15887 11955 6251 21371 0 8 0 0 0 7074 2446 7069 677 58 0 0 11 0 2374 0 27 0 50 2314 75 1762 0 719 357 3 0 12 2 30 0 6987 
0 0 0 0 0 0 0 0 0 0 0 0 0 0 0 0 0 0 0 0 0 0 0 0 0 0 0 0 0 0 0 0 0 0 0 0 0 0 0 0 0 0 0 0 0 57 0 22 0 0 1150 0 0 0 0 0 2563 73 167 0 2 0 0 0 0 0 0 0 0 0 0 0 0 0 23 22 0 12 0 0 0 0 4690 
0 0 0 0 0 0 0 0 0 0 0 0 0 0 0 0 0 0 0 0 0 0 0 0 0 0 0 0 0 0 0 0 0 0 0 0 0 0 0 0 0 534 0 0 92 0 0 78 0 0 0 0 0 0 0 0 0 0 0 0 0 0 0 0 0 0 0 0 0 0 0 0 0 0 3 0 14 2 0 0 0 0 108 
0 0 0 0 0 0 0 0 0 0 0 0 0 0 0 0 0 0 0 0 0 0 0 0 0 0 0 0 0 0 0 0 0 0 0 0 0 0 0 0 0 0 0 0 0 0 0 0 0 0 0 0 0 0 0 0 1 12 5894 113 155 159 128 0 0 588 79 247 0 18 4 0 431 0 0 2070 0 30 0 0 0 82 0 
0 0 0 0 0 0 0 0 0 0 0 0 0 0 0 0 0 0 0 0 0 0 0 0 0 0 0 0 0 0 0 0 0 0 0 0 0 0 0 0 0 0 0 0 0 0 0 0 0 0 1 0 0 0 0 0 121 0 0 0 0 0 0 0 0 76 0 1 0 0 0 0 0 0 0 94 0 0 0 0 82 0 441 
229 0 0 0 0 0 283 36 0 5802 0 0 0 0 0 1250 1 3 0 0 0 0 0 0 0 0 0 0 0 0 0 0 0 845 254 117 3883 7738 4 4 163 0 0 0 8 81 0 64 1291 58 5171 1 0 0 0 0 1131 0 0 0 0 0 0 0 0 0 0 0 0 0 0 0 0 0 0 786 1883 6987 4690 108 0 441 0 
