0 10 852 73 44 0 4218 0 0 0 0 109 0 0 0 0 0 0 0 0 0 0 0 0 5 0 0 149 36 7 0 20 0 1020 0 446 2782 0 2 0 0 801 0 9 66 0 0 2338 1 0 0 0 168 0 0 0 0 0 0 0 0 0 0 0 0 0 0 0 0 0 0 0 0 0 0 0 0 0 0 0 0 0 0 
10 0 0 0 0 0 0 0 0 0 0 0 0 0 0 0 0 0 0 0 0 0 0 0 0 0 0 0 0 0 0 0 0 114 0 2228 3057 0 0 0 0 0 0 0 0 0 0 0 0 0 0 0 0 0 0 0 0 0 0 0 0 0 0 0 0 0 0 0 0 0 0 0 0 0 0 0 0 0 0 0 0 0 0 
852 0 0 335 0 0 0 0 0 0 0 1194 0 0 0 0 0 106 524 8 0 0 11 0 7 0 0 0 119 33 0 56 0 506 0 0 143 0 0 0 0 339 0 0 0 0 0 1673 1150 0 0 0 45 0 0 0 0 0 0 0 0 0 0 0 0 0 0 0 0 0 0 0 0 0 0 0 0 0 0 0 0 0 0 
73 0 335 0 0 0 0 28 0 0 0 105 0 0 0 0 0 0 0 0 0 0 0 0 0 0 0 0 0 0 0 0 0 3 0 12 0 0 33 0 0 16 0 0 0 0 0 545 229 0 0 0 38 0 0 0 0 0 0 0 0 0 0 0 0 0 0 0 0 0 0 0 0 0 0 0 0 0 0 0 0 0 0 
44 0 0 0 0 886 64 96 0 50 0 0 3 0 0 0 0 0 0 0 0 0 0 0 0 0 0 0 0 0 0 0 0 4831 540 3561 7560 14 0 0 0 0 0 0 0 0 0 0 3 0 0 0 0 9 0 0 0 0 0 0 0 0 0 0 0 0 0 0 0 0 0 0 0 0 0 0 0 0 0 0 0 0 29 
0 0 0 0 886 0 12 645 341 940 0 0 0 0 0 0 0 0 0 0 0 0 0 0 0 0 0 0 0 0 0 0 0 388 0 0 29 0 0 0 0 0 0 0 0 0 0 0 4 0 0 0 0 0 0 0 0 0 0 0 0 0 0 0 0 0 0 0 0 0 0 0 0 0 0 1 0 0 0 0 0 0 0 
4218 0 0 0 64 12 0 3600 317 1 0 763 424 0 0 0 0 20 265 1 0 0 1 0 4 0 0 0 56 0 0 28 0 1530 1059 18682 8309 18 0 0 0 538 0 0 0 0 0 11463 2962 0 0 0 20 89 0 0 0 0 0 0 0 0 0 0 0 0 0 0 0 0 0 0 0 0 0 0 0 0 0 0 0 0 34 
0 0 0 28 96 645 3600 0 916 554 603 3805 13607 8174 0 0 0 0 0 1 0 0 0 0 0 0 0 0 0 0 0 0 0 196 10920 2075 6663 37 0 0 0 0 0 0 0 0 0 8761 17166 0 83 0 0 247 408 0 0 0 0 0 0 0 0 0 0 0 0 0 0 0 0 0 0 0 0 3 0 1 0 0 0 0 2480 
0 0 0 0 0 341 317 916 0 2171 0 0 0 0 0 0 0 0 0 0 0 0 0 0 0 0 0 0 0 0 0 0 0 55 48 0 1216 0 0 0 0 0 0 0 0 0 0 0 12 0 0 0 0 0 0 0 0 0 0 0 0 0 0 0 0 0 0 0 0 0 0 0 0 0 0 0 0 0 0 0 0 0 13 
0 0 0 0 50 940 1 554 2171 0 705 0 0 2901 0 414 1981 224 153 0 0 0 0 0 0 0 0 0 0 0 0 1 0 3623 21198 4203 11218 154 0 20 0 0 0 0 0 0 0 0 1230 0 4105 612 0 0 396 1 18 0 22 0 104 0 0 0 0 0 0 0 0 0 0 0 0 0 0 0 0 0 0 0 0 0 6807 
0 0 0 0 0 0 0 603 0 705 0 0 0 1052 0 738 0 187 0 934 0 0 0 0 0 0 0 0 0 0 0 0 0 0 0 0 0 0 0 0 0 0 0 0 0 0 0 0 18 0 16 0 0 0 12 11 0 0 0 0 1 0 0 0 0 0 0 0 0 0 0 0 0 0 0 0 0 0 0 0 0 0 0 
109 0 1194 105 0 0 763 3805 0 0 0 0 0 0 0 0 0 0 0 0 0 0 0 0 0 0 0 0 0 0 0 0 0 7 0 0 0 0 17 0 0 0 0 0 0 0 0 2 0 0 0 0 0 0 0 0 0 0 0 0 0 0 0 0 0 0 0 0 0 0 0 0 0 0 0 0 0 0 0 0 0 0 0 
0 0 0 0 3 0 424 13607 0 0 0 0 0 5 0 0 0 0 0 0 0 0 0 0 0 0 0 0 0 0 0 0 0 0 0 0 9 0 0 0 0 0 0 0 0 0 0 3 257 0 0 0 0 0 0 0 0 0 0 0 0 0 0 0 0 0 0 0 0 0 0 0 0 0 0 0 0 0 0 0 0 0 0 
0 0 0 0 0 0 0 8174 0 2901 1052 0 5 0 734 220 0 1235 0 5669 0 0 0 0 0 0 0 0 0 0 0 0 0 0 0 0 0 0 0 0 0 0 0 0 0 0 0 0 360 0 114 29 0 0 1 0 6 0 13 0 16 0 0 0 0 0 0 0 0 0 0 0 0 0 0 0 0 0 0 0 0 0 0 
0 0 0 0 0 0 0 0 0 0 0 0 0 734 0 0 0 3518 0 8097 0 0 0 0 0 10 0 0 0 0 0 0 0 0 0 0 0 0 0 0 0 0 0 0 0 0 0 0 0 0 0 0 0 0 0 6 0 0 65 2 31 7 0 0 0 1 0 0 95 1 0 0 0 0 0 2 0 74 0 0 0 0 0 
0 0 0 0 0 0 0 0 0 414 738 0 0 220 0 0 3488 601 1005 0 0 0 0 0 0 0 0 0 154 1615 38 5 2 1042 2456 776 2008 619 0 0 126 0 0 0 0 0 0 0 0 0 319 11 0 0 77 0 21 0 244 0 65 0 0 0 0 0 0 0 0 0 0 0 0 0 0 0 0 0 0 0 1 0 1192 
0 0 0 0 0 0 0 0 0 1981 0 0 0 0 0 3488 0 238 2688 0 0 0 0 0 0 0 0 0 174 250 171 34 0 2573 0 0 404 1 0 0 0 0 0 0 0 0 0 0 0 0 0 0 0 0 0 0 0 0 0 0 0 0 0 0 0 0 0 0 0 0 0 0 0 0 0 0 0 0 0 0 0 0 0 
0 0 106 0 0 0 20 0 0 224 187 0 0 1235 3518 601 238 0 4103 2513 4 0 7 23 2424 1620 0 0 3795 3128 134 144 5 646 1460 1157 8040 1359 0 6122 887 0 0 0 0 0 0 0 0 0 46 0 0 0 408 2527 5 0 11286 0 12465 2255 0 299 0 515 0 0 89 9 0 0 0 0 0 46 0 12 0 0 142 0 39 
0 0 524 0 0 0 265 0 0 153 0 0 0 0 0 1005 2688 4103 0 3 0 0 1081 0 1228 0 0 0 6339 4782 45 4180 0 5152 0 0 4342 90 0 38 0 0 0 0 0 0 0 0 0 0 0 0 0 0 0 0 0 0 5 0 13 0 0 0 0 0 0 0 0 0 0 0 0 0 0 0 0 2 0 0 0 0 0 
0 0 8 0 0 0 1 1 0 0 934 0 0 5669 8097 0 0 2513 3 0 6 0 0 226 489 844 0 0 16 22 0 2 0 0 0 0 65 0 0 476 0 0 0 0 0 0 0 0 0 0 0 0 0 0 6 1051 0 0 1801 0 1021 56 0 44 0 1 0 0 0 0 0 0 0 0 0 0 0 0 0 0 0 0 0 
0 0 0 0 0 0 0 0 0 0 0 0 0 0 0 0 0 4 0 6 0 38 0 14 547 7 0 0 213 0 0 0 0 0 0 0 0 0 0 24 0 0 0 0 0 0 0 0 0 0 0 0 0 0 0 0 0 0 0 0 0 2 0 0 0 0 0 0 0 0 0 0 0 0 0 0 0 0 0 0 0 0 0 
0 0 0 0 0 0 0 0 0 0 0 0 0 0 0 0 0 0 0 0 38 0 31 218 3626 0 0 0 493 0 0 0 0 0 0 0 0 0 0 0 0 0 0 0 0 0 0 0 0 0 0 0 0 0 0 0 0 0 0 0 0 4 0 0 0 0 0 0 0 0 0 0 0 0 0 0 0 0 0 0 0 0 0 
0 0 11 0 0 0 1 0 0 0 0 0 0 0 0 0 0 7 1081 0 0 31 0 45 10718 185 0 0 8077 1608 0 36 0 18 0 0 23 0 0 136 0 0 0 0 0 0 0 0 0 0 0 0 0 0 0 0 0 0 0 0 0 0 0 0 0 0 0 0 0 0 0 0 0 0 0 0 0 0 0 0 0 0 0 
0 0 0 0 0 0 0 0 0 0 0 0 0 0 0 0 0 23 0 226 14 218 45 0 695 0 0 0 0 0 0 0 0 0 0 0 0 0 0 0 0 0 0 0 0 0 0 0 0 0 0 0 0 0 0 0 0 0 0 0 0 0 0 0 0 0 0 0 0 0 0 0 0 0 0 0 0 0 0 0 0 0 0 
5 0 7 0 0 0 4 0 0 0 0 0 0 0 0 0 0 2424 1228 489 547 3626 10718 695 0 155 0 1 145 1 0 41 0 273 0 0 321 41 0 112 20 0 0 0 0 0 0 0 0 0 0 0 0 0 0 0 0 0 2 0 24 0 0 0 0 1 0 0 1 0 0 0 0 0 0 0 0 1 0 0 0 0 0 
0 0 0 0 0 0 0 0 0 0 0 0 0 0 10 0 0 1620 0 844 7 0 185 0 155 0 7 0 0 0 0 0 0 0 0 0 0 0 0 90 0 0 0 0 0 0 0 0 0 0 0 0 0 0 0 0 0 0 0 0 0 0 0 0 0 0 0 0 0 0 0 0 0 0 0 0 0 0 0 0 0 0 0 
0 0 0 0 0 0 0 0 0 0 0 0 0 0 0 0 0 0 0 0 0 0 0 0 0 7 0 0 0 0 0 0 0 72 0 0 26 7 0 382 10 0 0 0 0 0 0 0 0 0 0 0 0 0 0 0 0 0 0 0 0 0 0 0 0 0 0 0 0 0 0 0 0 0 0 0 0 0 0 0 0 0 0 
149 0 0 0 0 0 0 0 0 0 0 0 0 0 0 0 0 0 0 0 0 0 0 0 1 0 0 0 54 0 0 0 0 526 0 0 450 0 0 0 5 0 0 0 0 0 0 0 0 0 0 0 0 0 0 0 0 0 0 0 0 0 0 0 0 0 0 0 0 0 0 0 0 0 0 0 0 0 0 0 0 0 0 
36 0 119 0 0 0 56 0 0 0 0 0 0 0 0 154 174 3795 6339 16 213 493 8077 0 145 0 0 54 0 1955 1107 337 0 409 0 0 860 0 0 2 0 0 0 0 0 0 0 0 0 0 0 0 0 0 0 0 0 0 27 0 78 0 0 0 0 20 0 0 0 0 0 0 0 0 0 1 0 5 0 0 0 0 0 
7 0 33 0 0 0 0 0 0 0 0 0 0 0 0 1615 250 3128 4782 22 0 0 1608 0 1 0 0 0 1955 0 215 133 0 508 0 0 845 179 0 0 0 0 0 0 0 0 0 0 0 0 0 0 0 0 0 0 0 0 0 0 0 0 0 0 0 0 0 0 0 0 0 0 0 0 0 0 0 0 0 0 0 0 0 
0 0 0 0 0 0 0 0 0 0 0 0 0 0 0 38 171 134 45 0 0 0 0 0 0 0 0 0 1107 215 0 393 0 97 0 0 97 6 0 0 0 0 0 0 0 0 0 0 0 0 0 0 0 0 0 0 0 0 0 0 0 0 0 0 0 0 0 0 0 0 0 0 0 0 0 0 0 0 0 0 0 0 0 
20 0 56 0 0 0 28 0 0 1 0 0 0 0 0 5 34 144 4180 2 0 0 36 0 41 0 0 0 337 133 393 0 82 1522 0 0 505 0 0 0 0 0 0 0 0 0 0 0 0 0 0 0 0 0 0 0 0 0 0 0 0 0 0 0 0 0 0 0 0 0 0 0 0 0 0 0 0 0 0 0 0 0 0 
0 0 0 0 0 0 0 0 0 0 0 0 0 0 0 2 0 5 0 0 0 0 0 0 0 0 0 0 0 0 0 82 0 0 0 0 0 0 0 0 0 0 0 0 0 0 0 0 0 0 0 0 0 0 0 0 0 0 0 0 0 0 0 0 0 0 0 0 0 0 0 0 0 0 0 0 0 0 0 0 0 0 0 
1020 114 506 3 4831 388 1530 196 55 3623 0 7 0 0 0 1042 2573 646 5152 0 0 0 18 0 273 0 72 526 409 508 97 1522 0 0 0 0 529 0 0 0 4 0 0 0 0 0 0 0 0 0 0 0 10 0 0 0 0 0 0 0 0 0 0 0 0 0 0 0 0 0 0 0 0 0 0 0 0 0 0 0 0 0 251 
0 0 0 0 540 0 1059 10920 48 21198 0 0 0 0 0 2456 0 1460 0 0 0 0 0 0 0 0 0 0 0 0 0 0 0 0 0 759 646 36 0 1192 694 0 0 0 0 0 2 92 977 0 0 0 0 18 0 0 0 0 0 0 0 0 0 0 0 2 0 0 0 0 0 0 0 0 0 2 4 1 0 0 0 0 18 
446 2228 0 12 3561 0 18682 2075 0 4203 0 0 0 0 0 776 0 1157 0 0 0 0 0 0 0 0 0 0 0 0 0 0 0 0 759 0 0 2 4 2 0 426 0 0 24 0 1 188 914 0 0 0 8 19 0 0 0 0 0 0 0 0 0 0 0 0 0 0 0 0 0 0 0 0 0 43 40 15 0 0 0 0 161 
2782 3057 143 0 7560 29 8309 6663 1216 11218 0 0 9 0 0 2008 404 8040 4342 65 0 0 23 0 321 0 26 450 860 845 97 505 0 529 646 0 0 1 0 9 0 269 0 0 27 0 0 72 136 0 0 0 5 3 0 0 0 0 253 0 1418 0 0 0 0 77 0 0 28 0 0 0 0 0 0 3 0 65 0 0 0 0 3118 
0 0 0 0 14 0 18 37 0 154 0 0 0 0 0 619 1 1359 90 0 0 0 0 0 41 0 7 0 0 179 6 0 0 0 36 2 1 0 0 0 0 0 0 0 0 0 0 1 0 0 0 0 0 1 0 0 0 0 0 0 0 0 0 0 0 0 0 0 0 0 0 0 0 0 0 0 0 0 0 0 0 0 9847 
2 0 0 33 0 0 0 0 0 0 0 17 0 0 0 0 0 0 0 0 0 0 0 0 0 0 0 0 0 0 0 0 0 0 0 4 0 0 0 0 0 241 0 2 30 0 0 29 0 0 0 0 19 0 0 0 0 0 0 0 0 0 0 0 0 0 0 0 0 0 0 0 0 0 0 0 0 0 0 0 0 0 0 
0 0 0 0 0 0 0 0 0 20 0 0 0 0 0 0 0 6122 38 476 24 0 136 0 112 90 382 0 2 0 0 0 0 0 1192 2 9 0 0 0 0 0 0 0 0 0 0 0 0 0 0 0 0 0 0 1 0 0 132 0 583 0 0 0 0 43 0 0 25 1 0 0 0 0 0 24 0 1 0 0 15 0 5 
0 0 0 0 0 0 0 0 0 0 0 0 0 0 0 126 0 887 0 0 0 0 0 0 20 0 10 5 0 0 0 0 0 4 694 0 0 0 0 0 0 0 0 0 0 0 0 0 0 0 0 0 0 0 0 0 0 0 0 0 0 0 0 0 0 0 0 0 0 0 0 0 0 0 0 0 0 0 0 0 0 0 90 
801 0 339 16 0 0 538 0 0 0 0 0 0 0 0 0 0 0 0 0 0 0 0 0 0 0 0 0 0 0 0 0 0 0 0 426 269 0 241 0 0 0 1271 0 971 151 0 479 0 0 0 0 373 0 0 0 0 0 0 0 0 0 0 0 0 0 0 0 0 0 0 0 0 0 178 0 481 1970 0 1149 0 0 0 
0 0 0 0 0 0 0 0 0 0 0 0 0 0 0 0 0 0 0 0 0 0 0 0 0 0 0 0 0 0 0 0 0 0 0 0 0 0 0 0 0 1271 0 0 0 0 0 3 0 0 0 0 0 0 0 0 0 0 0 0 0 0 0 0 0 0 0 0 0 0 0 0 0 0 131 625 746 4591 169 0 0 0 0 
9 0 0 0 0 0 0 0 0 0 0 0 0 0 0 0 0 0 0 0 0 0 0 0 0 0 0 0 0 0 0 0 0 0 0 0 0 0 2 0 0 0 0 0 159 0 0 0 0 0 0 0 281 0 0 0 0 0 0 0 0 0 0 0 0 0 0 0 0 0 0 0 0 0 0 0 0 0 0 0 0 0 0 
66 0 0 0 0 0 0 0 0 0 0 0 0 0 0 0 0 0 0 0 0 0 0 0 0 0 0 0 0 0 0 0 0 0 0 24 27 0 30 0 0 971 0 159 0 0 0 14 20 0 0 0 109 0 0 0 0 0 0 0 0 0 0 0 0 0 0 0 0 0 0 0 0 0 0 0 0 26 0 43 0 0 1 
0 0 0 0 0 0 0 0 0 0 0 0 0 0 0 0 0 0 0 0 0 0 0 0 0 0 0 0 0 0 0 0 0 0 0 0 0 0 0 0 0 151 0 0 0 0 9 213 0 0 0 0 0 0 0 0 0 0 0 0 0 0 0 0 0 0 0 0 0 0 0 0 0 0 1203 413 1452 8392 216 0 0 0 4 
0 0 0 0 0 0 0 0 0 0 0 0 0 0 0 0 0 0 0 0 0 0 0 0 0 0 0 0 0 0 0 0 0 0 2 1 0 0 0 0 0 0 0 0 0 9 0 45 2986 982 1054 0 0 0 0 0 0 0 0 0 0 0 0 0 0 0 0 0 0 0 0 0 0 0 2044 345 795 1752 6 0 0 0 8 
2338 0 1673 545 0 0 11463 8761 0 0 0 2 3 0 0 0 0 0 0 0 0 0 0 0 0 0 0 0 0 0 0 0 0 0 92 188 72 1 29 0 0 479 3 0 14 213 45 0 2163 729 0 0 1058 1555 0 0 0 0 0 0 0 0 0 0 0 0 0 0 0 0 0 0 0 0 7 883 21812 9767 165 548 0 0 8 
1 0 1150 229 3 4 2962 17166 12 1230 18 0 257 360 0 0 0 0 0 0 0 0 0 0 0 0 0 0 0 0 0 0 0 0 977 914 136 0 0 0 0 0 0 0 20 0 2986 2163 0 356 312 315 6443 14813 8651 452 0 0 0 0 115 0 0 0 0 0 0 0 0 0 0 0 0 0 500 11938 5805 9309 49 0 0 0 32 
0 0 0 0 0 0 0 0 0 0 0 0 0 0 0 0 0 0 0 0 0 0 0 0 0 0 0 0 0 0 0 0 0 0 0 0 0 0 0 0 0 0 0 0 0 0 982 729 356 0 427 0 0 0 0 0 0 0 0 0 0 0 0 0 0 0 0 0 0 0 0 0 0 0 153 0 0 363 0 0 0 0 0 
0 0 0 0 0 0 0 83 0 4105 16 0 0 114 0 319 0 46 0 0 0 0 0 0 0 0 0 0 0 0 0 0 0 0 0 0 0 0 0 0 0 0 0 0 0 0 1054 0 312 427 0 197 0 0 1628 17 630 4758 1261 1171 0 0 0 0 0 0 0 0 0 281 87 1627 7 0 3736 15702 3297 9877 182 0 0 0 1627 
0 0 0 0 0 0 0 0 0 612 0 0 0 29 0 11 0 0 0 0 0 0 0 0 0 0 0 0 0 0 0 0 0 0 0 0 0 0 0 0 0 0 0 0 0 0 0 0 315 0 197 0 0 0 3471 15 0 0 0 0 0 0 0 0 0 0 0 0 0 0 0 0 0 0 0 0 0 0 0 0 0 0 0 
168 0 45 38 0 0 20 0 0 0 0 0 0 0 0 0 0 0 0 0 0 0 0 0 0 0 0 0 0 0 0 0 0 10 0 8 5 0 19 0 0 373 0 281 109 0 0 1058 6443 0 0 0 0 0 0 0 0 0 0 0 0 0 0 0 0 0 0 0 0 0 0 0 0 0 0 0 0 0 0 0 0 0 0 
0 0 0 0 9 0 89 247 0 0 0 0 0 0 0 0 0 0 0 0 0 0 0 0 0 0 0 0 0 0 0 0 0 0 18 19 3 1 0 0 0 0 0 0 0 0 0 1555 14813 0 0 0 0 0 96 0 0 0 0 0 0 0 0 0 0 0 0 0 0 0 0 0 0 0 0 0 0 0 0 0 0 0 0 
0 0 0 0 0 0 0 408 0 396 12 0 0 1 0 77 0 408 0 6 0 0 0 0 0 0 0 0 0 0 0 0 0 0 0 0 0 0 0 0 0 0 0 0 0 0 0 0 8651 0 1628 3471 0 96 0 1012 444 0 43 0 7118 2 0 0 0 0 0 0 0 0 0 0 0 0 0 0 0 0 0 0 0 0 0 
0 0 0 0 0 0 0 0 0 1 11 0 0 0 6 0 0 2527 0 1051 0 0 0 0 0 0 0 0 0 0 0 0 0 0 0 0 0 0 0 1 0 0 0 0 0 0 0 0 452 0 17 15 0 0 1012 0 15 0 2109 0 6102 730 0 7 0 0 22 0 0 0 0 0 0 0 0 0 0 0 0 0 0 0 0 
0 0 0 0 0 0 0 0 0 18 0 0 0 6 0 21 0 5 0 0 0 0 0 0 0 0 0 0 0 0 0 0 0 0 0 0 0 0 0 0 0 0 0 0 0 0 0 0 0 0 630 0 0 0 444 15 0 2282 1878 312 0 0 0 0 0 0 0 0 0 1880 835 1101 153 0 2863 2060 259 8639 30 0 0 83 503 
0 0 0 0 0 0 0 0 0 0 0 0 0 0 0 0 0 0 0 0 0 0 0 0 0 0 0 0 0 0 0 0 0 0 0 0 0 0 0 0 0 0 0 0 0 0 0 0 0 0 4758 0 0 0 0 0 2282 0 134 1713 0 0 0 0 0 1 0 0 0 1762 7546 6224 458 0 7 0 0 2 0 0 0 0 0 
0 0 0 0 0 0 0 0 0 22 0 0 0 13 65 244 0 11286 5 1801 0 0 0 0 2 0 0 0 27 0 0 0 0 0 0 0 253 0 0 132 0 0 0 0 0 0 0 0 0 0 1261 0 0 0 43 2109 1878 134 0 1156 643 4 137 258 0 3915 1120 0 417 4248 905 35 1562 20 2660 3937 633 7613 476 0 4499 846 2 
0 0 0 0 0 0 0 0 0 0 0 0 0 0 2 0 0 0 0 0 0 0 0 0 0 0 0 0 0 0 0 0 0 0 0 0 0 0 0 0 0 0 0 0 0 0 0 0 0 0 1171 0 0 0 0 0 312 1713 1156 0 17 0 0 693 0 945 0 0 0 10576 2236 3367 3232 2 1514 0 0 2639 0 0 0 0 0 
0 0 0 0 0 0 0 0 0 104 1 0 0 16 31 65 0 12465 13 1021 0 0 0 0 24 0 0 0 78 0 0 0 0 0 0 0 1418 0 0 583 0 0 0 0 0 0 0 0 115 0 0 0 0 0 7118 6102 0 0 643 17 0 6 0 0 50 688 1209 0 181 9 0 0 1 0 8 0 0 275 0 0 552 0 0 
0 0 0 0 0 0 0 0 0 0 0 0 0 0 7 0 0 2255 0 56 2 4 0 0 0 0 0 0 0 0 0 0 0 0 0 0 0 0 0 0 0 0 0 0 0 0 0 0 0 0 0 0 0 0 2 730 0 0 4 0 6 0 849 14 115 0 492 0 0 0 0 0 0 0 0 0 0 6 0 0 139 0 0 
0 0 0 0 0 0 0 0 0 0 0 0 0 0 0 0 0 0 0 0 0 0 0 0 0 0 0 0 0 0 0 0 0 0 0 0 0 0 0 0 0 0 0 0 0 0 0 0 0 0 0 0 0 0 0 0 0 0 137 0 0 849 0 8 1596 297 100 0 0 97 0 0 0 0 0 0 0 0 0 0 7 0 0 
0 0 0 0 0 0 0 0 0 0 0 0 0 0 0 0 0 299 0 44 0 0 0 0 0 0 0 0 0 0 0 0 0 0 0 0 0 0 0 0 0 0 0 0 0 0 0 0 0 0 0 0 0 0 0 7 0 0 258 693 0 14 8 0 0 12260 5 0 46 8814 322 0 1 0 408 0 0 359 0 0 5 0 0 
0 0 0 0 0 0 0 0 0 0 0 0 0 0 0 0 0 0 0 0 0 0 0 0 0 0 0 0 0 0 0 0 0 0 0 0 0 0 0 0 0 0 0 0 0 0 0 0 0 0 0 0 0 0 0 0 0 0 0 0 50 115 1596 0 0 2433 144 0 0 0 0 0 0 0 0 0 0 0 0 0 73 0 0 
0 0 0 0 0 0 0 0 0 0 0 0 0 0 1 0 0 515 0 1 0 0 0 0 1 0 0 0 20 0 0 0 0 0 2 0 77 0 0 43 0 0 0 0 0 0 0 0 0 0 0 0 0 0 0 0 0 1 3915 945 688 0 297 12260 2433 0 26 0 334 156 0 0 54 0 186 83 0 118 0 0 48 1 0 
0 0 0 0 0 0 0 0 0 0 0 0 0 0 0 0 0 0 0 0 0 0 0 0 0 0 0 0 0 0 0 0 0 0 0 0 0 0 0 0 0 0 0 0 0 0 0 0 0 0 0 0 0 0 0 22 0 0 1120 0 1209 492 100 5 144 26 0 0 0 0 0 0 0 0 0 0 0 1 0 0 165 4 0 
0 0 0 0 0 0 0 0 0 0 0 0 0 0 0 0 0 0 0 0 0 0 0 0 0 0 0 0 0 0 0 0 0 0 0 0 0 0 0 0 0 0 0 0 0 0 0 0 0 0 0 0 0 0 0 0 0 0 0 0 0 0 0 0 0 0 0 0 0 0 0 0 0 0 55 0 0 610 0 0 88 51 0 
0 0 0 0 0 0 0 0 0 0 0 0 0 0 95 0 0 89 0 0 0 0 0 0 1 0 0 0 0 0 0 0 0 0 0 0 28 0 0 25 0 0 0 0 0 0 0 0 0 0 0 0 0 0 0 0 0 0 417 0 181 0 0 46 0 334 0 0 0 22 0 0 0 0 1283 1 0 26 0 0 0 0 0 
0 0 0 0 0 0 0 0 0 0 0 0 0 0 1 0 0 9 0 0 0 0 0 0 0 0 0 0 0 0 0 0 0 0 0 0 0 0 0 1 0 0 0 0 0 0 0 0 0 0 281 0 0 0 0 0 1880 1762 4248 10576 9 0 97 8814 0 156 0 0 22 0 567 9 547 0 24 8 0 17 0 0 3 0 0 
0 0 0 0 0 0 0 0 0 0 0 0 0 0 0 0 0 0 0 0 0 0 0 0 0 0 0 0 0 0 0 0 0 0 0 0 0 0 0 0 0 0 0 0 0 0 0 0 0 0 87 0 0 0 0 0 835 7546 905 2236 0 0 0 322 0 0 0 0 0 567 0 103 2823 0 15 0 0 0 0 0 0 0 0 
0 0 0 0 0 0 0 0 0 0 0 0 0 0 0 0 0 0 0 0 0 0 0 0 0 0 0 0 0 0 0 0 0 0 0 0 0 0 0 0 0 0 0 0 0 0 0 0 0 0 1627 0 0 0 0 0 1101 6224 35 3367 0 0 0 0 0 0 0 0 0 9 103 0 208 0 8 0 0 0 0 0 0 0 0 
0 0 0 0 0 0 0 0 0 0 0 0 0 0 0 0 0 0 0 0 0 0 0 0 0 0 0 0 0 0 0 0 0 0 0 0 0 0 0 0 0 0 0 0 0 0 0 0 0 0 7 0 0 0 0 0 153 458 1562 3232 1 0 0 1 0 54 0 0 0 547 2823 208 0 345 113 0 0 9 0 0 0 0 0 
0 0 0 0 0 0 0 0 0 0 0 0 0 0 0 0 0 0 0 0 0 0 0 0 0 0 0 0 0 0 0 0 0 0 0 0 0 0 0 0 0 0 0 0 0 0 0 0 0 0 0 0 0 0 0 0 0 0 20 2 0 0 0 0 0 0 0 0 0 0 0 0 345 0 0 0 0 20 0 0 0 0 0 
0 0 0 0 0 0 0 0 0 0 0 0 0 0 0 0 0 0 0 0 0 0 0 0 0 0 0 0 0 0 0 0 0 0 0 0 0 0 0 0 0 178 131 0 0 1203 2044 7 500 153 3736 0 0 0 0 0 2863 7 2660 1514 8 0 0 408 0 186 0 55 1283 24 15 8 113 0 0 0 0 781 0 0 0 0 0 
0 0 0 0 0 1 0 3 0 0 0 0 0 0 2 0 0 46 0 0 0 0 0 0 0 0 0 0 1 0 0 0 0 0 2 43 3 0 0 24 0 0 625 0 0 413 345 883 11938 0 15702 0 0 0 0 0 2060 0 3937 0 0 0 0 0 0 83 0 0 1 8 0 0 0 0 0 0 623 217 98 0 96 52 16 
0 0 0 0 0 0 0 0 0 0 0 0 0 0 0 0 0 0 0 0 0 0 0 0 0 0 0 0 0 0 0 0 0 0 4 40 0 0 0 0 0 481 746 0 0 1452 795 21812 5805 0 3297 0 0 0 0 0 259 0 633 0 0 0 0 0 0 0 0 0 0 0 0 0 0 0 0 623 0 92 0 0 0 0 2 
0 0 0 0 0 0 0 1 0 0 0 0 0 0 74 0 0 12 2 0 0 0 0 0 1 0 0 0 5 0 0 0 0 0 1 15 65 0 0 1 0 1970 4591 0 26 8392 1752 9767 9309 363 9877 0 0 0 0 0 8639 2 7613 2639 275 6 0 359 0 118 1 610 26 17 0 0 9 20 781 217 92 0 1 0 0 20 2485 
0 0 0 0 0 0 0 0 0 0 0 0 0 0 0 0 0 0 0 0 0 0 0 0 0 0 0 0 0 0 0 0 0 0 0 0 0 0 0 0 0 0 169 0 0 216 6 165 49 0 182 0 0 0 0 0 30 0 476 0 0 0 0 0 0 0 0 0 0 0 0 0 0 0 0 98 0 1 0 0 0 0 12320 
0 0 0 0 0 0 0 0 0 0 0 0 0 0 0 0 0 0 0 0 0 0 0 0 0 0 0 0 0 0 0 0 0 0 0 0 0 0 0 0 0 1149 0 0 43 0 0 548 0 0 0 0 0 0 0 0 0 0 0 0 0 0 0 0 0 0 0 0 0 0 0 0 0 0 0 0 0 0 0 0 0 0 0 
0 0 0 0 0 0 0 0 0 0 0 0 0 0 0 1 0 142 0 0 0 0 0 0 0 0 0 0 0 0 0 0 0 0 0 0 0 0 0 15 0 0 0 0 0 0 0 0 0 0 0 0 0 0 0 0 0 0 4499 0 552 139 7 5 73 48 165 88 0 3 0 0 0 0 0 96 0 0 0 0 0 32 1 
0 0 0 0 0 0 0 0 0 0 0 0 0 0 0 0 0 0 0 0 0 0 0 0 0 0 0 0 0 0 0 0 0 0 0 0 0 0 0 0 0 0 0 0 0 0 0 0 0 0 0 0 0 0 0 0 83 0 846 0 0 0 0 0 0 1 4 51 0 0 0 0 0 0 0 52 0 20 0 0 32 0 1 
0 0 0 0 29 0 34 2480 13 6807 0 0 0 0 0 1192 0 39 0 0 0 0 0 0 0 0 0 0 0 0 0 0 0 251 18 161 3118 9847 0 5 90 0 0 0 1 4 8 8 32 0 1627 0 0 0 0 0 503 0 2 0 0 0 0 0 0 0 0 0 0 0 0 0 0 0 0 16 2 2485 12320 0 1 1 0 
