0 113 928 506 0 0 88 0 0 4 0 37 0 0 0 0 26 0 0 0 0 0 0 0 5 0 0 175 287 266 0 51 0 2612 3 125 1731 0 13 0 0 326 0 0 0 0 0 793 1 0 0 0 0 0 0 0 0 0 0 0 0 0 0 0 0 0 0 0 0 0 0 0 0 0 0 0 0 0 0 0 0 0 0 
113 0 0 0 1 0 163 0 0 3 0 0 0 0 0 0 0 0 0 0 0 0 0 0 0 0 0 0 0 0 0 0 0 756 316 1979 2402 121 0 0 0 0 0 0 0 0 0 0 0 0 0 0 0 0 0 0 0 0 0 0 0 0 0 0 0 0 0 0 0 0 0 0 0 0 0 0 0 0 0 0 0 0 2 
928 0 0 372 0 0 1 0 0 0 0 651 7 0 0 0 0 0 0 0 0 0 0 0 0 0 0 1 0 1 0 4 0 93 0 6 398 0 9 0 0 900 0 0 0 0 0 3986 87 0 0 0 4 0 0 0 0 0 0 0 0 0 0 0 0 0 0 0 0 0 0 0 0 0 0 0 0 0 0 0 0 0 0 
506 0 372 0 0 0 125 306 0 0 0 37 0 0 0 0 0 0 0 0 0 0 0 0 0 0 0 0 0 3 0 2 0 27 0 0 115 0 11 0 0 680 0 0 0 0 0 2211 0 0 0 0 20 0 0 0 0 0 0 0 0 0 0 0 0 0 0 0 0 0 0 0 0 0 0 0 0 0 0 0 0 0 0 
0 1 0 0 0 1931 362 0 1449 843 0 0 0 0 0 0 0 0 0 0 0 0 0 0 0 0 0 0 0 0 0 0 0 901 22 468 4103 15 0 0 0 0 0 0 0 0 0 0 0 0 0 0 0 0 0 0 0 0 0 0 0 0 0 0 0 0 0 0 0 0 0 0 0 0 0 0 0 0 0 0 0 0 0 
0 0 0 0 1931 0 266 0 2821 988 0 0 0 0 0 0 0 0 0 0 0 0 0 0 0 0 0 0 0 0 0 0 0 2 0 0 0 0 0 0 0 0 0 0 0 0 0 0 0 0 0 0 0 0 0 0 0 0 0 0 0 0 0 0 0 0 0 0 0 0 0 0 0 0 0 0 0 0 0 0 0 0 0 
88 163 1 125 362 266 0 599 1341 2215 0 3350 3201 0 0 0 68 1 0 0 0 0 0 0 0 0 0 0 0 0 0 0 0 76 366 14153 4068 10 367 0 0 79 0 4 1 0 0 11923 16877 0 0 0 3 257 0 0 0 0 0 0 0 0 0 0 0 0 0 0 0 0 0 0 0 0 0 0 0 0 0 0 0 0 0 
0 0 0 306 0 0 599 0 3545 513 507 262 10846 14660 0 0 94 8 0 0 0 0 0 0 0 0 0 0 0 0 0 0 0 0 1714 532 1637 1 0 0 0 0 0 0 0 0 0 60 1809 0 0 60 0 108 188 0 0 0 0 0 0 0 0 0 0 0 0 0 0 0 0 0 0 0 0 0 0 0 0 0 0 0 0 
0 0 0 0 1449 2821 1341 3545 0 2280 0 0 536 0 0 0 334 0 0 0 0 0 0 0 0 0 0 0 0 0 0 0 0 0 0 0 0 0 0 0 0 0 0 0 0 0 0 0 2 0 0 0 0 5 0 0 0 0 0 0 0 0 0 0 0 0 0 0 0 0 0 0 0 0 0 0 0 0 0 0 0 0 0 
4 3 0 0 843 988 2215 513 2280 0 398 0 282 10652 0 321 4710 1109 0 0 0 0 0 0 0 0 0 0 0 0 0 0 0 434 17068 3217 8645 364 0 0 0 0 0 0 0 0 0 0 1301 0 214 563 0 1 552 46 0 0 0 0 0 0 0 0 0 0 0 0 0 0 0 0 0 0 0 0 0 0 0 0 0 0 466 
0 0 0 0 0 0 0 507 0 398 0 0 384 4397 30 124 0 43 0 16 0 0 0 0 0 0 0 0 0 0 0 0 0 0 0 0 0 0 0 0 0 0 0 0 0 0 0 0 0 0 1 18 0 0 0 0 0 0 0 0 0 0 0 0 0 0 0 0 0 0 0 0 0 0 0 9 3 0 0 0 0 0 0 
37 0 651 37 0 0 3350 262 0 0 0 0 0 0 0 0 0 0 0 0 0 0 0 0 0 0 0 0 0 0 0 0 0 0 0 1 28 0 4 0 0 69 0 0 0 0 0 72 0 0 0 0 0 0 0 0 0 0 0 0 0 0 0 0 0 0 0 0 0 0 0 0 0 0 0 0 0 0 0 0 0 0 0 
0 0 7 0 0 0 3201 10846 536 282 384 0 0 57 0 0 870 14 0 0 0 0 0 0 0 0 0 0 0 0 0 0 0 0 192 125 230 0 0 0 0 0 0 0 0 0 0 0 80 0 0 0 0 0 0 0 0 0 0 0 0 0 0 0 0 0 0 0 0 0 0 0 0 0 0 0 0 0 0 0 0 0 0 
0 0 0 0 0 0 0 14660 0 10652 4397 0 57 0 182 1059 0 2893 0 1689 0 0 0 0 0 0 0 0 0 0 0 0 0 0 274 0 659 0 0 0 0 0 0 0 0 0 0 0 12 0 0 7 0 0 2 0 0 0 0 0 0 0 0 0 0 0 0 0 0 0 0 0 0 0 0 0 0 0 0 0 0 0 0 
0 0 0 0 0 0 0 0 0 0 30 0 0 182 0 0 0 4735 0 4496 11 0 0 0 0 0 0 0 0 0 0 0 0 0 0 0 0 0 0 0 0 0 0 0 0 0 0 0 0 0 0 0 0 0 0 2 0 0 184 0 1039 104 0 0 0 0 0 0 0 0 0 0 0 0 0 0 0 0 0 0 0 0 0 
0 0 0 0 0 0 0 0 0 321 124 0 0 1059 0 0 2867 1243 182 0 0 0 0 0 0 0 0 0 0 0 0 0 0 130 4140 891 99 1 0 0 0 0 0 0 0 0 0 0 8 0 690 42 0 0 367 275 42 0 3 0 32 0 0 0 0 0 0 0 0 0 0 0 0 0 0 0 0 0 0 0 0 0 98 
26 0 0 0 0 0 68 94 334 4710 0 0 870 0 0 2867 0 96 417 0 0 0 0 0 43 0 0 0 2692 1460 239 1658 1 603 963 83 2595 0 0 1008 2 0 0 0 0 0 0 0 457 0 0 0 0 59 0 0 0 0 0 0 0 0 0 0 0 0 0 0 0 0 0 0 0 0 0 0 0 0 0 0 0 0 27 
0 0 0 0 0 0 1 8 0 1109 43 0 14 2893 4735 1243 96 0 664 5357 4 0 979 18 953 29 0 0 548 0 0 0 0 32 1503 200 682 0 0 918 0 0 0 0 0 0 0 0 15 0 40 95 0 2 496 2005 18 0 450 0 9709 0 0 0 0 321 0 0 0 5 0 0 0 0 0 0 0 0 0 0 55 0 8 
0 0 0 0 0 0 0 0 0 0 0 0 0 0 0 182 417 664 0 0 0 0 3182 0 1097 0 0 0 5677 1206 25 68 0 141 2032 0 521 11 0 4151 120 0 0 0 0 0 0 0 0 0 0 0 0 0 0 23 0 0 0 0 1076 0 0 0 0 0 0 0 0 0 0 0 0 0 0 0 0 0 0 0 0 0 8 
0 0 0 0 0 0 0 0 0 0 16 0 0 1689 4496 0 0 5357 0 0 10 0 158 345 815 12 0 0 2613 0 0 0 0 0 0 0 17 0 0 297 0 0 0 0 0 0 0 0 0 0 0 0 0 0 0 304 0 0 1662 217 4458 0 0 2 0 2228 0 0 0 141 0 0 0 0 0 0 0 0 0 0 48 0 0 
0 0 0 0 0 0 0 0 0 0 0 0 0 0 11 0 0 4 0 10 0 1095 101 751 514 0 0 0 313 0 0 0 0 0 0 0 0 0 0 1 0 0 0 0 0 0 0 0 0 0 0 0 0 0 0 0 0 0 504 12 1416 6 0 4 0 759 0 0 0 311 0 0 0 0 0 0 0 0 0 0 0 0 0 
0 0 0 0 0 0 0 0 0 0 0 0 0 0 0 0 0 0 0 0 1095 0 65 67 1078 0 0 0 773 0 0 0 0 0 0 0 0 0 0 0 0 0 0 0 0 0 0 0 0 0 0 0 0 0 0 0 0 0 0 0 0 0 0 0 0 0 0 0 0 0 0 0 0 0 0 0 0 0 0 0 0 0 0 
0 0 0 0 0 0 0 0 0 0 0 0 0 0 0 0 0 979 3182 158 101 65 0 492 6342 0 0 0 10267 0 0 0 0 0 0 0 0 0 0 539 0 0 0 0 0 0 0 0 0 0 0 0 0 0 0 0 0 0 262 0 195 6 0 9 0 103 0 0 0 140 0 0 0 0 0 0 0 0 0 0 0 0 0 
0 0 0 0 0 0 0 0 0 0 0 0 0 0 0 0 0 18 0 345 751 67 492 0 1089 3 0 0 55 0 0 0 0 0 35 0 0 0 0 6 0 0 0 0 0 0 0 0 0 0 0 0 0 0 0 0 0 0 28 0 58 4 16 0 65 5 0 0 0 0 0 0 0 0 0 0 0 0 0 0 0 0 0 
5 0 0 0 0 0 0 0 0 0 0 0 0 0 0 0 43 953 1097 815 514 1078 6342 1089 0 12 0 0 45 2 0 0 0 31 101 3 209 79 20 843 0 0 0 0 0 0 0 0 0 0 0 0 0 0 0 0 0 0 100 0 2541 0 0 0 32 10 0 0 0 0 0 0 0 0 0 3 0 0 0 0 278 0 4 
0 0 0 0 0 0 0 0 0 0 0 0 0 0 0 0 0 29 0 12 0 0 0 3 12 0 0 0 0 0 0 0 0 0 0 0 0 0 0 4 0 0 0 0 0 0 0 0 0 0 0 0 0 0 0 0 0 0 0 0 0 0 0 0 0 0 0 0 0 0 0 0 0 0 0 0 0 0 0 0 0 0 0 
0 0 0 0 0 0 0 0 0 0 0 0 0 0 0 0 0 0 0 0 0 0 0 0 0 0 0 0 0 0 0 0 0 17 2 0 0 0 0 1 0 0 0 0 0 0 0 0 0 0 0 0 0 0 0 0 0 0 0 0 0 0 0 0 0 0 0 0 0 0 0 0 0 0 0 0 0 0 0 0 0 0 0 
175 0 1 0 0 0 0 0 0 0 0 0 0 0 0 0 0 0 0 0 0 0 0 0 0 0 0 0 0 0 0 0 0 908 0 0 0 0 0 0 0 0 0 0 0 0 0 0 0 0 0 0 0 0 0 0 0 0 0 0 0 0 0 0 0 0 0 0 0 0 0 0 0 0 0 0 0 0 0 0 0 0 0 
287 0 0 0 0 0 0 0 0 0 0 0 0 0 0 0 2692 548 5677 2613 313 773 10267 55 45 0 0 0 0 2085 602 143 0 529 26 5 46 13 48 479 0 0 0 0 0 0 0 0 0 0 0 0 0 0 0 0 0 0 14 0 250 0 0 0 0 19 0 0 0 0 0 0 0 0 0 0 0 0 0 0 64 0 5 
266 0 1 3 0 0 0 0 0 0 0 0 0 0 0 0 1460 0 1206 0 0 0 0 0 2 0 0 0 2085 0 621 263 0 834 4 0 6 1 0 0 0 0 0 0 0 0 0 0 0 0 0 0 0 0 0 0 0 0 0 0 0 0 0 0 0 0 0 0 0 0 0 0 0 0 0 0 0 0 0 0 0 0 2 
0 0 0 0 0 0 0 0 0 0 0 0 0 0 0 0 239 0 25 0 0 0 0 0 0 0 0 0 602 621 0 151 0 0 17 0 62 0 0 3 0 0 0 0 0 0 0 0 0 0 0 0 0 0 0 0 0 0 0 0 0 0 0 0 0 0 0 0 0 0 0 0 0 0 0 0 0 0 0 0 0 0 0 
51 0 4 2 0 0 0 0 0 0 0 0 0 0 0 0 1658 0 68 0 0 0 0 0 0 0 0 0 143 263 151 0 922 818 17 0 12 0 0 0 0 0 0 0 0 0 0 0 0 0 0 0 0 0 0 0 0 0 0 0 0 0 0 0 0 0 0 0 0 0 0 0 0 0 0 0 0 0 0 0 0 0 0 
0 0 0 0 0 0 0 0 0 0 0 0 0 0 0 0 1 0 0 0 0 0 0 0 0 0 0 0 0 0 0 922 0 0 0 0 0 0 0 0 0 0 0 0 0 0 0 0 0 0 0 0 0 0 0 0 0 0 0 0 0 0 0 0 0 0 0 0 0 0 0 0 0 0 0 0 0 0 0 0 0 0 0 
2612 756 93 27 901 2 76 0 0 434 0 0 0 0 0 130 603 32 141 0 0 0 0 0 31 0 17 908 529 834 0 818 0 0 45 3 133 0 2 0 0 0 0 0 0 0 0 0 0 0 0 0 0 0 0 0 0 0 0 0 0 0 0 0 0 0 0 0 0 0 0 0 0 0 0 0 0 0 0 0 0 0 19 
3 316 0 0 22 0 366 1714 0 17068 0 0 192 274 0 4140 963 1503 2032 0 0 0 0 35 101 0 2 0 26 4 17 17 0 45 0 398 251 247 0 271 337 0 0 0 0 0 0 0 9378 0 0 12 0 0 217 0 0 0 0 0 0 0 0 0 0 0 0 0 0 0 0 0 0 0 0 0 0 0 0 0 0 0 147 
125 1979 6 0 468 0 14153 532 0 3217 0 1 125 0 0 891 83 200 0 0 0 0 0 0 3 0 0 0 5 0 0 0 0 3 398 0 13 0 0 16 0 0 0 0 0 0 0 0 3515 0 0 1 0 10 0 0 0 0 0 0 0 0 0 0 0 0 0 0 0 0 0 0 0 0 0 0 0 0 0 0 0 0 0 
1731 2402 398 115 4103 0 4068 1637 0 8645 0 28 230 659 0 99 2595 682 521 17 0 0 0 0 209 0 0 0 46 6 62 12 0 133 251 13 0 2 8 7 0 0 0 0 0 0 0 0 1072 0 0 0 0 8 19 0 0 0 0 0 0 0 0 0 0 0 0 0 0 0 0 0 0 0 0 0 0 0 0 0 0 0 403 
0 121 0 0 15 0 10 1 0 364 0 0 0 0 0 1 0 0 11 0 0 0 0 0 79 0 0 0 13 1 0 0 0 0 247 0 2 0 0 6 0 0 0 0 0 0 0 0 0 0 0 0 0 0 0 0 0 0 0 0 0 0 0 0 0 0 0 0 0 0 0 0 0 0 0 0 0 0 0 0 0 0 7442 
13 0 9 11 0 0 367 0 0 0 0 4 0 0 0 0 0 0 0 0 0 0 0 0 20 0 0 0 48 0 0 0 0 2 0 0 8 0 0 0 0 2 0 0 0 0 0 0 0 0 0 0 0 0 0 0 0 0 0 0 0 0 0 0 0 0 0 0 0 0 0 0 0 0 0 0 0 0 0 0 0 0 0 
0 0 0 0 0 0 0 0 0 0 0 0 0 0 0 0 1008 918 4151 297 1 0 539 6 843 4 1 0 479 0 3 0 0 0 271 16 7 6 0 0 14 0 0 0 0 0 0 0 0 0 0 0 0 0 2 14 1 0 171 0 1251 89 0 0 0 0 0 0 0 0 0 0 0 0 0 61 0 0 0 0 0 0 9 
0 0 0 0 0 0 0 0 0 0 0 0 0 0 0 0 2 0 120 0 0 0 0 0 0 0 0 0 0 0 0 0 0 0 337 0 0 0 0 14 0 0 0 0 0 0 0 0 0 0 0 0 0 0 0 0 0 0 0 0 0 0 0 0 0 0 0 0 0 0 0 0 0 0 0 0 0 0 0 0 0 0 1 
326 0 900 680 0 0 79 0 0 0 0 69 0 0 0 0 0 0 0 0 0 0 0 0 0 0 0 0 0 0 0 0 0 0 0 0 0 0 2 0 0 0 128 0 1645 1175 0 324 0 0 0 0 555 0 0 0 0 0 0 0 0 0 0 0 0 0 0 0 0 0 0 0 0 0 165 0 556 1613 0 2174 0 0 0 
0 0 0 0 0 0 0 0 0 0 0 0 0 0 0 0 0 0 0 0 0 0 0 0 0 0 0 0 0 0 0 0 0 0 0 0 0 0 0 0 0 128 0 0 0 142 0 0 0 0 0 0 0 0 0 0 0 0 0 0 0 0 0 0 0 0 0 0 0 0 0 0 0 0 96 0 49 413 0 0 0 0 0 
0 0 0 0 0 0 4 0 0 0 0 0 0 0 0 0 0 0 0 0 0 0 0 0 0 0 0 0 0 0 0 0 0 0 0 0 0 0 0 0 0 0 0 0 149 0 0 0 0 0 0 0 26 11 0 0 0 0 0 0 0 0 0 0 0 0 0 0 0 0 0 0 0 0 0 0 0 0 0 0 0 0 0 
0 0 0 0 0 0 1 0 0 0 0 0 0 0 0 0 0 0 0 0 0 0 0 0 0 0 0 0 0 0 0 0 0 0 0 0 0 0 0 0 0 1645 0 149 0 0 0 87 167 0 0 0 0 0 0 0 0 0 0 0 0 0 0 0 0 0 0 0 0 0 0 0 0 0 2 0 0 29 1 0 0 0 0 
0 0 0 0 0 0 0 0 0 0 0 0 0 0 0 0 0 0 0 0 0 0 0 0 0 0 0 0 0 0 0 0 0 0 0 0 0 0 0 0 0 1175 142 0 0 0 406 21 284 81 0 0 0 0 0 0 0 0 0 0 0 0 0 0 0 0 0 0 0 0 0 0 0 0 2004 0 0 344 0 0 0 0 0 
0 0 0 0 0 0 0 0 0 0 0 0 0 0 0 0 0 0 0 0 0 0 0 0 0 0 0 0 0 0 0 0 0 0 0 0 0 0 0 0 0 0 0 0 0 406 0 166 4519 6017 2846 0 0 0 0 0 90 0 813 3 0 0 0 0 0 0 0 0 0 0 0 0 0 0 151 0 0 14 0 0 0 0 0 
793 0 3986 2211 0 0 11923 60 0 0 0 72 0 0 0 0 0 0 0 0 0 0 0 0 0 0 0 0 0 0 0 0 0 0 0 0 0 0 0 0 0 324 0 0 87 21 166 0 862 439 0 0 1411 121 0 0 0 0 0 0 0 0 0 0 0 0 0 0 0 0 0 0 0 0 2634 486 12667 9281 76 59 0 0 109 
1 0 87 0 0 0 16877 1809 2 1301 0 0 80 12 0 8 457 15 0 0 0 0 0 0 0 0 0 0 0 0 0 0 0 0 9378 3515 1072 0 0 0 0 0 0 0 167 284 4519 862 0 448 1342 1 373 2096 1326 0 0 0 0 0 0 0 0 0 0 0 0 0 0 0 0 0 0 0 4900 12625 7037 16566 870 0 0 0 223 
0 0 0 0 0 0 0 0 0 0 0 0 0 0 0 0 0 0 0 0 0 0 0 0 0 0 0 0 0 0 0 0 0 0 0 0 0 0 0 0 0 0 0 0 0 81 6017 439 448 0 2990 0 0 0 0 0 0 0 0 0 0 0 0 0 0 0 0 0 0 0 0 0 0 0 313 0 0 5 0 0 0 0 0 
0 0 0 0 0 0 0 0 0 214 1 0 0 0 0 690 0 40 0 0 0 0 0 0 0 0 0 0 0 0 0 0 0 0 0 0 0 0 0 0 0 0 0 0 0 0 2846 0 1342 2990 0 249 0 0 614 8 1506 85 1907 251 0 0 0 0 0 0 0 0 0 0 0 0 0 0 2216 8267 556 14783 0 0 0 0 35 
0 0 0 0 0 0 0 60 0 563 18 0 0 7 0 42 0 95 0 0 0 0 0 0 0 0 0 0 0 0 0 0 0 0 12 1 0 0 0 0 0 0 0 0 0 0 0 0 1 0 249 0 0 0 459 1 69 0 0 0 0 0 0 0 0 0 0 0 0 0 0 0 0 0 0 146 98 0 0 0 0 0 0 
0 0 4 20 0 0 3 0 0 0 0 0 0 0 0 0 0 0 0 0 0 0 0 0 0 0 0 0 0 0 0 0 0 0 0 0 0 0 0 0 0 555 0 26 0 0 0 1411 373 0 0 0 0 0 0 0 0 0 0 0 0 0 0 0 0 0 0 0 0 0 0 0 0 0 0 0 0 0 0 0 0 0 0 
0 0 0 0 0 0 257 108 5 1 0 0 0 0 0 0 59 2 0 0 0 0 0 0 0 0 0 0 0 0 0 0 0 0 0 10 8 0 0 0 0 0 0 11 0 0 0 121 2096 0 0 0 0 0 0 0 0 0 0 0 0 0 0 0 0 0 0 0 0 0 0 0 0 0 0 0 0 0 0 0 0 0 0 
0 0 0 0 0 0 0 188 0 552 0 0 0 2 0 367 0 496 0 0 0 0 0 0 0 0 0 0 0 0 0 0 0 0 217 0 19 0 0 2 0 0 0 0 0 0 0 0 1326 0 614 459 0 0 0 15 3 0 0 0 1986 0 0 0 0 0 0 0 0 0 0 0 0 0 0 0 0 0 0 0 0 0 0 
0 0 0 0 0 0 0 0 0 46 0 0 0 0 2 275 0 2005 23 304 0 0 0 0 0 0 0 0 0 0 0 0 0 0 0 0 0 0 0 14 0 0 0 0 0 0 0 0 0 0 8 1 0 0 15 0 0 0 1961 0 3724 792 0 389 0 0 0 0 0 0 0 0 0 0 0 0 0 0 0 0 0 0 0 
0 0 0 0 0 0 0 0 0 0 0 0 0 0 0 42 0 18 0 0 0 0 0 0 0 0 0 0 0 0 0 0 0 0 0 0 0 0 0 1 0 0 0 0 0 0 90 0 0 0 1506 69 0 0 3 0 0 220 1587 2819 1 0 0 0 0 0 0 0 0 18 570 659 135 17 5841 773 66 2854 0 0 0 0 0 
0 0 0 0 0 0 0 0 0 0 0 0 0 0 0 0 0 0 0 0 0 0 0 0 0 0 0 0 0 0 0 0 0 0 0 0 0 0 0 0 0 0 0 0 0 0 0 0 0 0 85 0 0 0 0 0 220 0 1338 4822 0 0 0 1 0 0 0 0 0 0 105 3372 716 24 769 0 0 0 0 0 0 0 0 
0 0 0 0 0 0 0 0 0 0 0 0 0 0 184 3 0 450 0 1662 504 0 262 28 100 0 0 0 14 0 0 0 0 0 0 0 0 0 0 171 0 0 0 0 0 0 813 0 0 0 1907 0 0 0 0 1961 1587 1338 0 5549 565 60 511 448 101 735 237 0 0 262 0 0 51 231 4088 4785 8 2137 28 0 1299 526 0 
0 0 0 0 0 0 0 0 0 0 0 0 0 0 0 0 0 0 0 217 12 0 0 0 0 0 0 0 0 0 0 0 0 0 0 0 0 0 0 0 0 0 0 0 0 0 3 0 0 0 251 0 0 0 0 0 2819 4822 5549 0 1701 0 0 547 0 2388 0 0 0 1225 3324 161 1342 389 487 476 0 427 74 0 719 1013 0 
0 0 0 0 0 0 0 0 0 0 0 0 0 0 1039 32 0 9709 1076 4458 1416 0 195 58 2541 0 0 0 250 0 0 0 0 0 0 0 0 0 0 1251 0 0 0 0 0 0 0 0 0 0 0 0 0 0 1986 3724 1 0 565 1701 0 156 0 157 4 82 4 0 0 6 0 0 0 0 0 3535 0 0 0 0 94 13 0 
0 0 0 0 0 0 0 0 0 0 0 0 0 0 104 0 0 0 0 0 6 0 6 4 0 0 0 0 0 0 0 0 0 0 0 0 0 0 0 89 0 0 0 0 0 0 0 0 0 0 0 0 0 0 0 792 0 0 60 0 156 0 2881 317 235 0 38 0 0 0 0 0 0 0 0 0 0 0 0 0 0 0 0 
0 0 0 0 0 0 0 0 0 0 0 0 0 0 0 0 0 0 0 0 0 0 0 16 0 0 0 0 0 0 0 0 0 0 0 0 0 0 0 0 0 0 0 0 0 0 0 0 0 0 0 0 0 0 0 0 0 0 511 0 0 2881 0 1482 778 175 0 0 0 12 0 0 0 0 0 0 0 0 0 0 0 0 0 
0 0 0 0 0 0 0 0 0 0 0 0 0 0 0 0 0 0 0 2 4 0 9 0 0 0 0 0 0 0 0 0 0 0 0 0 0 0 0 0 0 0 0 0 0 0 0 0 0 0 0 0 0 0 0 389 0 1 448 547 157 317 1482 0 324 5135 59 0 0 11256 653 0 0 0 0 0 0 0 0 0 3 0 0 
0 0 0 0 0 0 0 0 0 0 0 0 0 0 0 0 0 0 0 0 0 0 0 65 32 0 0 0 0 0 0 0 0 0 0 0 0 0 0 0 0 0 0 0 0 0 0 0 0 0 0 0 0 0 0 0 0 0 101 0 4 235 778 324 0 3896 0 0 0 0 0 0 0 0 0 0 0 0 0 0 0 0 0 
0 0 0 0 0 0 0 0 0 0 0 0 0 0 0 0 0 321 0 2228 759 0 103 5 10 0 0 0 19 0 0 0 0 0 0 0 0 0 0 0 0 0 0 0 0 0 0 0 0 0 0 0 0 0 0 0 0 0 735 2388 82 0 175 5135 3896 0 10 0 0 3112 560 0 23 0 36 0 0 453 0 0 16 186 0 
0 0 0 0 0 0 0 0 0 0 0 0 0 0 0 0 0 0 0 0 0 0 0 0 0 0 0 0 0 0 0 0 0 0 0 0 0 0 0 0 0 0 0 0 0 0 0 0 0 0 0 0 0 0 0 0 0 0 237 0 4 38 0 59 0 10 0 1 0 0 0 0 0 0 0 0 0 0 0 0 0 0 0 
0 0 0 0 0 0 0 0 0 0 0 0 0 0 0 0 0 0 0 0 0 0 0 0 0 0 0 0 0 0 0 0 0 0 0 0 0 0 0 0 0 0 0 0 0 0 0 0 0 0 0 0 0 0 0 0 0 0 0 0 0 0 0 0 0 0 1 0 0 0 0 0 0 0 14 0 0 0 0 0 5 0 0 
0 0 0 0 0 0 0 0 0 0 0 0 0 0 0 0 0 0 0 0 0 0 0 0 0 0 0 0 0 0 0 0 0 0 0 0 0 0 0 0 0 0 0 0 0 0 0 0 0 0 0 0 0 0 0 0 0 0 0 0 0 0 0 0 0 0 0 0 0 0 0 0 15 0 409 0 0 3 0 0 0 5 0 
0 0 0 0 0 0 0 0 0 0 0 0 0 0 0 0 0 5 0 141 311 0 140 0 0 0 0 0 0 0 0 0 0 0 0 0 0 0 0 0 0 0 0 0 0 0 0 0 0 0 0 0 0 0 0 0 18 0 262 1225 6 0 12 11256 0 3112 0 0 0 0 870 3 781 53 368 0 0 1018 0 0 0 201 0 
0 0 0 0 0 0 0 0 0 0 0 0 0 0 0 0 0 0 0 0 0 0 0 0 0 0 0 0 0 0 0 0 0 0 0 0 0 0 0 0 0 0 0 0 0 0 0 0 0 0 0 0 0 0 0 0 570 105 0 3324 0 0 0 653 0 560 0 0 0 870 0 156 297 0 216 0 0 0 0 0 0 0 0 
0 0 0 0 0 0 0 0 0 0 0 0 0 0 0 0 0 0 0 0 0 0 0 0 0 0 0 0 0 0 0 0 0 0 0 0 0 0 0 0 0 0 0 0 0 0 0 0 0 0 0 0 0 0 0 0 659 3372 0 161 0 0 0 0 0 0 0 0 0 3 156 0 312 0 0 0 0 0 0 0 0 0 0 
0 0 0 0 0 0 0 0 0 0 0 0 0 0 0 0 0 0 0 0 0 0 0 0 0 0 0 0 0 0 0 0 0 0 0 0 0 0 0 0 0 0 0 0 0 0 0 0 0 0 0 0 0 0 0 0 135 716 51 1342 0 0 0 0 0 23 0 0 15 781 297 312 0 62 77 0 0 15 0 0 0 0 0 
0 0 0 0 0 0 0 0 0 0 0 0 0 0 0 0 0 0 0 0 0 0 0 0 0 0 0 0 0 0 0 0 0 0 0 0 0 0 0 0 0 0 0 0 0 0 0 0 0 0 0 0 0 0 0 0 17 24 231 389 0 0 0 0 0 0 0 0 0 53 0 0 62 0 71 0 0 0 0 0 0 0 0 
0 0 0 0 0 0 0 0 0 0 0 0 0 0 0 0 0 0 0 0 0 0 0 0 0 0 0 0 0 0 0 0 0 0 0 0 0 0 0 0 0 165 96 0 2 2004 151 2634 4900 313 2216 0 0 0 0 0 5841 769 4088 487 0 0 0 0 0 36 0 14 409 368 216 0 77 71 0 0 0 37 0 0 0 0 1 
0 0 0 0 0 0 0 0 0 0 9 0 0 0 0 0 0 0 0 0 0 0 0 0 3 0 0 0 0 0 0 0 0 0 0 0 0 0 0 61 0 0 0 0 0 0 0 486 12625 0 8267 146 0 0 0 0 773 0 4785 476 3535 0 0 0 0 0 0 0 0 0 0 0 0 0 0 0 82 61 120 0 25 0 26 
0 0 0 0 0 0 0 0 0 0 3 0 0 0 0 0 0 0 0 0 0 0 0 0 0 0 0 0 0 0 0 0 0 0 0 0 0 0 0 0 0 556 49 0 0 0 0 12667 7037 0 556 98 0 0 0 0 66 0 8 0 0 0 0 0 0 0 0 0 0 0 0 0 0 0 0 82 0 2 5 0 0 0 590 
0 0 0 0 0 0 0 0 0 0 0 0 0 0 0 0 0 0 0 0 0 0 0 0 0 0 0 0 0 0 0 0 0 0 0 0 0 0 0 0 0 1613 413 0 29 344 14 9281 16566 5 14783 0 0 0 0 0 2854 0 2137 427 0 0 0 0 0 453 0 0 3 1018 0 0 15 0 37 61 2 0 6 0 0 0 314 
0 0 0 0 0 0 0 0 0 0 0 0 0 0 0 0 0 0 0 0 0 0 0 0 0 0 0 0 0 0 0 0 0 0 0 0 0 0 0 0 0 0 0 0 1 0 0 76 870 0 0 0 0 0 0 0 0 0 28 74 0 0 0 0 0 0 0 0 0 0 0 0 0 0 0 120 5 6 0 0 0 0 6748 
0 0 0 0 0 0 0 0 0 0 0 0 0 0 0 0 0 0 0 0 0 0 0 0 0 0 0 0 0 0 0 0 0 0 0 0 0 0 0 0 0 2174 0 0 0 0 0 59 0 0 0 0 0 0 0 0 0 0 0 0 0 0 0 0 0 0 0 0 0 0 0 0 0 0 0 0 0 0 0 0 0 0 1 
0 0 0 0 0 0 0 0 0 0 0 0 0 0 0 0 0 55 0 48 0 0 0 0 278 0 0 0 64 0 0 0 0 0 0 0 0 0 0 0 0 0 0 0 0 0 0 0 0 0 0 0 0 0 0 0 0 0 1299 719 94 0 0 3 0 16 0 5 0 0 0 0 0 0 0 25 0 0 0 0 0 0 0 
0 0 0 0 0 0 0 0 0 0 0 0 0 0 0 0 0 0 0 0 0 0 0 0 0 0 0 0 0 0 0 0 0 0 0 0 0 0 0 0 0 0 0 0 0 0 0 0 0 0 0 0 0 0 0 0 0 0 526 1013 13 0 0 0 0 186 0 0 5 201 0 0 0 0 0 0 0 0 0 0 0 0 0 
0 2 0 0 0 0 0 0 0 466 0 0 0 0 0 98 27 8 8 0 0 0 0 0 4 0 0 0 5 2 0 0 0 19 147 0 403 7442 0 9 1 0 0 0 0 0 0 109 223 0 35 0 0 0 0 0 0 0 0 0 0 0 0 0 0 0 0 0 0 0 0 0 0 0 1 26 590 314 6748 1 0 0 0 
