0.5
0.33666667
0.58974359
0.33333333
0.32142857
0.45454545
0.37368421
0.42307692
0.17777778
0.375
0.31054131
0.43939394
0.46428571
0.32193732
0.37179487
0.54545455
0.34210526
0.53333333
0.31818182
0.31868132
0.26373626
0.47619048
0.32727273
0.25274725
0.4
0.60606061
0.44444444
0.47252747
0.58333333
0.25296443
0.42631579
0.26923077
0.32142857
0.37179487
0.36666667
0.42424242
0.52380952
0.0
0.32679739
0.4952381
0.37368421
0.43636364
0.57142857
0.3030303
0.37426901
0.28615385
0.37142857
0.35714286
0.45054945
1.0
0.42105263
0.63636364
0.53333333
0.55555556
0.76190476
0.33333333
0.37142857
0.2745098
0.35897436
0.60606061
0.19444444
0.33333333
0.22807018
0.30994152
0.27248677
0.33684211
0.39492754
0.55
0.35384615
0.31818182
0.59558824
0.25
0.37142857
0.25862069
