0.32380952
0.17142857
0.20261438
0.24444444
0.29090909
0.28787879
0.16190476
0.26333333
0.28676471
0.30065359
0.24736842
0.26666667
0.26470588
0.28571429
0.5
0.2
0.38461538
0.28205128
0.21904762
0.25666667
0.27272727
0.23715415
0.17948718
0.1978022
0.23076923
0.28985507
0.28571429
0.41666667
0.47058824
0.26108374
0.16190476
0.23809524
0.36263736
0.32900433
0.15555556
0.16883117
0.10606061
0.14102564
0.21568627
0.28104575
0.19047619
0.2748538
0.24836601
0.17948718
0.2
0.20952381
0.23870968
0.33333333
0.25132275
0.14285714
0.28787879
0.375
0.33333333
0.25833333
0.19444444
0.20779221
0.39705882
0.33333333
0.21212121
0.25490196
0.13333333
0.1
0.26190476
0.26333333
0.52777778
0.1978022
0.29437229
0.28205128
0.20512821
0.24086022
0.33992095
0.3030303
0.25735294
0.21323529
