2.3875
2.38271605
2.81707317
2.58024691
4.01234568
2.91025641
2.43209877
2.51219512
3.07407407
2.19753086
0.0
2.45121951
2.24390244
2.07317073
2.36708861
2.41463415
2.07317073
2.91463415
2.91463415
2.25609756
2.35
2.925
2.43209877
2.75308642
2.45679012
2.59756098
2.71604938
2.45121951
2.23170732
2.54878049
2.74390244
2.30487805
2.91463415
2.82926829
2.51282051
2.46341463
2.50617284
2.3902439
2.23170732
1.91358025
2.45679012
2.4691358
2.85365854
2.2195122
3.575
2.4875
2.175
2.7654321
2.08536585
2.92405063
2.7654321
2.40243902
0.0
2.90123457
3.01234568
2.43209877
2.17073171
2.30487805
3.20987654
2.31707317
2.45121951
3.0125
2.71604938
2.08641975
2.81012658
3.07407407
2.42682927
1.8902439
2.09756098
2.42682927
2.02439024
2.57317073
2.32098765
1.98765432
