1.8875
2.43209877
2.45121951
2.40740741
2.5308642
2.33333333
2.4691358
2.17073171
2.61728395
2.12345679
2.38271605
2.57317073
2.31707317
1.91463415
3.02531646
2.42682927
2.07317073
2.51219512
2.3902439
2.0
2.0
2.8375
1.90123457
2.61728395
2.56790123
2.18292683
2.07407407
2.08536585
2.18292683
2.35365854
2.2804878
2.31707317
2.2195122
2.42682927
2.51282051
2.24390244
2.16049383
2.26829268
2.43902439
2.65432099
2.74074074
2.01234568
2.8902439
2.18292683
2.025
2.4
2.0125
2.02469136
2.07317073
2.48101266
2.34567901
2.32926829
2.02531646
2.54320988
2.41975309
2.56790123
1.86585366
1.92682927
2.41975309
2.03658537
2.84146341
3.2625
1.85185185
2.01234568
2.24050633
2.82716049
2.34146341
2.2804878
2.20731707
1.90243902
2.2195122
2.07317073
2.44444444
2.39506173
