0.35555556
0.53571429
0.58181818
0.0
0.83333333
0.44852941
1.0
0.0
0.16666667
0.37777778
0.33333333
0.28888889
0.46428571
0.8
1.0
0.71428571
0.61904762
0.0
0.6
0.36666667
0.3
0.35968379
0.3
0.33333333
0.83333333
0.66666667
0.61904762
0.36666667
0.42647059
0.45454545
0.33333333
0.27272727
0.36111111
0.0
0.32967033
0.9
0.51428571
0.33333333
0.30555556
0.6
0.73333333
0.58333333
0.66666667
0.28571429
0.4
0.36842105
0.66666667
1.0
0.50549451
0.17777778
0.66666667
0.3
0.42857143
0.9
0.0
0.33333333
0.53676471
0.45652174
1.0
0.9
0.0
0.5
0.33333333
0.39393939
0.31168831
0.4
0.71428571
0.93333333
0.37666667
0.47272727
0.36263736
0.47619048
0.36666667
0.0
