0.42857143
0.31111111
0.26666667
0.5
0.34558824
0.38095238
0.21904762
0.16666667
0.38888889
0.30833333
0.23636364
0.24358974
0.38095238
0.7
0.23376623
0.30434783
0.24444444
0.0
0.2
0.16666667
0.30909091
0.33333333
0.33333333
0.18181818
0.25263158
0.33333333
0.37142857
0.32051282
0.28571429
0.39285714
0.37777778
0.18681319
0.2
0.32411067
0.5
0.37777778
0.28571429
0.39285714
0.2
0.26666667
0.25925926
0.41666667
0.28063241
0.1
0.4
0.32142857
0.23076923
0.21978022
0.25490196
0.06666667
0.28787879
0.28078818
0.2
0.21904762
0.26900585
0.28571429
0.46666667
0.30555556
0.0
0.27173913
0.28888889
0.66666667
0.63888889
0.39393939
0.30769231
0.2
0.3083004
0.41666667
0.28571429
0.9
0.28571429
0.26666667
0.21428571
0.52380952
