0.34782609
0.30909091
0.16666667
0.16363636
0.39393939
0.0
0.36758893
0.26923077
0.25
0.34166667
0.43722944
0.33333333
0.24242424
0.42424242
0.33333333
0.25333333
0.31868132
0.41176471
0.42105263
0.6
0.10714286
0.31578947
0.16666667
0.33333333
0.42424242
0.375
0.57142857
0.19298246
0.16666667
0.38011696
0.33992095
0.33333333
0.5
0.42857143
0.28333333
0.32352941
0.16666667
0.25
0.38095238
0.46666667
0.39047619
0.30769231
0.61904762
0.26666667
0.45588235
0.33333333
0.29166667
0.23636364
0.41880342
0.36363636
0.06666667
0.21666667
0.52777778
0.28654971
0.4
0.29239766
0.41798942
0.41818182
0.26666667
0.8
0.31111111
0.35714286
0.25
0.3
0.0
0.25
0.33333333
0.4
0.58823529
0.40526316
0.42028986
0.0
0.35714286
0.32380952
