2.225
2.56790123
2.41463415
2.19753086
2.12345679
2.69230769
2.59259259
2.29268293
2.35802469
2.30864198
2.16049383
2.2195122
2.74390244
2.29268293
2.39240506
3.41463415
2.74390244
2.84146341
2.48780488
2.30487805
2.375
2.7
2.08641975
2.80246914
2.66666667
2.37804878
2.24691358
2.52439024
2.20731707
2.26829268
2.47560976
2.69512195
2.35365854
2.01219512
2.38461538
2.67073171
2.38271605
2.47560976
2.36585366
3.61728395
2.44444444
2.75308642
1.87804878
2.47560976
2.7375
2.7875
1.95
2.49382716
2.17073171
2.26582278
2.55555556
2.47560976
2.25316456
2.07407407
2.67901235
2.72839506
2.30487805
2.1097561
2.13580247
2.04878049
2.5
2.2125
2.2345679
2.67901235
2.20253165
2.22222222
2.42682927
2.1097561
2.01219512
2.15853659
2.34146341
2.51219512
2.65432099
3.08641975
