0.29
0.4
0.46428571
0.5
0.28888889
0.24175824
0.32105263
0.3
0.33333333
0.4
0.18181818
0.26470588
0.22510823
0.38181818
0.11111111
0.38095238
0.29824561
0.42857143
0.33333333
0.46969697
0.12820513
0.4
0.25730994
0.29090909
0.29090909
0.33333333
0.25714286
0.26470588
0.52727273
0.48888889
0.37179487
0.33333333
0.46783626
0.43956044
0.17142857
0.47619048
0.12820513
0.47619048
0.22727273
0.19444444
0.53333333
0.26666667
0.37777778
0.41666667
0.25146199
0.25974026
0.48888889
0.22807018
0.37878788
0.17582418
0.39393939
0.06666667
0.35714286
0.28571429
0.25274725
0.3
0.33333333
0.5
0.22222222
0.6
0.0
0.16666667
0.275
0.32163743
0.2967033
0.33333333
0.34545455
0.33333333
0.25789474
0.4248366
0.43384615
0.225
0.38181818
0.28571429
