1.8875
2.13580247
1.93902439
2.17283951
2.02469136
2.0
2.14814815
1.87804878
2.04938272
2.16049383
2.01234568
1.96341463
2.52439024
1.86585366
2.64556962
2.25609756
1.92682927
1.75609756
2.46341463
1.91463415
2.15
2.05
2.85185185
2.49382716
2.22222222
2.14634146
2.03703704
1.92682927
2.12195122
1.90243902
1.81707317
2.19512195
1.98780488
2.3902439
1.80769231
2.26829268
2.12345679
2.36585366
1.91463415
2.11111111
2.20987654
2.69135802
2.45121951
1.91463415
2.5125
2.2
2.05
2.62962963
1.65853659
3.07594937
2.2962963
2.29268293
2.29113924
2.0
2.48148148
1.69135802
1.96341463
2.25609756
2.24691358
2.1097561
2.29268293
2.5375
2.28395062
1.9382716
2.43037975
2.08641975
2.03658537
2.06097561
1.76829268
1.74390244
1.93902439
2.67073171
3.27160494
1.92592593
