0.48717949
0.36363636
0.5
0.31372549
0.33333333
0.36190476
0.5
0.51282051
0.71428571
0.7
0.45789474
0.41818182
0.66666667
0.66666667
0.2
0.34387352
0.39047619
0.4
0.66666667
0.41666667
0.19047619
0.6
0.46666667
0.36263736
0.32967033
0.43333333
0.33333333
0.35714286
0.45054945
0.36363636
0.51578947
0.38461538
0.54545455
0.40909091
0.6
0.33333333
0.51515152
0.2
0.5
0.83333333
0.40441176
0.4
0.66666667
0.53333333
0.46666667
0.40909091
0.38562092
0.46969697
0.35238095
0.66666667
0.30833333
0.38947368
0.6
0.57142857
0.24358974
0.83333333
0.57142857
0.82222222
0.3030303
0.4
0.28571429
0.25
0.33333333
0.6
0.43333333
1.0
0.37179487
0.41520468
0.53333333
0.55555556
0.40952381
0.4
0.33333333
0.66666667
