1.75
1.79012346
2.03658537
2.62962963
2.0
1.79487179
1.7654321
1.92682927
1.92592593
1.67901235
1.74074074
2.09756098
1.90243902
1.54878049
1.92405063
1.76829268
1.7195122
1.98780488
1.8902439
1.76829268
1.8625
1.75
2.04938272
1.83950617
1.95061728
1.90243902
1.7037037
1.87804878
1.70731707
1.85365854
1.73170732
1.85365854
1.86585366
1.86585366
1.94871795
1.68292683
1.71604938
1.82926829
1.6097561
1.85185185
1.62962963
2.02469136
1.90243902
1.91463415
1.7
1.7
1.7125
1.88888889
1.63414634
2.03797468
1.90123457
1.84146341
1.59493671
1.7037037
1.90123457
1.7037037
1.58536585
1.58536585
2.37037037
1.82926829
1.7804878
2.4625
2.07407407
1.87654321
1.81012658
1.83950617
1.85365854
1.67073171
1.59756098
1.68292683
1.69512195
1.81707317
1.91358025
1.82716049
