0.0
2.49382716
3.82926829
2.90123457
2.97530864
2.47435897
2.39506173
2.20731707
0.0
0.0
2.54320988
2.64634146
2.37804878
2.1097561
2.84810127
2.62195122
2.62195122
2.48780488
2.32926829
2.20731707
2.7
2.4
2.2962963
2.2962963
2.61728395
2.69512195
2.50617284
2.37804878
2.03658537
2.45121951
2.67073171
2.92682927
2.09756098
2.35365854
2.35897436
2.08536585
2.49382716
2.67073171
2.8902439
2.74074074
2.20987654
2.41975309
2.57317073
2.41463415
2.3875
2.3125
2.15
0.0
2.23170732
2.72151899
2.03703704
2.01219512
2.49367089
2.16049383
2.44444444
2.24691358
2.08536585
2.23170732
2.81481481
2.03658537
3.01219512
3.0875
2.2962963
2.43209877
2.56962025
2.38271605
2.06097561
2.41463415
2.18292683
2.34146341
1.95121951
2.5
2.39506173
2.34567901
