2.3875
2.22222222
3.08536585
2.7654321
2.25925926
2.3974359
2.2345679
2.36585366
2.5308642
2.30864198
2.24691358
2.85365854
2.74390244
2.08536585
2.05063291
2.02439024
2.48780488
2.14634146
2.40243902
2.34146341
2.7125
2.2375
2.54320988
2.43209877
2.61728395
2.18292683
2.43209877
2.03658537
2.57317073
2.1097561
2.26829268
2.53658537
3.08536585
2.41463415
2.30769231
2.34146341
2.88888889
2.95121951
2.69512195
2.41975309
2.7037037
2.61728395
2.82926829
3.42682927
2.15
2.0125
2.075
2.30864198
2.01219512
2.67088608
2.35802469
2.42682927
2.86075949
2.07407407
2.71604938
2.34567901
2.12195122
2.24390244
2.87654321
2.51219512
2.85365854
3.2375
2.37037037
2.38271605
2.96202532
2.2962963
2.35365854
2.45121951
2.06097561
1.92682927
2.07317073
2.34146341
2.55555556
2.4691358
