2.3625
2.71604938
2.65853659
2.90123457
2.22222222
2.17948718
2.0
2.15853659
2.55555556
2.61728395
2.13580247
1.85365854
1.93902439
1.86585366
2.24050633
2.17073171
1.85365854
2.46341463
2.42682927
2.53658537
1.9625
2.2625
2.08641975
2.09876543
1.85185185
2.2195122
2.27160494
1.74390244
2.43902439
1.86585366
2.0
2.13414634
1.82926829
2.14634146
2.79487179
1.97560976
2.03703704
2.58536585
1.8902439
1.83950617
2.27160494
2.90123457
2.63414634
2.2804878
1.875
1.8875
1.875
2.19753086
2.03658537
2.39240506
2.09876543
1.76829268
3.2278481
2.33333333
2.19753086
2.75308642
2.17073171
2.13414634
2.5308642
1.82926829
2.2804878
2.5125
1.98765432
1.7037037
1.82278481
1.87654321
2.18292683
2.34146341
2.1097561
2.14634146
2.13414634
2.12195122
2.01234568
1.90123457
