1.8625
1.92592593
2.06097561
2.08641975
2.7654321
2.79487179
2.48148148
2.68292683
1.90123457
2.2962963
2.25925926
2.87804878
2.2804878
2.29268293
2.69620253
2.63414634
2.2804878
2.06097561
2.45121951
1.82926829
2.925
1.85
2.14814815
2.54320988
2.75308642
2.09756098
2.17283951
2.79268293
2.03658537
2.0
2.29268293
2.14634146
1.8902439
2.80487805
2.23076923
2.02439024
2.77777778
2.29268293
2.0
2.48148148
3.02469136
3.01234568
2.98780488
2.42682927
3.1
2.45
2.2375
2.59259259
2.35365854
3.24050633
2.20987654
2.19512195
2.2278481
2.30864198
2.38271605
2.08641975
1.79268293
1.97560976
2.55555556
2.24390244
2.36585366
2.825
2.67901235
2.14814815
2.62025316
2.79012346
2.36585366
2.51219512
1.96341463
2.24390244
2.17073171
1.98780488
1.92592593
2.27160494
