3.1125
1.92592593
2.25609756
2.27160494
2.83950617
2.33333333
1.90123457
1.76829268
2.45679012
1.97530864
2.22222222
2.0
1.91463415
1.95121951
2.50632911
2.32926829
2.13414634
2.0
1.95121951
1.87804878
2.325
1.7875
1.7037037
2.50617284
2.18518519
2.35365854
1.88888889
2.08536585
1.7195122
2.01219512
2.06097561
1.90243902
2.58536585
3.01219512
2.43589744
2.25609756
1.80246914
2.29268293
1.87804878
2.12345679
1.86419753
2.0
2.30487805
1.82926829
2.2125
1.8375
1.75
1.87654321
2.2195122
2.49367089
1.88888889
1.73170732
2.40506329
2.16049383
2.2962963
2.65432099
1.8902439
1.86585366
1.98765432
1.76829268
2.65853659
2.475
1.90123457
2.09876543
1.94936709
1.95061728
2.29268293
2.47560976
1.87804878
2.32926829
1.82926829
2.13414634
2.18518519
2.02469136
