2.275
2.41975309
2.75609756
2.67901235
2.37037037
0.0
2.49382716
2.01219512
2.66666667
2.80246914
2.92592593
2.45121951
2.3902439
2.06097561
3.11392405
2.56097561
2.63414634
2.79268293
2.45121951
2.68292683
2.45
2.325
2.64197531
3.24691358
2.02469136
2.46341463
2.2345679
2.47560976
2.47560976
2.19512195
2.46341463
3.01219512
2.59756098
2.3902439
0.0
2.45121951
2.32098765
2.90243902
2.6097561
2.82716049
2.14814815
2.82716049
2.45121951
2.5
2.7125
2.4625
2.1
2.54320988
1.7195122
2.21518987
2.54320988
2.2195122
2.2278481
1.87654321
2.2962963
2.67901235
2.13414634
2.7804878
2.80246914
2.25609756
2.91463415
3.2125
2.35802469
2.64197531
2.81012658
1.92592593
2.2195122
2.31707317
2.7804878
2.12195122
2.56097561
2.40243902
2.67901235
2.16049383
