0.51282051
0.29644269
0.28654971
0.24675325
0.22134387
0.23076923
0.33333333
0.27205882
0.30434783
0.34502924
0.41666667
0.32748538
0.4
0.51515152
0.18128655
0.2
0.24786325
0.27705628
0.32679739
0.32056452
0.28138528
0.20952381
0.27920228
0.22222222
0.33333333
0.42424242
0.35714286
0.28138528
0.32307692
0.34545455
0.47619048
0.42857143
0.35263158
0.36601307
0.27472527
0.26086957
0.36842105
0.28676471
0.36190476
0.27941176
0.24175824
0.34285714
0.37142857
0.28571429
0.2748538
0.48717949
0.32971014
0.26666667
0.22222222
0.27272727
0.32051282
0.36190476
0.29239766
0.38095238
0.22631579
0.41666667
0.39869281
0.32352941
0.18181818
0.30434783
0.24242424
0.15384615
0.32142857
0.35263158
0.2037037
0.21
0.4619883
0.4
0.39393939
0.53216374
0.45098039
0.32666667
0.22486772
0.2875817
