0.3
0.66666667
0.0
0.0
0.0
0.33333333
0.6
0.46666667
0.33333333
0.16666667
0.28571429
0.46428571
1.0
0.60714286
0.66666667
0.33333333
0.83333333
0.41818182
0.39285714
0.0
0.0
0.0
0.0
0.0
0.40659341
0.33333333
0.6
0.3
0.8
0.0
0.46666667
0.1978022
1.0
0.5
0.5
0.6
0.4502924
0.61904762
0.3
0.16666667
0.0
0.46666667
0.0
0.57142857
0.16666667
0.28888889
0.33333333
0.0
0.36263736
0.45054945
0.4
0.5
0.57142857
0.22222222
0.0
0.53333333
0.46153846
0.39285714
0.0
0.46666667
0.16666667
0.5
0.4
0.5
0.0
0.44444444
0.27777778
0.0
0.48888889
0.34545455
0.66666667
0.0
0.0
0.35555556
