2.475
1.92592593
2.84146341
2.13580247
2.77777778
0.0
2.17283951
2.51219512
2.91358025
2.54320988
2.48148148
2.30487805
2.24390244
2.14634146
3.21518987
2.51219512
2.14634146
1.97560976
2.18292683
2.74390244
2.9625
2.4125
2.51851852
2.4691358
2.34567901
2.42682927
2.45679012
2.35365854
2.17073171
2.25609756
2.23170732
2.67073171
2.70731707
2.68292683
2.87179487
2.29268293
2.33333333
2.57317073
2.2195122
2.30864198
2.54320988
2.60493827
2.59756098
2.2804878
2.6125
2.2125
2.05
2.38271605
2.03658537
0.0
2.55555556
2.2195122
0.0
1.77777778
2.80246914
2.16049383
2.76829268
2.36585366
2.79012346
2.04878049
2.58536585
2.85
2.34567901
0.0
0.0
3.07407407
2.04878049
2.32926829
2.34146341
2.53658537
2.17073171
2.42682927
3.50617284
2.2962963
