0.404230609879518
0.3681501519277107
0.3312081995180721
0.3171248184337349
0.32937410819277113
0.33793287867469873
0.3257946001204819
0.36546991927710853
0.33347474867469884
0.3871459368674699
0.37066932650602397
0.3724857554216866
0.3664285413253011
0.4598408132530121
0.29324672096385546
0.30894670614457836
0.46062194084337343
0.3957342201204818
0.3845765197590361
0.40267067734939777
0.30374869373493973
0.4241081360240963
0.33165299
0.36651180722891546
0.3779395125301205
0.37319205554216867
0.41049138939759033
0.3434031502409638
0.40635720674698794
0.4185685056626506
0.4268209651807229
0.32565864421686747
0.3463543709638554
0.45645517036144584
0.3257590396385542
0.350775466626506
0.37831970120481934
0.3485398438554217
0.3463779595180723
0.3589332895180723
0.3642332456626507
0.3186665700000001
0.44107825433734954
0.36843248096385545
0.40413596638554217
0.374916636626506
0.4128277899999999
0.3611748083132529
0.4214340149397592
0.2807828754216868
0.3836783831325301
0.41515333048192765
0.3771592179518073
0.3858743653012047
0.35860017277108436
0.4092720069879519
0.43912235903614455
0.40579018096385555
0.34725163072289145
0.43515282650602416
0.25369645819277103
0.2543657586746988
0.33313414457831325
0.3783380914457831
0.37066405975903605
0.308775758072289
0.4426753640963856
0.4201127674698796
0.4220913374698794
0.45404808843373506
0.41550217518072274
0.3312565815662649
0.32914513614457835
0.3416483172289156
