1.0
0.4
0.0
0.83333333
0.33333333
0.28571429
0.36029412
0.0
0.26666667
0.33333333
0.47368421
0.4
0.37142857
0.47794118
0.2
0.1
0.5
0.0
0.2
1.0
0.32142857
1.0
0.0
0.34848485
0.33333333
0.0
0.0
0.44871795
0.37
0.5
0.53333333
0.38461538
0.0
0.38095238
0.4
0.6
0.5
0.66666667
0.6
0.30952381
0.42857143
0.0
0.58333333
0.5047619
1.0
0.6
0.37362637
0.66666667
0.40952381
1.0
0.66666667
1.0
0.0
0.66666667
0.44444444
0.83333333
0.63636364
0.47222222
0.0
0.5
0.13333333
0.0
0.33333333
0.54545455
0.35714286
0.39766082
0.61538462
0.72222222
0.66666667
1.0
0.45538462
0.0
1.0
0.43684211
