0.30994152
0.24175824
0.41818182
0.34166667
0.34166667
0.3083004
0.35789474
0.33157895
0.30333333
0.2745098
0.28571429
0.44444444
0.24137931
0.30952381
0.13636364
0.256917
0.3125
0.5
0.31666667
0.31052632
0.14285714
0.44444444
0.33333333
0.37878788
0.22916667
0.27016129
0.31372549
0.37142857
0.30718954
0.24603175
0.26722689
0.1816092
0.29411765
0.3
0.44871795
0.2173913
0.3952381
0.18181818
0.24193548
0.24561404
0.25714286
0.26842105
0.27472527
0.28774929
0.27356322
0.27822581
0.27956989
0.20797721
0.40350877
0.3
0.58333333
0.26210826
0.38461538
0.26666667
0.29090909
0.30409357
0.4
0.29710145
0.33333333
0.33333333
0.21904762
0.2
0.18346774
0.3
0.48888889
0.31052632
0.27350427
0.27586207
0.33497537
0.33201581
0.26666667
0.32727273
0.4
0.33333333
