2.4375
2.20987654
2.67073171
2.35802469
1.97530864
1.98717949
1.81481481
2.24390244
2.33333333
2.56790123
2.07407407
2.2804878
2.52439024
2.45121951
2.84810127
1.76829268
2.14634146
1.93902439
2.32926829
2.17073171
2.2625
2.3
2.13580247
1.97530864
1.95061728
2.73170732
2.38271605
2.09756098
2.14634146
1.98780488
2.17073171
2.47560976
1.95121951
2.04878049
2.52564103
2.18292683
2.60493827
2.46341463
2.0
1.7037037
2.18518519
2.85185185
2.0
1.73170732
1.9
1.9125
2.225
2.11111111
1.81707317
2.62025316
2.4691358
1.85365854
2.21518987
1.91358025
2.44444444
2.49382716
2.14634146
2.34146341
2.48148148
2.45121951
2.13414634
2.675
2.30864198
2.56790123
2.64556962
2.37037037
2.20731707
2.35365854
2.02439024
2.02439024
2.20731707
1.95121951
2.18518519
1.69135802
