2.025
1.80246914
1.87804878
2.24691358
2.59259259
1.93589744
1.86419753
2.15853659
1.95061728
2.07407407
1.86419753
2.08536585
1.86585366
1.73170732
2.05063291
2.08536585
1.7195122
2.13414634
1.93902439
1.65853659
2.5875
1.7625
2.35802469
2.41975309
2.34567901
2.18292683
1.74074074
1.87804878
1.81707317
1.67073171
2.06097561
2.0
1.91463415
2.84146341
1.88461538
2.12195122
2.08641975
2.47560976
1.85365854
2.2345679
2.30864198
2.64197531
2.76829268
2.0
1.9875
1.7875
2.1125
2.02469136
1.84146341
2.79746835
2.14814815
1.93902439
2.21518987
2.24691358
2.27160494
1.67901235
1.53658537
1.75609756
2.12345679
2.07317073
1.87804878
2.5125
2.35802469
1.96296296
1.92405063
1.98765432
1.63414634
1.79268293
1.64634146
1.8902439
1.87804878
2.12195122
1.97530864
1.75308642
