2.1125
2.30864198
2.53658537
2.58024691
2.17283951
2.51282051
2.08641975
1.8902439
2.14814815
1.82716049
2.02469136
2.24390244
2.02439024
1.74390244
2.24050633
2.0
1.93902439
2.1097561
2.13414634
1.93902439
2.175
2.625
2.25925926
2.27160494
2.14814815
2.13414634
2.01234568
2.20731707
2.0
2.13414634
1.90243902
2.19512195
2.01219512
1.85365854
2.37179487
2.25609756
2.01234568
2.18292683
2.13414634
1.98765432
2.0617284
1.97530864
2.1097561
2.32926829
2.175
2.15
1.95
2.04938272
1.8902439
3.32911392
2.04938272
1.85365854
2.75949367
2.13580247
2.16049383
2.16049383
1.79268293
2.08536585
2.35802469
2.08536585
2.13414634
2.225
2.22222222
2.04938272
2.25316456
2.01234568
2.12195122
2.01219512
2.2195122
1.95121951
1.81707317
2.30487805
2.48148148
1.95061728
