2.275
2.19753086
2.26829268
2.20987654
1.96296296
2.58974359
2.09876543
2.0
2.12345679
2.03703704
2.30864198
2.09756098
1.91463415
1.76829268
2.37974684
1.98780488
1.92682927
2.23170732
2.09756098
2.3902439
2.475
2.7625
1.97530864
2.11111111
2.13580247
1.98780488
2.02469136
1.93902439
2.08536585
1.93902439
2.30487805
2.09756098
2.0
1.76829268
2.23076923
2.07317073
2.45679012
2.08536585
1.96341463
2.02469136
1.91358025
2.14814815
2.1097561
1.96341463
2.325
2.475
2.0375
2.0617284
1.80487805
2.75949367
2.03703704
1.93902439
2.46835443
2.11111111
2.22222222
2.35802469
1.82926829
1.79268293
2.25925926
2.0
2.02439024
2.8625
2.0
1.95061728
2.12658228
2.37037037
2.07317073
2.17073171
2.19512195
1.98780488
2.07317073
2.09756098
2.2962963
2.0617284
