2.2875
2.14814815
2.31707317
3.02469136
2.77777778
2.0
2.75308642
2.70731707
2.49382716
2.18518519
2.7037037
2.17073171
2.20731707
2.2804878
3.0
2.29268293
2.40243902
2.64634146
2.65853659
1.86585366
2.3875
1.9125
2.35802469
2.74074074
2.4691358
2.20731707
2.41975309
1.97560976
1.86585366
2.08536585
2.42682927
2.19512195
2.45121951
3.47560976
2.11538462
2.29268293
2.01234568
2.81707317
2.31707317
2.62962963
2.28395062
2.28395062
2.75609756
2.41463415
2.0125
1.85
2.5
2.67901235
2.1097561
2.30379747
2.61728395
2.37804878
2.32911392
2.50617284
0.0
2.12345679
1.84146341
1.76829268
2.95061728
2.59756098
2.80487805
2.55
2.60493827
2.09876543
1.83544304
2.11111111
2.34146341
2.41463415
1.79268293
2.17073171
2.03658537
2.36585366
2.01234568
2.41975309
