2.5625
2.49382716
3.37804878
2.88888889
2.56790123
2.30769231
2.50617284
2.34146341
2.85185185
2.56790123
2.2962963
2.2804878
3.14634146
2.13414634
2.64556962
2.09756098
2.35365854
2.09756098
2.35365854
3.07317073
3.15
2.6875
2.67901235
2.61728395
2.04938272
2.42682927
2.33333333
2.37804878
2.35365854
2.45121951
2.46341463
2.03658537
2.87804878
2.25609756
2.55128205
2.36585366
1.92592593
2.40243902
2.68292683
2.51851852
2.74074074
2.45679012
2.47560976
2.2195122
2.5875
2.05
2.6
3.24691358
1.96341463
2.08860759
2.02469136
2.31707317
2.08860759
2.19753086
3.09876543
2.43209877
2.03658537
2.1097561
2.81481481
2.15853659
2.7804878
2.6
2.14814815
2.27160494
0.0
2.13580247
2.29268293
2.76829268
2.04878049
2.15853659
2.56097561
2.95121951
2.7654321
2.09876543
