0.33333333
0.66666667
0.0
0.0
0.35897436
0.26666667
0.2687747
0.47272727
0.28421053
0.35
0.58974359
0.5
0.40909091
0.36693548
0.1
0.66666667
0.35833333
0.7
0.35555556
0.4
0.54545455
0.33333333
0.4
0.46428571
0.28571429
0.34022989
0.4
0.34545455
1.0
0.5
0.40942029
0.44871795
0.0
0.4952381
0.3
0.3974359
0.53333333
0.66666667
0.37142857
0.37142857
0.3
0.47435897
0.71428571
0.35263158
0.0
0.46666667
0.52380952
0.5
0.35862069
0.0
0.6
0.42222222
0.66666667
0.57777778
0.47619048
0.40909091
0.32105263
0.41904762
0.3
0.52727273
0.16666667
0.0
0.46666667
0.49264706
0.32967033
0.46428571
0.52747253
0.6
0.3
0.36190476
0.34834835
0.33333333
0.3
0.33333333
