0.29090909
0.22794118
0.20512821
0.13809524
0.34545455
0.23076923
0.32380952
0.22794118
0.2967033
0.33157895
0.1984127
0.25757576
0.28888889
0.44444444
0.23809524
0.20158103
0.31601732
0.17368421
0.27205882
0.39393939
0.25132275
0.3
0.30833333
0.44444444
0.25730994
0.35672515
0.28571429
0.3047619
0.28
0.32727273
0.26315789
0.20689655
0.4
0.38333333
0.22222222
0.24264706
0.17777778
0.14761905
0.27472527
0.28774929
0.23809524
0.22077922
0.1969697
0.2405303
0.25274725
0.66666667
0.29824561
0.35714286
0.31168831
0.16666667
0.25
0.29239766
0.26190476
0.16666667
0.26900585
0.35789474
0.52380952
0.47619048
0.21212121
0.30769231
0.32142857
0.03030303
0.41758242
0.23636364
0.51282051
0.20952381
0.45833333
0.28615385
0.4
0.3125
0.37903226
0.33333333
0.28571429
0.31280788
