2.3
2.56790123
3.37804878
2.39506173
2.32098765
2.66666667
2.71604938
2.58536585
2.28395062
2.66666667
2.65432099
2.70731707
2.67073171
2.14634146
2.44303797
2.8902439
2.34146341
2.25609756
2.37804878
2.13414634
2.3625
3.05
2.28395062
2.59259259
2.2345679
2.17073171
2.17283951
2.48780488
2.62195122
2.14634146
2.53658537
3.02439024
2.04878049
2.34146341
2.64102564
2.12195122
2.45679012
2.6097561
2.24390244
2.9382716
2.13580247
3.09876543
2.07317073
2.7195122
2.8125
2.4375
2.1
2.51851852
2.35365854
3.15189873
2.38271605
2.18292683
2.7721519
2.40740741
2.74074074
2.79012346
2.14634146
2.14634146
2.95061728
1.97560976
3.03658537
3.2
2.19753086
2.48148148
2.72151899
2.44444444
2.40243902
2.6097561
2.29268293
2.23170732
2.25609756
2.58536585
2.38271605
2.71604938
