0.30555556
0.38095238
1.0
0.14285714
0.0
0.26666667
0.2
0.53333333
0.0
0.42857143
0.31868132
0.0
0.5
0.35555556
0.66666667
0.23809524
0.43939394
0.0
0.4
0.0
0.36363636
0.46428571
0.0
0.46666667
0.53571429
0.58333333
0.83333333
0.38095238
0.66666667
0.42222222
0.41666667
0.19444444
0.23636364
0.0
0.0
0.4
0.3
0.28571429
0.53333333
0.6
0.66666667
0.33986928
0.4
0.53333333
0.33333333
0.61904762
0.6
0.43939394
0.64285714
0.0
0.83333333
0.4
0.33333333
0.5
0.33333333
0.43809524
0.51428571
0.66666667
0.0
0.0
0.2
0.16666667
0.0
0.4
0.66666667
0.6
0.6025641
0.57777778
0.31666667
0.0
0.66666667
0.37777778
0.1
0.42857143
