2.0
2.0
2.09756098
2.39506173
2.41975309
2.19230769
2.17283951
2.31707317
2.34567901
2.28395062
1.87654321
2.70731707
2.45121951
1.97560976
2.55696203
2.45121951
1.97560976
1.96341463
1.79268293
2.0
2.6375
2.025
2.54320988
2.86419753
1.9382716
2.19512195
2.13580247
2.6097561
2.01219512
2.12195122
1.67073171
2.2195122
1.95121951
2.70731707
2.21794872
2.02439024
2.43209877
2.17073171
2.45121951
2.62962963
2.58024691
2.2962963
2.63414634
2.3902439
2.6625
2.925
2.1125
2.74074074
1.87804878
2.79746835
2.34567901
2.46341463
2.50632911
1.96296296
2.81481481
1.88888889
1.95121951
1.87804878
2.17283951
1.93902439
2.07317073
2.95
2.9382716
1.98765432
2.02531646
2.55555556
1.95121951
2.42682927
1.76829268
1.84146341
2.03658537
2.46341463
2.54320988
2.40740741
