0.32183908
0.36190476
0.15686275
0.13333333
0.31868132
0.15789474
0.24210526
0.47272727
0.34
0.35294118
0.39047619
0.30065359
0.23809524
0.25108225
0.25
0.27368421
0.26811594
0.33333333
0.22826087
0.24466572
0.26839827
0.25
0.22857143
0.31818182
0.46969697
0.29437229
0.34199134
0.2745098
0.28
0.23010753
0.34153846
0.15
0.26507937
0.40441176
0.18954248
0.2513369
0.19666667
0.34615385
0.21343874
0.21666667
0.28571429
0.34558824
0.375
0.25714286
0.33157895
0.31884058
0.39285714
0.32142857
0.53846154
0.25
0.275
0.31372549
0.23351159
0.3
0.34615385
0.29195402
0.45588235
0.20526316
0.27272727
0.27272727
0.25454545
0.27777778
0.34761905
0.3982684
0.20948617
0.32380952
0.25
0.57575758
0.25
0.25889047
0.31612903
0.2173913
0.30735931
0.48351648
