0.35833333
0.26333333
0.28333333
0.27272727
0.4
0.28104575
0.35238095
0.47222222
0.33333333
0.69090909
0.37254902
0.37142857
0.29473684
0.34126984
0.41758242
0.4
0.32333333
0.42222222
0.35789474
0.28505747
0.06666667
0.2989418
0.13888889
0.33333333
0.66666667
0.47272727
0.23333333
0.3625731
0.33986928
0.25747126
0.47794118
0.33333333
0.24110672
0.4
0.21645022
0.46969697
0.44871795
0.39285714
0.30409357
0.52380952
0.42857143
0.66666667
0.28571429
0.31428571
0.41176471
0.33695652
0.42857143
0.18681319
0.36190476
0.16666667
0.36363636
0.39766082
0.22727273
0.36111111
0.42222222
0.31954023
0.35128205
0.37538462
0.28571429
0.46153846
0.21343874
0.33333333
0.16666667
0.35672515
0.30526316
0.42647059
0.25806452
0.51578947
0.32575758
0.41052632
0.37426901
0.33333333
0.375
0.31908832
