0.46666667
0.52380952
0.43137255
0.33333333
0.25238095
0.39705882
0.33201581
0.45054945
0.27272727
0.31111111
0.38235294
0.33333333
0.28571429
0.43157895
0.25541126
0.57777778
0.45454545
0.37179487
0.39285714
0.44444444
0.27894737
0.46153846
0.30769231
0.19883041
0.48484848
0.43636364
0.8
0.36111111
0.3
0.35897436
0.4248366
0.25490196
0.5
0.26436782
0.36601307
0.23076923
0.41304348
0.37777778
0.27272727
0.3201581
0.34848485
0.2173913
0.32352941
0.23809524
0.22529644
0.34065934
0.2
0.33088235
0.38235294
0.4
0.32631579
0.4
0.7
0.28458498
0.42307692
0.35714286
0.37944664
0.53571429
0.2967033
0.46153846
0.4
0.66666667
0.26780627
0.2
0.19607843
0.33
0.45588235
0.40666667
0.36758893
0.39473684
0.47794118
0.38970588
0.41758242
0.19565217
