1.9
2.58024691
2.3902439
2.71604938
2.71604938
2.28205128
2.35802469
2.42682927
2.2962963
2.40740741
2.2345679
2.79268293
2.08536585
2.35365854
2.79746835
2.75609756
1.98780488
2.43902439
2.65853659
2.14634146
3.575
2.075
2.5308642
3.17283951
0.0
2.62195122
2.01234568
2.56097561
2.1097561
2.02439024
2.36585366
2.7804878
2.01219512
2.3902439
2.06410256
2.2804878
2.81481481
2.92682927
2.0
2.80246914
2.4691358
2.71604938
2.52439024
2.52439024
2.3375
2.1
2.5125
2.38271605
2.54878049
3.46835443
2.02469136
2.46341463
2.07594937
2.97530864
3.25925926
2.16049383
1.85365854
2.01219512
2.81481481
2.37804878
3.12195122
2.825
2.17283951
2.03703704
2.70886076
2.13580247
2.24390244
2.37804878
1.82926829
1.8902439
2.23170732
2.51219512
2.07407407
2.74074074
