0.53333333
1.0
0.4
0.42857143
0.36363636
1.0
0.16666667
0.24242424
0.42857143
0.53333333
0.4
0.38181818
0.7
0.52380952
0.38095238
0.25
1.0
0.33333333
0.33333333
0.2
0.45454545
0.3
0.47272727
0.4
0.30555556
0.5
0.53333333
0.34545455
0.16666667
0.73333333
0.25
0.47619048
0.32352941
0.425
0.23809524
0.19047619
0.21212121
0.32142857
0.42857143
0.16666667
0.26666667
0.33333333
0.5
0.66666667
0.5
0.35714286
0.66666667
0.30555556
0.41666667
0.02777778
0.83333333
0.39285714
0.33333333
0.23809524
0.33333333
0.13333333
0.46428571
0.52380952
0.53333333
0.47619048
0.0
0.0
0.36190476
0.36363636
0.14285714
0.66666667
0.42857143
0.31111111
0.47619048
1.0
0.30909091
0.14285714
0.33333333
0.42424242
