0.48717949
0.31868132
0.25730994
0.22222222
0.26923077
0.20879121
0.53571429
0.42857143
0.24242424
0.35833333
0.30555556
0.1991342
0.41025641
0.5
0.21052632
0.27777778
0.37179487
0.55555556
0.38888889
0.38333333
0.23157895
0.46428571
0.23913043
0.25
0.10714286
0.32352941
0.24285714
0.22727273
0.41666667
0.39285714
0.37777778
0.32142857
0.0
0.38528139
0.21212121
0.28676471
0.21818182
0.18181818
0.26666667
0.21818182
0.25490196
0.26190476
0.42857143
0.46428571
0.26190476
0.175
0.30909091
0.27173913
0.46666667
0.175
0.30909091
0.41666667
0.33333333
0.33333333
0.22380952
0.3
0.40952381
0.21428571
0.27272727
0.38181818
0.66666667
0.28888889
0.27635328
0.43636364
0.27272727
0.2
0.39393939
0.42222222
0.36363636
0.66666667
0.50735294
0.38095238
0.2
0.22857143
