0.66666667
0.34736842
1.0
0.0
0.33333333
0.0
0.0
0.5
0.0
0.0
0.0
0.23809524
0.26666667
0.45454545
0.0
0.16666667
0.73333333
0.16666667
0.0
0.33333333
0.16666667
0.0
0.0
0.45454545
0.53333333
0.0
0.38095238
0.33333333
0.42857143
0.16666667
0.5
0.46666667
0.0
0.33333333
0.0
0.4
1.0
0.33333333
0.0
0.47222222
0.0
0.16666667
0.5
0.66666667
0.0
0.0
0.7
0.0
0.525
0.0
0.0
0.4
0.0
0.38095238
0.0
1.0
0.4
0.33333333
1.0
0.66666667
0.38095238
0.0
0.9
0.0
0.0
0.5
0.33333333
0.23809524
0.0
0.35897436
1.0
0.0
0.33333333
0.44444444
