0.51282051
0.34153846
0.3047619
0.53333333
0.37777778
0.28571429
0.27272727
0.41818182
0.13333333
0.25714286
0.43636364
0.37362637
0.31052632
0.32142857
0.14545455
0.3
0.48484848
0.44444444
0.38181818
0.3974359
0.38562092
0.44117647
0.43939394
0.57142857
0.27272727
0.2
0.3030303
0.46153846
0.26315789
0.4
0.39705882
0.26470588
0.33918129
0.57777778
0.21428571
0.24444444
0.36231884
1.0
0.36111111
0.38888889
0.35087719
0.33333333
0.33333333
0.30952381
0.34558824
0.52564103
0.4
0.40952381
0.18181818
0.29487179
0.45454545
0.44444444
0.53333333
0.33333333
0.66666667
0.46666667
0.34615385
0.33597884
0.2
0.32727273
0.28571429
0.33333333
0.32142857
0.28615385
0.51515152
0.25403226
0.17857143
0.64285714
0.41149425
0.27205882
0.33684211
0.3952381
0.27272727
0.19230769
