2.4375
1.91358025
2.31707317
2.03703704
2.45679012
2.3974359
2.03703704
1.93902439
2.32098765
2.35802469
1.83950617
2.24390244
2.30487805
1.98780488
2.51898734
2.57317073
2.06097561
1.90243902
1.84146341
2.0
2.5875
2.35
2.22222222
2.54320988
2.14814815
1.82926829
2.09876543
2.6097561
2.01219512
2.0
1.98780488
1.90243902
2.19512195
2.57317073
2.12820513
2.04878049
2.14814815
2.19512195
2.24390244
2.20987654
2.22222222
2.86419753
2.65853659
2.32926829
2.8375
2.425
1.8
2.62962963
1.80487805
2.97468354
2.14814815
2.2804878
2.11392405
2.11111111
2.48148148
2.0
1.8902439
1.85365854
2.2345679
2.17073171
2.15853659
2.8375
2.40740741
2.01234568
2.78481013
2.22222222
2.12195122
2.36585366
1.85365854
2.06097561
2.02439024
1.91463415
2.25925926
2.48148148
