0.53333333
0.38333333
0.425
0.35
0.9
0.19047619
0.47619048
0.49450549
0.42857143
0.13333333
0.45454545
0.42857143
0.24242424
0.55128205
0.66666667
0.1
0.43939394
0.37549407
0.31052632
0.46153846
0.7
0.46666667
0.66666667
0.5
0.67272727
0.41911765
0.49090909
0.6
0.43809524
0.40441176
0.4952381
0.425
0.37179487
0.4
0.33333333
0.34285714
0.41025641
0.42857143
0.46428571
0.46428571
0.42857143
1.0
0.66666667
0.52777778
0.0
0.35714286
0.31578947
1.0
0.39047619
1.0
0.49090909
0.57142857
0.28571429
0.44871795
0.23809524
0.49166667
0.42647059
0.4248366
0.4
0.30909091
0.27472527
0.2
0.3
0.47712418
0.66666667
0.46428571
0.5
0.33333333
0.47368421
0.4
0.55555556
0.45
0.43939394
0.26666667
