0.33823529
0.256917
0.23809524
0.30769231
0.34545455
0.18095238
0.2137931
0.3956044
0.25641026
0.29411765
0.27832512
0.23684211
0.21818182
0.25201613
0.23809524
0.25263158
0.24110672
0.38181818
0.21505376
0.2
0.42424242
0.25
0.30833333
0.15441176
0.23809524
0.30344828
0.26021505
0.23076923
0.3015873
0.29047619
0.2594697
0.27368421
0.44444444
0.40935673
0.21428571
0.36111111
0.20879121
0.25730994
0.23
0.19047619
0.21637427
0.31904762
0.27941176
0.17753623
0.36029412
0.19230769
0.27205882
0.19230769
0.29230769
0.0
0.31052632
0.40522876
0.3956044
0.21428571
0.32967033
0.25
0.25846154
0.37619048
0.26666667
0.24637681
0.14619883
0.18181818
0.32411067
0.3030303
0.23320158
0.21578947
0.25454545
0.48717949
0.23376623
0.2364532
0.26585366
0.22461538
0.36363636
0.39855072
