0.0
0.16363636
0.2
0.16666667
0.25641026
0.4
0.24175824
0.18181818
0.35714286
0.26842105
0.17857143
0.83333333
0.28571429
0.29411765
0.125
0.2183908
0.4
0.33333333
0.47619048
0.4
0.2687747
0.2
0.3030303
0.37777778
0.25541126
0.66666667
0.34545455
0.31578947
0.46428571
0.53571429
0.5
0.19230769
0.26666667
0.38562092
0.66666667
0.33333333
0.66666667
0.27272727
0.24444444
0.35714286
0.26839827
0.42307692
0.57777778
0.27777778
0.33333333
0.39285714
0.46153846
0.27777778
0.37142857
0.14285714
0.66666667
0.28654971
0.3
0.5
0.33333333
0.35714286
0.66666667
0.16666667
0.17857143
0.39181287
0.27777778
0.11428571
0.31818182
0.38095238
0.57777778
0.21212121
0.36190476
0.33333333
0.28888889
0.5
0.32051282
0.16666667
0.28571429
0.38339921
