1.9625
2.04938272
2.2804878
2.03703704
2.01234568
1.84615385
1.88888889
1.90243902
1.82716049
1.90123457
1.85185185
2.32926829
1.70731707
1.7804878
2.2278481
1.81707317
1.64634146
2.14634146
1.74390244
1.90243902
2.3625
2.15
2.04938272
2.4691358
1.61728395
1.64634146
1.87654321
1.85365854
2.02439024
1.69512195
1.59756098
1.74390244
1.92682927
1.97560976
2.03846154
1.7804878
1.87654321
2.18292683
1.64634146
1.9382716
1.85185185
1.88888889
2.09756098
1.73170732
1.75
1.7
1.65
1.80246914
1.90243902
2.59493671
2.16049383
1.7195122
2.10126582
1.91358025
2.19753086
1.91358025
1.98780488
1.7804878
2.33333333
2.12195122
2.03658537
2.3875
1.64197531
1.91358025
2.29113924
1.91358025
1.7195122
1.73170732
1.75609756
1.82926829
1.80487805
2.2804878
2.33333333
1.75308642
