2.7375
1.80246914
2.37804878
2.38271605
2.44444444
2.23076923
1.90123457
2.06097561
2.34567901
1.96296296
1.7654321
2.15853659
2.23170732
1.68292683
2.13924051
1.97560976
1.90243902
2.37804878
2.31707317
2.07317073
2.0875
2.0
2.07407407
2.19753086
2.12345679
2.1097561
2.33333333
2.03658537
2.03658537
1.74390244
1.97560976
2.07317073
2.51219512
2.31707317
2.06410256
2.15853659
1.96296296
3.07317073
2.02439024
1.95061728
1.86419753
2.39506173
2.32926829
1.82926829
1.9625
1.75
1.875
1.86419753
2.0
2.74683544
1.91358025
2.13414634
2.39240506
2.2345679
2.37037037
2.48148148
1.6097561
1.93902439
2.07407407
2.19512195
2.19512195
3.0
1.82716049
2.01234568
1.70886076
1.82716049
1.80487805
1.8902439
1.79268293
2.09756098
1.85365854
2.32926829
2.03703704
1.71604938
