0.5
0.66666667
0.0
0.6
0.2
0.33333333
0.38095238
0.16666667
0.33333333
0.57142857
0.4
0.66666667
0.1
0.38095238
0.4
0.23809524
0.53333333
0.17857143
0.0
0.38888889
0.48888889
0.26666667
0.22727273
0.46666667
1.0
0.2
0.31111111
0.33333333
0.52380952
0.55555556
0.66666667
0.21212121
0.21212121
0.40909091
1.0
0.54545455
0.28571429
0.23809524
0.47619048
0.2
0.52777778
0.33333333
0.5
0.5
0.6
0.38888889
0.58181818
0.28888889
0.36111111
0.0
0.38181818
0.6
0.5
0.46428571
0.33333333
0.33333333
0.2
0.28571429
0.4
0.42857143
0.0
0.0
0.38095238
0.19444444
0.375
0.17857143
0.38181818
0.4
0.37777778
0.47252747
0.5
0.21212121
0.32380952
0.4
