0.61904762
0.46153846
0.5
0.52380952
0.26666667
0.43939394
0.40441176
0.46666667
0.36764706
0.40659341
0.47101449
0.47272727
0.33333333
0.46969697
0.66666667
0.16666667
0.56410256
0.71212121
0.32246377
0.46969697
0.60714286
0.53809524
0.57142857
0.44444444
0.36601307
0.46428571
0.67857143
0.33333333
0.57575758
0.41666667
0.44210526
0.34210526
0.54166667
0.66666667
0.47435897
0.34166667
0.3974359
0.25735294
0.46666667
0.66666667
0.56363636
0.6
0.5
0.47222222
0.83333333
0.73333333
0.32380952
1.0
0.41911765
0.5
0.56190476
0.40909091
0.52777778
0.83333333
0.33333333
0.61111111
0.59064327
0.41176471
0.4
0.45454545
0.42857143
0.0
0.33333333
0.61538462
1.0
0.47272727
0.7
0.52727273
0.65151515
0.41818182
0.47101449
0.46969697
0.58181818
0.46666667
