0.3
0.52631579
0.46153846
0.83333333
0.27076923
0.43382353
0.30882353
0.23376623
0.24444444
0.66666667
0.44871795
0.26923077
0.45454545
0.8
0.0
0.23391813
0.26666667
0.53571429
0.46153846
0.31818182
0.26373626
0.32142857
0.38011696
0.17948718
0.38970588
0.42307692
0.5
0.32142857
0.4
0.57777778
0.44155844
0.25757576
0.33333333
0.26451613
0.50909091
0.34848485
0.64444444
0.41818182
0.28571429
0.39393939
0.33333333
0.23666667
0.21666667
0.36363636
0.44444444
0.27777778
0.4
0.28571429
0.38095238
0.21323529
0.26842105
0.36
0.66666667
0.51648352
0.22510823
0.30555556
0.61904762
0.5
0.66666667
0.35294118
0.4
0.13768116
0.32727273
0.0
0.46666667
0.19047619
0.43939394
0.28739496
0.33333333
0.47272727
0.5
0.5
0.36363636
1.0
