0.46666667
1.0
0.0
0.2
0.53571429
0.33333333
0.0
0.66666667
0.32142857
0.0
0.0
1.0
0.33333333
0.44444444
0.26666667
0.0
0.8
0.3
0.28571429
0.39285714
0.57142857
0.0
0.52380952
0.33333333
0.47619048
0.46428571
0.17777778
0.47619048
0.0
0.42222222
0.61904762
0.0
0.31666667
0.5
0.33333333
0.39285714
0.4
0.4
0.30555556
0.16666667
0.40909091
0.0
0.42307692
1.0
1.0
0.53571429
0.33333333
0.33333333
0.3
0.0
0.58333333
0.35714286
0.3
0.2
0.66666667
0.2
0.48888889
0.26666667
1.0
0.48717949
0.0
0.0
0.51111111
0.33333333
1.0
0.5
0.8
0.4
0.5
1.0
0.42857143
0.5
0.26666667
1.0
