0.0
0.43939394
0.0
0.13333333
0.0
0.0
0.66666667
0.57142857
0.0
0.0
0.33333333
1.0
0.7
0.57142857
0.3
0.33333333
0.28888889
0.47619048
0.38095238
0.16666667
0.0
0.0
0.5
0.4
0.66666667
0.53333333
0.0
0.33333333
0.66666667
1.0
0.55555556
0.5
1.0
0.53333333
0.0
0.5
0.0
0.42424242
0.66666667
0.0
0.39215686
0.0
0.6
0.33333333
0.0
0.0
0.46666667
1.0
0.58333333
0.0
0.14285714
0.5
0.0
0.42857143
0.66666667
0.0
0.0
0.26666667
0.33333333
0.38888889
0.19047619
0.38095238
0.33333333
0.66666667
0.73333333
0.0
0.41818182
0.2
0.47619048
0.5
0.5
0.66666667
0.0
0.0
