0.30769231
0.27272727
0.42857143
0.22727273
0.29411765
0.25146199
0.3030303
0.24242424
0.26666667
0.3
0.39285714
0.37179487
0.22727273
0.50549451
0.15555556
0.1969697
0.33333333
0.39766082
0.3974359
0.48571429
0.3
0.32051282
0.4
0.4
0.33333333
0.2952381
0.40909091
0.26923077
0.3956044
0.36764706
0.23715415
0.25641026
0.39047619
0.33918129
0.33333333
0.27619048
0.13333333
0.17142857
0.13235294
0.27472527
0.23636364
0.15384615
0.28787879
0.16666667
0.3030303
0.18181818
0.37878788
0.30909091
0.30833333
0.3
0.38095238
0.24358974
0.34285714
0.34545455
0.33333333
0.30833333
0.40923077
0.44871795
0.52380952
0.48351648
0.16666667
0.16363636
0.17582418
0.31111111
0.44444444
0.1
0.33088235
0.30769231
0.37362637
0.31818182
0.32631579
0.38095238
0.30555556
0.32142857
