0.33809524
0.33333333
0.40952381
0.48717949
0.16666667
0.46666667
0.5
0.66666667
0.40526316
0.4
0.32142857
0.66666667
0.22222222
0.83333333
0.66666667
0.7
0.61904762
0.52727273
0.38095238
0.33992095
0.0
0.47826087
0.47222222
0.5
0.33333333
0.36111111
0.30555556
0.66666667
0.56363636
0.51428571
0.46666667
0.42857143
0.53216374
0.83333333
0.23333333
0.30909091
0.66666667
0.42857143
0.42424242
0.66666667
0.0
0.0
0.0
0.66666667
0.33333333
0.66666667
0.42857143
0.4
0.57142857
0.0
0.76190476
0.28571429
0.27777778
0.53571429
0.4
0.31818182
0.5952381
0.66666667
1.0
0.61904762
0.25
1.0
0.33333333
0.66666667
1.0
0.0
0.54545455
0.26666667
0.50549451
0.45454545
0.4
0.51648352
0.35672515
0.57142857
