0.4502924
0.40942029
0.54945055
0.2967033
0.38095238
0.33333333
0.5
0.40909091
0.32163743
0.33684211
0.63636364
0.46666667
0.46428571
0.46842105
0.39393939
0.33333333
0.55555556
0.33333333
0.60714286
0.38405797
0.2745098
0.5
0.40952381
0.33333333
0.46969697
0.35947712
0.31372549
0.57142857
0.43333333
0.7
0.58333333
0.47252747
0.52564103
0.41818182
0.38181818
0.28888889
0.46245059
0.42857143
0.41666667
0.22222222
0.37333333
0.22807018
0.8
0.36111111
0.6
0.66666667
0.52777778
0.375
0.49450549
0.6
0.33230769
0.62121212
0.4
0.28947368
0.28205128
0.39705882
0.69444444
0.34210526
0.30769231
0.33992095
0.28787879
0.33333333
0.2952381
0.60714286
0.14285714
0.32142857
0.51515152
0.64444444
0.0
0.54545455
0.54545455
0.46428571
0.37254902
0.38461538
