0.6
0.5
0.66666667
1.0
0.36363636
0.42857143
0.28205128
0.46153846
0.33333333
0.4
0.43636364
0.24836601
0.34558824
0.36764706
0.16666667
0.22222222
0.40952381
0.64285714
0.38095238
0.16666667
0.375
0.49090909
0.33333333
0.39047619
0.31521739
0.46969697
0.33333333
0.31692308
0.5
0.42105263
0.49450549
0.27619048
0.40935673
0.40659341
0.66666667
0.4
0.36842105
0.42857143
0.41911765
0.28063241
0.42857143
0.16666667
0.42857143
0.32142857
0.43157895
0.26666667
0.45
0.37878788
0.53030303
0.44444444
0.46153846
0.34387352
1.0
0.46666667
0.24175824
0.4
0.42222222
0.45454545
0.66666667
0.41904762
0.53571429
0.2
0.19166667
0.23544974
0.40935673
0.26839827
0.55238095
0.33333333
0.62637363
0.47222222
0.41818182
0.38181818
0.26315789
0.39766082
