0.35897436
0.29411765
0.41911765
0.33333333
0.33986928
0.29487179
0.28571429
0.23809524
0.23809524
0.31428571
0.24242424
0.21846154
0.30882353
0.35555556
0.66666667
0.0
0.58095238
0.55128205
0.31666667
0.38011696
0.13888889
0.50526316
0.40441176
0.33201581
0.25757576
0.21212121
0.36666667
0.26666667
0.28985507
0.41520468
0.30039526
0.33333333
0.5
0.45714286
0.16666667
0.19047619
0.40923077
0.33333333
0.32142857
0.33333333
0.3
0.28787879
0.44444444
0.31428571
0.32163743
0.46666667
1.0
0.35714286
0.36363636
0.2047619
0.29802956
0.35238095
0.28615385
0.26666667
0.46428571
0.42631579
0.44852941
0.42424242
0.19692308
0.47222222
0.25454545
0.38095238
0.25454545
0.32380952
0.38970588
0.27272727
0.33333333
0.35555556
0.49287749
0.36263736
0.26666667
0.29411765
0.54545455
0.43809524
