0.55555556
0.0
0.46666667
0.27777778
0.41818182
0.38888889
0.33333333
0.1969697
0.33333333
0.42222222
0.25
0.5
0.28571429
0.63888889
0.18181818
0.0
0.34615385
0.66666667
0.6
0.38095238
0.28888889
0.18181818
0.25757576
0.33333333
0.37777778
0.24761905
0.31111111
0.0
0.28571429
0.31868132
0.4
0.0
0.29090909
0.24183007
0.5
0.23157895
1.0
0.16666667
0.30769231
0.32142857
0.64285714
0.35714286
0.34502924
0.0
0.57142857
0.5
0.26190476
0.2
0.39285714
0.28571429
0.16363636
0.28571429
0.28571429
0.32967033
0.5
0.03571429
0.2
0.28205128
0.4
0.38235294
0.25
0.26666667
0.28571429
0.2
0.5
0.31818182
0.42857143
0.17857143
0.47222222
0.8
0.31617647
0.0
0.0
0.28888889
