0.53333333
0.5
0.0
0.33333333
0.39285714
0.3
0.31111111
0.6
0.8
1.0
0.30555556
0.0
1.0
0.63636364
0.27619048
0.28571429
0.5
0.6
0.35714286
0.53333333
0.0
0.5
0.5
0.4
0.33333333
0.46428571
0.33333333
0.3047619
0.0
0.34285714
0.42857143
0.66666667
0.0
0.73333333
0.7
0.2
1.0
1.0
0.0
0.3
0.16666667
0.0
0.66666667
0.0
0.36111111
0.38461538
0.32727273
0.5
0.25641026
0.0
0.57142857
0.38095238
0.66666667
0.22222222
0.7
0.8
0.46666667
0.73333333
0.0
0.53333333
0.0
0.0
0.5
0.3
1.0
0.33333333
0.5
0.83333333
0.4
0.36666667
0.33333333
0.33333333
0.6
0.26666667
