2.25
2.51851852
3.01219512
2.38271605
3.2345679
2.07692308
2.45679012
2.29268293
3.07407407
2.43209877
2.13580247
2.70731707
2.14634146
2.20731707
2.69620253
2.20731707
1.96341463
2.90243902
2.3902439
2.73170732
2.075
2.3125
2.88888889
2.4691358
2.25925926
2.36585366
2.49382716
2.2804878
2.37804878
2.09756098
2.26829268
2.13414634
2.20731707
2.97560976
0.0
2.46341463
2.49382716
2.34146341
2.29268293
2.35802469
2.48148148
1.91358025
2.52439024
2.29268293
2.1625
2.2375
2.1375
2.07407407
2.2195122
3.29113924
2.80246914
2.43902439
2.62025316
2.59259259
2.59259259
1.91358025
1.87804878
2.79268293
0.0
2.84146341
2.32926829
2.7375
2.60493827
2.39506173
2.60759494
2.49382716
2.20731707
2.20731707
1.90243902
2.48780488
2.68292683
2.25609756
2.5308642
2.39506173
