2.1
1.71604938
2.06097561
2.04938272
2.11111111
1.94871795
2.03703704
1.80487805
1.77777778
1.7654321
1.91358025
2.06097561
1.74390244
1.80487805
1.94936709
2.06097561
1.65853659
2.07317073
2.0
1.74390244
2.1625
1.825
1.86419753
2.20987654
1.90123457
1.81707317
1.80246914
1.7195122
1.7195122
1.96341463
1.86585366
2.06097561
2.01219512
2.02439024
2.01282051
1.81707317
1.96296296
1.8902439
2.03658537
1.95061728
1.75308642
1.96296296
2.08536585
1.98780488
2.25
1.875
1.975
2.03703704
1.8902439
2.91139241
1.88888889
2.25609756
1.93670886
2.37037037
2.11111111
1.95061728
1.73170732
2.24390244
2.51851852
1.87804878
2.2804878
2.15
2.13580247
1.7654321
1.78481013
1.77777778
2.03658537
1.80487805
1.7195122
1.80487805
1.74390244
1.87804878
1.88888889
2.07407407
