0.22782258
0.25333333
0.25661376
0.32051282
0.0
0.4
0.23636364
0.22727273
0.2034632
0.35263158
0.45454545
0.35555556
0.35164835
0.30461538
0.35714286
0.5
0.42647059
0.31428571
0.26210826
0.28520499
0.42222222
0.42610837
0.24
0.32380952
0.33333333
0.32034632
0.21008403
0.35714286
0.29425287
0.25189394
0.30952381
0.26143791
0.30434783
0.46428571
0.42307692
0.32727273
0.32380952
0.2
0.36263736
0.42857143
0.63888889
0.36111111
0.35897436
0.27350427
0.25
0.33333333
0.26780627
0.42307692
0.49122807
0.32051282
0.26482213
0.16666667
0.22906404
0.34848485
0.32142857
0.24358974
0.28457447
0.38176638
0.25714286
0.43956044
0.15441176
0.3
0.2967033
0.33684211
0.20467836
0.30797101
0.52747253
0.33333333
0.3954023
0.30952381
0.47619048
0.21367521
0.24338624
0.26842105
