2.6375
2.35802469
2.82926829
2.71604938
2.5308642
2.29487179
2.60493827
2.12195122
2.66666667
2.44444444
2.27160494
2.90243902
3.13414634
2.34146341
2.39240506
2.12195122
2.02439024
2.30487805
2.48780488
2.52439024
2.475
3.35
2.41975309
2.60493827
2.56790123
2.36585366
2.83950617
2.86585366
2.2804878
3.13414634
2.17073171
2.35365854
2.87804878
2.3902439
3.24358974
2.80487805
0.0
2.64634146
2.13414634
2.55555556
2.40740741
2.39506173
3.02439024
3.2195122
3.0875
2.325
2.375
2.49382716
2.23170732
3.02531646
2.45679012
2.6097561
2.49367089
2.61728395
2.49382716
2.55555556
2.32926829
2.59756098
2.90123457
2.3902439
3.01219512
2.75
2.80246914
2.86419753
2.79746835
3.08641975
2.17073171
2.53658537
2.3902439
2.53658537
2.29268293
2.35365854
3.16049383
2.25925926
