2.1375
1.9382716
2.24390244
1.91358025
2.24691358
2.02564103
1.92592593
1.93902439
2.08641975
1.87654321
1.67901235
2.19512195
2.07317073
2.03658537
2.41772152
1.79268293
1.81707317
1.91463415
1.95121951
2.01219512
1.725
2.35
1.95061728
2.27160494
1.87654321
1.84146341
2.03703704
2.06097561
1.76829268
2.20731707
1.85365854
1.68292683
2.32926829
1.95121951
2.26923077
1.91463415
2.27160494
1.95121951
2.09756098
1.75308642
1.80246914
1.87654321
2.13414634
1.62195122
2.125
2.425
1.8125
2.59259259
1.81707317
3.03797468
1.9382716
1.84146341
1.89873418
2.12345679
1.95061728
1.88888889
2.08536585
2.18292683
2.28395062
1.80487805
2.30487805
2.275
2.16049383
1.97530864
2.02531646
2.08641975
1.8902439
1.70731707
2.06097561
1.6097561
1.65853659
2.79268293
2.27160494
1.7037037
