2.4875
2.2345679
2.3902439
2.2345679
2.50617284
0.0
2.33333333
2.41463415
2.41975309
2.25925926
2.32098765
2.70731707
2.69512195
2.08536585
2.69620253
2.43902439
2.13414634
2.69512195
2.29268293
2.15853659
2.7875
2.5625
2.0
3.16049383
2.67901235
2.3902439
2.33333333
2.46341463
2.2804878
2.63414634
2.26829268
2.26829268
2.54878049
2.86585366
2.6025641
2.1097561
2.22222222
2.41463415
2.37804878
2.55555556
2.62962963
2.44444444
2.62195122
2.53658537
2.875
2.7375
2.3375
2.50617284
2.68292683
2.73417722
2.56790123
2.5
2.94936709
2.72839506
2.77777778
2.79012346
2.09756098
2.04878049
2.51851852
2.36585366
2.2195122
2.7375
2.01234568
2.64197531
2.16455696
2.72839506
2.23170732
1.73170732
2.36585366
3.14634146
2.04878049
1.96341463
2.4691358
3.08641975
