0.38571429
0.36363636
0.21212121
0.25757576
0.15151515
0.32142857
0.28654971
0.27205882
0.26900585
0.29824561
0.34848485
0.28787879
0.27619048
0.44588745
0.17142857
0.19230769
0.30718954
0.38562092
0.34615385
0.37142857
0.29824561
0.35555556
0.23809524
0.21794872
0.27272727
0.25714286
0.375
0.37777778
0.35714286
0.39393939
0.34558824
0.25833333
0.26923077
0.38562092
0.28888889
0.18095238
0.17582418
0.24761905
0.30909091
0.36111111
0.28205128
0.31666667
0.35897436
0.26373626
0.38461538
0.36190476
0.37908497
0.2
0.3442029
0.46666667
0.28787879
0.40833333
0.32051282
0.27619048
0.29166667
0.30769231
0.53359684
0.38562092
0.33333333
0.38970588
0.16666667
0.02777778
0.4
0.25735294
0.32727273
0.3
0.41520468
0.34615385
0.53030303
0.38095238
0.39181287
0.30555556
0.24444444
0.14545455
