3.05
2.12345679
2.81707317
2.64197531
2.25925926
2.29487179
1.90123457
3.18292683
2.16049383
1.87654321
1.96296296
2.45121951
1.96341463
1.97560976
2.44303797
2.41463415
2.29268293
4.2195122
2.37804878
2.46341463
2.2125
2.7
3.50617284
2.19753086
1.85185185
2.84146341
2.43209877
1.97560976
1.79268293
2.41463415
2.40243902
2.07317073
2.53658537
2.37804878
2.61538462
2.43902439
2.48148148
2.76829268
2.6097561
1.75308642
1.9382716
3.01234568
2.52439024
2.02439024
2.8375
2.3375
2.075
2.49382716
2.01219512
3.43037975
2.38271605
2.53658537
2.53164557
2.37037037
2.28395062
2.5308642
2.12195122
2.19512195
3.22222222
2.15853659
2.35365854
2.725
2.48148148
2.04938272
2.18987342
1.91358025
2.02439024
2.26829268
2.7195122
2.46341463
1.7195122
2.81707317
3.18518519
1.86419753
