2.1375
2.2345679
2.2195122
2.2345679
2.02469136
2.21794872
2.04938272
1.75609756
2.03703704
2.07407407
2.0
2.1097561
2.47560976
1.95121951
2.43037975
2.18292683
2.15853659
1.76829268
2.08536585
1.98780488
2.4
2.0875
1.91358025
1.97530864
2.2345679
2.1097561
2.24691358
1.93902439
2.0
1.8902439
1.85365854
2.08536585
1.91463415
2.09756098
1.98717949
2.04878049
2.0617284
2.12195122
1.98780488
2.64197531
1.87654321
2.11111111
2.23170732
2.30487805
2.3875
1.95
1.9125
2.25925926
2.04878049
1.96202532
1.77777778
2.01219512
1.96202532
2.13580247
2.37037037
1.82716049
1.91463415
1.90243902
1.86419753
1.82926829
2.30487805
1.95
1.97530864
1.90123457
2.13924051
2.16049383
2.07317073
1.86585366
1.80487805
1.87804878
1.93902439
2.12195122
2.48148148
2.12345679
