2.15
2.02469136
2.23170732
1.88888889
2.08641975
2.93589744
2.11111111
1.7804878
1.98765432
1.9382716
1.85185185
2.09756098
2.2804878
1.96341463
2.53164557
2.1097561
2.14634146
1.86585366
2.12195122
1.8902439
2.7875
2.375
1.92592593
2.45679012
1.98765432
1.87804878
1.82716049
2.25609756
1.81707317
1.90243902
2.13414634
1.98780488
2.0
2.29268293
2.44871795
2.15853659
2.02469136
2.03658537
1.98780488
2.37037037
1.83950617
2.4691358
2.37804878
2.40243902
2.4875
1.85
1.825
2.20987654
1.79268293
2.3164557
2.17283951
2.07317073
1.81012658
2.04938272
2.2345679
2.02469136
1.91463415
2.08536585
2.07407407
2.29268293
2.02439024
2.2875
1.90123457
2.0617284
2.44303797
1.96296296
2.03658537
2.15853659
1.91463415
1.80487805
1.85365854
2.04878049
1.95061728
1.92592593
