2.3
2.79012346
3.69512195
2.83950617
2.27160494
2.78205128
2.32098765
2.37804878
2.61728395
2.43209877
2.69135802
2.73170732
2.58536585
2.14634146
2.58227848
2.20731707
2.54878049
2.37804878
3.17073171
2.29268293
2.25
2.125
2.09876543
2.19753086
3.28395062
2.42682927
2.16049383
2.79268293
2.35365854
2.26829268
2.98780488
2.19512195
2.19512195
2.0
3.29487179
2.1097561
2.30864198
2.52439024
2.45121951
2.44444444
2.25925926
2.51851852
2.35365854
2.62195122
2.4375
2.25
2.1
2.32098765
2.26829268
3.12658228
2.18518519
2.56097561
2.7721519
2.45679012
2.2962963
2.51851852
2.35365854
2.04878049
2.83950617
2.01219512
2.80487805
2.9
2.34567901
2.11111111
1.94936709
2.27160494
2.1097561
2.20731707
2.08536585
1.95121951
2.06097561
2.15853659
2.08641975
2.48148148
