0.47794118
0.32748538
0.45588235
0.61904762
0.7
0.42857143
0.42222222
0.78571429
0.31818182
0.41818182
0.44927536
1.0
0.66666667
0.53571429
0.38095238
0.52380952
0.44444444
0.6
0.52380952
0.5
1.0
0.56842105
0.66666667
0.5
0.38461538
0.71428571
0.4
0.66666667
0.6
0.34065934
0.4978355
1.0
0.53846154
0.83333333
0.36111111
0.23636364
0.46428571
0.38095238
0.46666667
0.43636364
0.30555556
0.41818182
0.4
0.51111111
0.52380952
0.46428571
0.55555556
0.16666667
0.6
0.33333333
0.37777778
0.43636364
0.16666667
0.33333333
0.6
0.44444444
0.73333333
0.65454545
0.33333333
0.42857143
0.34615385
0.66666667
0.57142857
0.45054945
0.40909091
0.4
0.66666667
0.5
0.54285714
0.47252747
0.41176471
0.16666667
0.45454545
0.33333333
