0.36363636
0.21904762
0.17142857
0.1969697
0.25757576
0.15833333
0.22058824
0.2875817
0.21774194
0.27173913
0.29411765
0.46666667
0.36363636
0.31666667
0.15555556
0.23076923
0.39166667
0.24358974
0.22222222
0.24367816
0.16017316
0.14166667
0.27941176
0.15384615
0.14102564
0.26495726
0.34736842
0.26666667
0.28070175
0.27126437
0.23529412
0.21212121
0.19230769
0.44761905
0.18095238
0.26797386
0.16666667
0.16911765
0.19607843
0.17582418
0.27272727
0.25
0.25833333
0.27272727
0.13333333
0.34848485
0.21666667
0.38461538
0.25
0.28571429
0.14285714
0.32105263
0.35555556
0.19047619
0.41666667
0.30153846
0.29055258
0.36182336
0.2
0.27142857
0.075
0.0
0.22857143
0.34285714
0.41666667
0.25
0.29344729
0.26666667
0.33088235
0.44444444
0.34153846
0.20512821
0.23333333
0.18181818
