0.72222222
0.33333333
0.24444444
0.2
0.28205128
0.33333333
0.1
0.4
0.38095238
0.52777778
0.37777778
0.23809524
0.33333333
0.61111111
0.23809524
0.0
0.73333333
0.33333333
0.33333333
0.19047619
0.33333333
1.0
0.25641026
1.0
0.5
0.6
0.63888889
0.33333333
0.46428571
0.8
0.5
1.0
0.25
0.47619048
0.19047619
0.66666667
0.5
0.6
0.33333333
0.0
0.47619048
0.5
0.33333333
0.28571429
0.7
0.66666667
0.30882353
0.3
0.28888889
0.10909091
0.33333333
0.66666667
0.24444444
0.21794872
0.33333333
0.33333333
0.53333333
0.30909091
0.17948718
0.26923077
0.33333333
0.18181818
0.52727273
0.33333333
0.33333333
0.33333333
0.53333333
0.25454545
0.36363636
0.82142857
0.42857143
0.4
0.66666667
0.0
