0.0
0.66666667
0.0
0.0
0.0
0.8
0.3
0.30909091
0.0
0.0
0.16666667
1.0
0.33333333
0.4
0.0
0.0
1.0
0.33333333
0.6
0.52777778
0.0
0.33333333
0.47619048
0.66666667
0.6
0.0
0.6
0.83333333
0.43636364
0.66666667
0.33333333
1.0
0.41758242
0.86666667
0.3
0.50909091
0.33333333
0.33333333
0.0
0.0
0.5
0.46666667
0.8
0.5
0.3
0.32142857
0.6
0.0
0.46666667
0.33333333
0.33333333
0.32727273
0.66666667
0.34545455
0.57142857
0.4
0.4
0.6
0.5
0.37878788
0.33333333
0.0
0.35714286
0.5
0.33333333
0.33333333
0.31428571
0.5
0.6
0.66666667
0.56060606
0.83333333
0.2
0.47619048
