0.5
0.32142857
0.1
0.28787879
0.0
0.33333333
0.0
0.34545455
0.7
0.37878788
0.4
0.23809524
0.38095238
0.45454545
0.4
0.66666667
0.5
0.5
0.22222222
0.0
0.38888889
0.4
0.2952381
0.0
0.8
0.63888889
0.39285714
0.23809524
0.14285714
0.43636364
0.33333333
0.34848485
0.5
1.0
0.28571429
0.6
0.0
0.39285714
0.2
0.0
0.5
0.23076923
1.0
0.33333333
0.0
0.41666667
0.0
0.2
0.5
0.0
0.27272727
0.33596838
0.1
0.25641026
0.38095238
0.5
0.66666667
0.35714286
0.32142857
0.34199134
0.0
0.04761905
0.39285714
0.16666667
0.0
0.0
1.0
0.34285714
0.66666667
0.8
0.42857143
0.2
0.0
0.0
