2.35
2.41975309
2.67073171
2.66666667
2.16049383
2.25641026
1.85185185
2.18292683
1.83950617
1.77777778
2.12345679
2.54878049
2.0
1.63414634
2.49367089
2.46341463
1.95121951
2.31707317
2.24390244
2.25609756
2.2
2.275
2.51851852
2.30864198
2.2962963
1.69512195
2.07407407
2.14634146
2.31707317
2.35365854
1.87804878
2.02439024
2.57317073
2.09756098
2.44871795
2.15853659
2.44444444
2.76829268
1.91463415
1.97530864
2.37037037
2.11111111
2.57317073
1.87804878
3.55
2.3625
2.275
2.56790123
1.67073171
3.63291139
2.08641975
2.17073171
2.3164557
2.25925926
2.49382716
2.12345679
1.84146341
2.14634146
2.50617284
2.2804878
2.65853659
3.55
2.27160494
1.97530864
2.01265823
2.25925926
2.18292683
2.20731707
2.48780488
1.8902439
1.57317073
2.7195122
2.5308642
2.34567901
