2.275
2.7037037
2.8902439
2.58024691
2.37037037
3.21794872
2.38271605
2.03658537
2.37037037
2.14814815
2.35802469
2.02439024
2.76829268
2.2195122
2.55696203
2.24390244
2.64634146
2.84146341
2.7195122
2.24390244
2.1875
2.5125
2.04938272
2.33333333
2.27160494
2.64634146
2.2345679
2.18292683
2.40243902
2.35365854
2.17073171
2.20731707
2.03658537
2.03658537
2.47435897
2.35365854
2.04938272
2.30487805
2.6097561
2.62962963
2.45679012
2.38271605
2.20731707
2.6097561
2.2875
2.225
2.275
2.43209877
2.36585366
2.40506329
2.7037037
2.32926829
2.67088608
2.61728395
2.55555556
2.39506173
2.19512195
2.23170732
2.54320988
2.2804878
2.86585366
2.9
2.01234568
2.19753086
2.26582278
2.69135802
2.26829268
2.20731707
2.23170732
2.41463415
2.1097561
2.37804878
2.45679012
2.09876543
