1.875
1.72839506
2.18292683
2.90123457
1.95061728
1.88461538
2.13580247
1.87804878
1.97530864
2.01234568
1.79012346
1.6097561
1.82926829
1.86585366
1.79746835
1.90243902
1.59756098
2.01219512
2.03658537
1.92682927
2.125
2.0125
2.07407407
1.98765432
1.9382716
2.03658537
1.86419753
1.7804878
1.70731707
1.87804878
1.84146341
2.17073171
1.91463415
1.87804878
1.79487179
2.09756098
1.88888889
1.97560976
1.86585366
1.92592593
2.14814815
2.09876543
2.32926829
2.15853659
1.6375
1.9
1.9375
1.86419753
1.80487805
2.10126582
2.16049383
1.8902439
1.93670886
2.25925926
2.07407407
1.83950617
1.7804878
1.8902439
2.16049383
2.12195122
2.25609756
2.3125
2.24691358
1.51851852
1.78481013
1.79012346
1.85365854
2.0
1.79268293
1.92682927
1.57317073
1.97560976
1.9382716
2.0
