2.9125
2.11111111
2.65853659
2.2962963
2.0617284
2.25641026
2.02469136
2.13414634
2.40740741
1.91358025
2.14814815
2.63414634
2.58536585
1.90243902
1.96202532
1.69512195
2.2804878
2.6097561
2.35365854
2.54878049
1.875
2.85
1.98765432
2.25925926
1.81481481
2.35365854
2.25925926
1.81707317
2.26829268
2.37804878
2.57317073
2.0
2.52439024
1.95121951
3.1025641
2.58536585
2.79012346
2.17073171
2.17073171
2.33333333
1.83950617
2.0617284
2.29268293
2.19512195
2.9875
2.3
2.05
2.17283951
1.97560976
2.36708861
2.69135802
1.81707317
2.94936709
2.24691358
2.25925926
2.27160494
2.30487805
2.81707317
2.38271605
1.90243902
2.17073171
2.1
2.11111111
2.40740741
2.05063291
2.17283951
2.09756098
2.0
2.26829268
2.13414634
2.06097561
2.41463415
2.27160494
1.80246914
