0.3
0.2
0.3
0.3
0.42424242
1.0
0.2
0.21428571
0.42857143
0.33333333
0.47272727
0.33333333
0.4
0.47222222
0.6
0.0
0.66666667
0.38095238
0.32142857
0.6
0.42857143
0.33333333
0.21428571
0.26666667
0.4
0.42857143
0.47222222
0.5
0.39285714
0.5
0.47619048
0.42222222
0.0
0.63636364
0.66666667
1.0
0.4
0.25
0.43636364
0.23809524
1.0
0.4
0.32142857
0.19047619
1.0
0.39285714
0.44444444
0.39285714
0.51666667
0.2
0.8
0.46666667
0.83333333
0.0
0.5
0.6
0.48888889
0.35714286
0.26666667
0.76190476
0.33333333
0.66666667
0.5
1.0
0.66666667
0.32142857
0.37368421
0.46666667
0.66666667
0.4
1.0
0.25
0.0
0.0
