2.4125
2.48148148
2.63414634
2.65432099
2.24691358
2.61538462
2.32098765
1.87804878
2.37037037
2.28395062
2.14814815
2.96341463
2.52439024
2.04878049
2.48101266
3.03658537
2.35365854
2.32926829
2.37804878
2.06097561
2.275
2.5625
2.18518519
2.50617284
2.56790123
1.97560976
2.24691358
2.35365854
2.29268293
2.17073171
2.31707317
2.15853659
2.87804878
2.29268293
2.38461538
2.82926829
2.58024691
2.45121951
2.07317073
2.45679012
2.44444444
2.49382716
2.53658537
2.23170732
3.0875
2.225
2.2
2.30864198
2.0
2.53164557
2.48148148
2.32926829
2.29113924
0.0
2.37037037
2.38271605
2.04878049
2.36585366
2.66666667
2.32926829
3.25609756
2.975
2.38271605
2.87654321
2.26582278
2.43209877
1.79268293
2.43902439
2.96341463
2.03658537
2.48780488
2.35365854
3.25925926
2.79012346
