2.2125
2.58024691
2.17073171
2.77777778
2.24691358
2.12820513
3.08641975
2.1097561
2.58024691
2.16049383
2.22222222
2.23170732
2.2195122
2.2195122
2.30379747
2.14634146
1.98780488
2.30487805
2.5
2.01219512
2.5375
1.8
2.0
2.41975309
2.17283951
2.24390244
2.07407407
2.20731707
2.02439024
1.91463415
2.54878049
2.23170732
1.86585366
2.26829268
2.08974359
2.54878049
2.40740741
2.24390244
2.15853659
2.08641975
2.18518519
2.17283951
2.35365854
2.67073171
2.275
2.225
2.375
2.19753086
2.32926829
2.36708861
2.33333333
2.06097561
2.11392405
3.2962963
2.37037037
2.37037037
2.06097561
2.13414634
2.43209877
2.43902439
2.08536585
2.525
2.16049383
1.91358025
2.07594937
2.2962963
2.08536585
2.40243902
2.02439024
2.12195122
1.80487805
2.12195122
2.07407407
2.88888889
