2.3125
1.96296296
2.76829268
2.17283951
3.62962963
2.65384615
2.65432099
2.34146341
2.01234568
2.17283951
2.58024691
2.12195122
2.01219512
2.25609756
3.2278481
2.26829268
2.70731707
2.03658537
2.58536585
1.85365854
3.6
1.7625
2.75308642
2.48148148
2.5308642
2.08536585
2.33333333
2.73170732
2.48780488
2.1097561
2.69512195
2.67073171
2.15853659
2.79268293
0.0
2.18292683
2.4691358
2.65853659
2.19512195
2.83950617
2.4691358
2.80246914
2.59756098
2.46341463
2.35
2.4
2.2
2.28395062
2.68292683
3.25316456
1.91358025
2.2804878
1.91139241
2.97530864
2.98765432
3.74074074
1.93902439
3.12195122
2.2962963
2.01219512
2.42682927
3.2
2.95061728
2.07407407
1.82278481
1.98765432
2.09756098
2.41463415
1.86585366
2.32926829
2.09756098
2.42682927
2.51851852
2.25925926
