2.175
2.0617284
1.85365854
1.87654321
1.92592593
2.42307692
1.83950617
1.67073171
1.92592593
1.91358025
1.83950617
2.25609756
2.20731707
1.73170732
1.79746835
2.03658537
2.08536585
1.62195122
1.8902439
1.75609756
1.925
2.1125
1.92592593
2.08641975
2.02469136
1.96341463
1.98765432
1.75609756
1.69512195
1.80487805
2.03658537
1.82926829
1.98780488
2.07317073
1.98717949
1.82926829
2.27160494
1.82926829
1.87804878
2.11111111
1.81481481
1.86419753
1.95121951
1.8902439
2.5125
2.2
1.7
2.4691358
2.09756098
2.0
1.80246914
1.73170732
1.91139241
1.85185185
2.04938272
2.19753086
1.80487805
1.93902439
1.7037037
1.79268293
2.30487805
2.0625
2.0
2.04938272
1.94936709
2.14814815
1.80487805
1.73170732
2.14634146
2.03658537
1.98780488
1.7804878
1.88888889
2.0617284
