2.75
2.60493827
2.51219512
2.83950617
2.34567901
2.32051282
2.81481481
2.40243902
2.80246914
2.43209877
2.32098765
2.37804878
2.70731707
1.86585366
0.0
2.58536585
1.93902439
2.14634146
2.26829268
2.0
2.35
2.725
2.60493827
2.61728395
2.34567901
1.96341463
1.87654321
2.17073171
2.29268293
2.24390244
2.35365854
2.23170732
2.20731707
2.17073171
2.84615385
2.59756098
2.55555556
3.17073171
2.51219512
2.77777778
2.83950617
2.27160494
2.42682927
2.54878049
2.35
2.5375
2.7375
2.49382716
2.14634146
3.26582278
2.2345679
2.65853659
2.18987342
2.39506173
3.01234568
2.04938272
2.30487805
2.47560976
2.72839506
2.2195122
2.90243902
3.4125
2.13580247
1.92592593
2.55696203
2.45679012
2.09756098
2.30487805
2.41463415
1.98780488
1.93902439
2.52439024
2.4691358
2.33333333
