0.0
0.25
0.33333333
0.34848485
0.38461538
0.30909091
0.24561404
0.22105263
0.5
0.32142857
0.35294118
0.25362319
0.47272727
0.42222222
0.27777778
0.28490028
0.53030303
0.41904762
0.49090909
0.39393939
0.33986928
0.39285714
0.20689655
0.60714286
0.37142857
0.34848485
0.39285714
0.40909091
0.29924242
0.34848485
0.51515152
0.19047619
0.33333333
0.29473684
0.47619048
0.34545455
0.32
0.24175824
0.4
0.24603175
0.4
0.22727273
0.32727273
0.2173913
0.35897436
0.31617647
0.27272727
0.375
0.43859649
0.18181818
0.30555556
0.34666667
0.35714286
0.42857143
0.24836601
0.66666667
0.10714286
0.44871795
0.21818182
0.39705882
0.4
0.24175824
0.26666667
0.33333333
0.19047619
0.4
0.46153846
0.16666667
0.46666667
0.45454545
0.42857143
0.21212121
0.24761905
0.40952381
