2.0875
1.97530864
1.93902439
2.12345679
2.09876543
2.11538462
2.24691358
1.95121951
1.98765432
1.95061728
2.13580247
1.8902439
2.0
1.96341463
1.93670886
2.34146341
1.95121951
2.07317073
2.19512195
1.75609756
2.0125
2.2875
1.81481481
2.38271605
2.2345679
1.87804878
1.80246914
2.1097561
2.09756098
2.2195122
2.19512195
2.24390244
2.41463415
1.86585366
2.02564103
1.8902439
2.08641975
1.84146341
2.09756098
2.13580247
1.95061728
1.81481481
2.18292683
2.23170732
1.9375
1.9375
2.0375
1.79012346
2.1097561
2.06329114
2.09876543
2.12195122
2.30379747
2.2962963
1.86419753
2.2962963
1.8902439
1.80487805
2.01234568
1.97560976
2.64634146
2.3
1.74074074
2.08641975
2.15189873
2.45679012
1.95121951
2.17073171
1.92682927
2.26829268
1.8902439
2.0
2.45679012
2.09876543
