2.575
2.04938272
2.13414634
2.38271605
1.90123457
1.98717949
1.86419753
2.09756098
2.27160494
2.09876543
2.03703704
2.43902439
2.03658537
1.80487805
1.88607595
2.08536585
2.1097561
2.26829268
2.26829268
2.23170732
1.9
2.25
2.0
1.91358025
2.18518519
2.26829268
2.40740741
2.35365854
2.53658537
2.04878049
1.93902439
1.93902439
2.82926829
1.74390244
1.98717949
2.1097561
1.82716049
2.24390244
2.25609756
1.80246914
2.07407407
1.87654321
2.03658537
1.85365854
1.85
2.175
1.7875
1.91358025
1.97560976
2.56962025
1.86419753
2.23170732
2.41772152
1.80246914
2.03703704
2.40740741
1.7804878
2.20731707
2.04938272
2.15853659
2.3902439
3.0
1.69135802
2.0617284
1.97468354
1.7654321
2.08536585
1.73170732
1.80487805
1.82926829
1.85365854
1.93902439
2.18518519
1.77777778
