0.53333333
0.31818182
0.25
0.36111111
0.19852941
0.5
0.31868132
0.21666667
0.25757576
0.30769231
0.46666667
0.34545455
0.30833333
0.36666667
0.28571429
0.26470588
0.47252747
0.42222222
0.36190476
0.53333333
0.14285714
1.0
0.25454545
0.33333333
0.28205128
0.35294118
0.2967033
0.18421053
0.46969697
0.31666667
0.38095238
0.22222222
0.33333333
0.29333333
0.57142857
0.35555556
0.2
0.1969697
0.23529412
0.3047619
0.3047619
0.44444444
0.3030303
0.22222222
0.6
0.33333333
0.36363636
0.38461538
0.30039526
0.2
0.25274725
0.18681319
0.7
0.23076923
0.13333333
0.2
0.52287582
0.37944664
0.42857143
0.39047619
0.20879121
0.26666667
0.30555556
0.44761905
0.32727273
0.4
0.5
0.42424242
0.4
0.33333333
0.43939394
0.33333333
0.42857143
0.36263736
