2.1
1.88888889
1.93902439
1.91358025
1.79012346
2.0
1.96296296
1.8902439
1.74074074
2.01234568
2.02469136
1.8902439
2.02439024
1.97560976
1.92405063
2.17073171
1.7195122
1.82926829
1.98780488
1.65853659
1.9
2.0625
1.69135802
1.83950617
2.17283951
2.02439024
1.83950617
1.85365854
1.7195122
2.04878049
1.95121951
2.20731707
2.0
1.97560976
1.98717949
1.7804878
1.98765432
1.96341463
1.98780488
1.90123457
2.08641975
1.90123457
2.19512195
2.32926829
1.8875
2.0
1.7375
1.88888889
2.1097561
2.32911392
2.0617284
1.79268293
1.88607595
2.2345679
1.91358025
2.12345679
1.82926829
1.90243902
1.79012346
1.79268293
2.13414634
2.2125
2.2962963
1.87654321
1.73417722
1.80246914
1.87804878
2.02439024
1.7804878
1.82926829
1.81707317
1.75609756
1.75308642
1.88888889
