2.5625
1.86419753
3.79268293
0.0
2.64197531
0.0
2.74074074
2.32926829
2.61728395
3.55555556
2.95061728
2.25609756
2.37804878
2.14634146
0.0
2.53658537
2.52439024
2.74390244
2.75609756
2.62195122
2.5625
0.0
2.59259259
2.25925926
2.49382716
2.82926829
2.30864198
2.32926829
2.24390244
2.69512195
2.42682927
2.59756098
2.86585366
2.74390244
0.0
2.68292683
2.72839506
2.37804878
2.90243902
2.28395062
3.13580247
2.69135802
2.52439024
2.51219512
0.0
2.5
2.5625
2.7654321
2.01219512
0.0
0.0
2.46341463
2.64556962
2.33333333
3.4691358
2.49382716
2.45121951
2.70731707
3.20987654
2.57317073
2.57317073
3.05
2.49382716
2.59259259
0.0
2.74074074
2.37804878
2.29268293
2.62195122
2.01219512
2.8902439
2.93902439
3.49382716
2.27160494
