0.29462366
0.32352941
0.25735294
0.19852941
0.22792023
0.19047619
0.4
0.23544974
0.35897436
0.32034632
0.35042735
0.21052632
0.28138528
0.33743842
0.38095238
0.25263158
0.26916221
0.25057471
0.36190476
0.30846774
0.2748538
0.34782609
0.25057471
0.21904762
0.29059829
0.22167488
0.41666667
0.23218391
0.28378378
0.375
0.35294118
0.2044335
0.31666667
0.41911765
0.2967033
0.32748538
0.29802956
0.25238095
0.21957672
0.33333333
0.25132275
0.25108225
0.36190476
0.2952381
0.29166667
0.3
0.24420677
0.17748918
0.38405797
0.12105263
0.24275362
0.34387352
0.27
0.26666667
0.19444444
0.39705882
0.54166667
0.22435897
0.25454545
0.27065527
0.19047619
0.22727273
0.32806324
0.4
0.24666667
0.33157895
0.31612903
0.46153846
0.26984127
0.39408867
0.34285714
0.33986928
0.24505929
0.43137255
