2.6125
2.27160494
2.69512195
2.67901235
2.20987654
2.37179487
2.39506173
2.26829268
2.38271605
2.20987654
2.55555556
2.46341463
2.19512195
1.80487805
2.3164557
2.95121951
2.31707317
2.36585366
2.41463415
2.03658537
2.3375
2.425
2.2962963
2.69135802
2.33333333
2.02439024
2.11111111
2.8902439
2.19512195
2.2195122
2.30487805
2.3902439
2.86585366
2.32926829
3.16666667
2.56097561
2.72839506
2.45121951
2.14634146
2.39506173
2.37037037
2.41975309
2.51219512
2.07317073
2.3
2.975
2.5
2.17283951
2.26829268
2.96202532
2.39506173
2.26829268
2.21518987
2.7654321
2.39506173
1.96296296
1.93902439
2.26829268
3.14814815
2.40243902
2.74390244
3.175
2.0617284
2.58024691
2.11392405
2.59259259
2.18292683
2.34146341
1.98780488
2.14634146
1.82926829
2.8902439
2.92592593
2.71604938
