1.825
2.16049383
2.46341463
2.19753086
2.19753086
2.3974359
1.79012346
1.98780488
2.28395062
1.85185185
1.85185185
2.65853659
1.65853659
1.92682927
2.41772152
1.79268293
2.01219512
1.96341463
1.91463415
2.03658537
2.3875
1.85
2.03703704
2.82716049
2.14814815
1.92682927
2.17283951
1.84146341
2.2195122
1.81707317
1.75609756
2.02439024
2.13414634
2.2804878
1.85897436
1.85365854
2.64197531
2.19512195
2.19512195
2.14814815
1.96296296
2.04938272
2.41463415
2.14634146
1.9125
2.225
1.875
2.09876543
1.69512195
2.16455696
2.38271605
1.91463415
2.12658228
1.86419753
2.64197531
1.9382716
1.67073171
1.98780488
2.64197531
2.36585366
2.24390244
2.3
2.14814815
2.25925926
2.64556962
2.13580247
2.14634146
1.74390244
1.85365854
1.79268293
1.73170732
2.91463415
2.30864198
2.02469136
