0.5
0.38888889
0.05555556
0.35897436
0.8
0.0
0.17857143
0.46666667
0.38095238
0.55555556
0.19047619
0.5
0.5
0.51428571
0.16666667
0.5
0.47222222
0.7
0.41666667
0.27777778
0.0
0.2
0.40659341
1.0
1.0
0.33333333
0.4
0.35714286
0.66666667
0.0
0.28571429
0.25
0.46666667
0.66666667
0.14285714
0.27472527
0.42857143
0.66666667
0.3
0.2
0.33333333
0.7
0.7
0.13333333
0.0
0.0
0.66666667
0.46666667
0.66666667
0.0
0.5
0.66666667
0.0
1.0
0.66666667
1.0
0.46153846
0.27272727
0.27272727
0.53333333
0.22727273
0.19047619
0.33333333
0.33333333
0.36111111
0.0
0.61111111
0.34333333
0.53571429
0.0
0.40659341
0.29824561
0.33333333
0.0
