1.8
2.13580247
2.30487805
2.09876543
2.08641975
2.28205128
1.88888889
1.90243902
1.90123457
1.91358025
2.0617284
2.02439024
2.0
1.79268293
2.02531646
2.12195122
1.90243902
1.96341463
2.13414634
2.01219512
1.9625
2.175
2.25925926
2.16049383
2.18518519
1.79268293
2.01234568
2.04878049
2.15853659
2.08536585
1.95121951
2.04878049
2.09756098
1.92682927
2.17948718
1.96341463
2.0
2.14634146
2.08536585
2.18518519
2.08641975
1.96296296
2.15853659
2.07317073
1.9875
2.025
1.8875
1.83950617
1.75609756
2.63291139
2.2345679
1.96341463
2.06329114
2.03703704
2.07407407
2.03703704
1.75609756
1.8902439
2.03703704
1.95121951
2.37804878
2.6875
2.12345679
1.92592593
2.08860759
2.45679012
2.0
2.12195122
1.96341463
1.98780488
1.90243902
2.30487805
2.19753086
2.11111111
