1.9375
1.82716049
2.31707317
2.45679012
2.61728395
2.24358974
2.32098765
2.3902439
2.16049383
2.17283951
1.7654321
3.1097561
2.53658537
2.26829268
2.29113924
2.24390244
2.04878049
2.13414634
1.95121951
2.15853659
2.8875
1.9125
2.55555556
2.65432099
1.96296296
2.12195122
2.08641975
2.79268293
1.98780488
2.12195122
1.84146341
2.54878049
2.02439024
2.85365854
2.25641026
1.97560976
2.44444444
2.37804878
2.24390244
2.40740741
2.20987654
2.28395062
2.79268293
2.24390244
2.475
2.3
2.1875
2.49382716
2.29268293
2.73417722
2.25925926
2.2195122
2.5443038
2.55555556
2.66666667
2.16049383
2.29268293
2.23170732
2.18518519
1.98780488
2.2804878
3.0875
2.45679012
2.0617284
2.10126582
2.43209877
2.40243902
2.34146341
2.0
1.90243902
1.85365854
2.5
2.19753086
2.59259259
