2.8875
1.97530864
2.52439024
1.97530864
2.33333333
2.21794872
2.09876543
2.19512195
2.22222222
1.95061728
2.27160494
2.36585366
2.43902439
2.12195122
2.05063291
2.3902439
2.65853659
2.5
1.96341463
2.15853659
1.725
2.625
1.91358025
2.38271605
1.95061728
2.2195122
2.40740741
2.08536585
2.7195122
2.45121951
1.97560976
2.25609756
2.70731707
2.13414634
2.16666667
1.98780488
2.55555556
2.02439024
2.14634146
2.24691358
2.20987654
2.19753086
2.2804878
2.03658537
2.4375
2.2
1.8625
2.14814815
1.7804878
2.20253165
2.03703704
1.87804878
2.07594937
1.85185185
1.96296296
2.0617284
2.36585366
2.45121951
2.34567901
1.86585366
2.31707317
2.2375
2.40740741
2.85185185
2.53164557
1.92592593
2.45121951
2.08536585
1.80487805
2.19512195
1.68292683
2.84146341
2.04938272
2.49382716
