2.4125
2.34567901
2.52439024
2.66666667
2.03703704
2.46153846
2.0617284
2.19512195
2.20987654
1.97530864
2.14814815
2.08536585
2.18292683
2.31707317
1.84810127
1.80487805
2.14634146
3.23170732
2.29268293
2.8902439
2.1
2.45
2.44444444
2.0617284
1.87654321
2.56097561
2.09876543
2.04878049
2.24390244
2.45121951
2.07317073
2.04878049
2.84146341
1.90243902
2.69230769
2.08536585
2.25925926
2.37804878
2.45121951
1.96296296
1.75308642
2.13580247
1.81707317
2.53658537
2.5625
2.275
1.6875
1.98765432
1.90243902
2.64556962
2.14814815
1.69512195
2.49367089
2.08641975
1.92592593
2.50617284
2.15853659
2.29268293
3.12345679
1.7804878
2.20731707
2.925
2.11111111
2.0
1.93670886
1.98765432
1.7804878
1.96341463
2.19512195
2.3902439
2.06097561
2.64634146
2.45679012
2.27160494
