2.7
1.71604938
2.52439024
2.45679012
2.72839506
1.97435897
2.14814815
2.23170732
2.24691358
2.0
1.71604938
2.2195122
2.1097561
2.1097561
2.06329114
2.2195122
2.13414634
2.23170732
1.95121951
1.93902439
2.3
2.025
2.2962963
1.88888889
2.17283951
2.25609756
2.12345679
2.1097561
1.87804878
2.13414634
2.02439024
2.34146341
2.18292683
2.26829268
2.02564103
1.86585366
2.25925926
2.40243902
2.17073171
2.25925926
2.11111111
2.87654321
2.7804878
1.92682927
2.2125
2.2625
1.9375
2.02469136
1.96341463
3.39240506
1.75308642
1.90243902
2.08860759
2.0
2.25925926
2.50617284
1.69512195
1.7195122
2.9382716
1.98780488
2.09756098
3.2625
0.0
1.88888889
2.15189873
2.03703704
1.86585366
2.06097561
2.02439024
1.81707317
1.74390244
1.93902439
2.44444444
2.18518519
