0.0
2.18518519
2.91463415
2.4691358
0.0
2.75641026
2.75308642
2.15853659
2.65432099
2.90123457
2.39506173
2.98780488
2.75609756
2.24390244
2.63291139
2.36585366
2.1097561
2.36585366
2.43902439
2.69512195
0.0
0.0
2.38271605
2.50617284
2.7654321
2.41463415
0.0
2.5
2.31707317
2.69512195
2.2195122
2.52439024
2.87804878
2.3902439
2.80769231
2.40243902
3.04938272
2.29268293
2.86585366
0.0
1.85185185
2.80246914
2.52439024
2.74390244
2.8375
0.0
2.2875
2.83950617
2.36585366
2.94936709
2.25925926
2.54878049
0.0
2.2962963
2.74074074
0.0
2.76829268
2.3902439
2.58024691
2.23170732
2.40243902
2.7875
2.5308642
2.4691358
2.26582278
3.14814815
2.15853659
2.48780488
2.34146341
2.31707317
2.5
2.80487805
3.4691358
2.67901235
