0.41176471
0.41025641
0.26797386
0.24242424
0.45054945
0.29411765
0.42424242
0.21637427
0.21794872
0.42857143
0.38461538
0.30994152
0.3
0.27205882
0.0
0.14545455
0.32026144
0.30952381
0.7
0.375
0.24242424
0.23076923
0.0
0.47619048
0.28571429
0.22222222
0.34615385
0.31666667
0.27777778
0.30718954
0.31521739
0.21212121
0.31868132
0.32142857
0.22222222
0.28571429
0.26666667
0.6
0.21794872
0.45454545
0.33333333
0.33333333
0.26666667
0.20952381
1.0
0.65454545
0.41818182
0.33333333
0.36129032
0.0
0.42857143
0.42857143
0.66666667
0.25146199
0.28571429
0.30295567
0.34640523
0.45454545
0.31111111
0.40909091
0.22727273
0.0
0.50909091
0.36842105
0.33333333
0.3974359
0.34545455
0.33333333
0.53623188
0.37666667
0.19047619
0.16666667
0.0
0.36190476
