0.6
0.5
0.0
0.14285714
0.19047619
0.0
0.2
0.23636364
0.33333333
0.5
0.33333333
0.66666667
0.33333333
0.55555556
0.0
0.33333333
0.0
0.0
0.3
0.66666667
0.13333333
0.66666667
0.16666667
0.0
0.34545455
0.16666667
0.28571429
0.5
0.2
0.33333333
0.66666667
1.0
0.66666667
0.4
0.0
0.38095238
0.42857143
1.0
0.33333333
1.0
0.35714286
0.0
0.46666667
0.5
0.66666667
0.33333333
0.34545455
0.5
0.38461538
0.38181818
0.3
0.42857143
0.4
0.23976608
0.38095238
0.0
0.23809524
0.0
0.33333333
0.22222222
0.66666667
0.0
0.5
0.0
0.0
0.45098039
0.40909091
0.5
0.0
0.5
0.0
0.3
0.33333333
0.37878788
