1.6625
1.98765432
1.92682927
2.09876543
1.81481481
2.05128205
2.12345679
1.68292683
1.95061728
1.83950617
1.75308642
1.87804878
1.87804878
1.68292683
2.40506329
1.90243902
1.62195122
1.69512195
1.98780488
1.65853659
1.9375
1.8875
1.7037037
2.01234568
1.72839506
1.65853659
1.72839506
1.68292683
1.54878049
1.87804878
1.90243902
1.7195122
1.75609756
2.02439024
2.08974359
1.87804878
1.69135802
1.93902439
1.68292683
1.87654321
1.72839506
1.81481481
2.07317073
1.95121951
1.925
1.825
1.5875
1.85185185
1.76829268
1.96202532
1.74074074
1.79268293
1.69620253
2.03703704
2.4691358
1.96296296
1.91463415
1.53658537
2.12345679
1.68292683
2.0
2.25
1.7654321
1.9382716
1.82278481
1.85185185
1.67073171
2.08536585
1.6097561
1.65853659
1.79268293
1.86585366
1.85185185
1.85185185
