0.62222222
0.35897436
0.31111111
0.27894737
0.34848485
0.0
0.4
0.30072464
0.35238095
0.44444444
0.32034632
0.37179487
0.38888889
0.45454545
0.4
0.36363636
0.53571429
0.41176471
0.39393939
0.48529412
0.33333333
0.4
0.36764706
0.25
0.51648352
0.43137255
0.46323529
0.33333333
0.42105263
0.325
0.38888889
0.20512821
0.43382353
0.47619048
0.2
0.41666667
0.53846154
0.34615385
0.29090909
0.4
0.32748538
0.5
0.6
0.26666667
0.46428571
0.36842105
0.22875817
0.5
0.43809524
0.2
0.22222222
0.26666667
0.31578947
0.27272727
0.43939394
0.33333333
0.43382353
0.41666667
0.36363636
0.47619048
0.23076923
0.21428571
0.33333333
0.38181818
0.33333333
0.5
0.58974359
0.51111111
0.48484848
0.4619883
0.46315789
0.33333333
0.375
0.36601307
