0.54285714
0.36666667
0.6
0.33333333
0.8
0.47272727
0.36363636
0.75
0.42857143
0.55555556
0.37229437
0.29487179
0.27941176
0.37606838
0.2
0.38461538
0.45714286
0.78571429
0.6
0.51111111
0.33333333
0.52941176
0.5
0.40659341
0.28787879
0.29249012
0.32467532
0.67857143
0.5
0.33986928
0.32105263
0.37362637
0.45833333
0.39393939
0.66666667
0.44871795
0.55882353
0.2
0.35164835
0.40522876
0.35164835
0.39285714
0.53333333
0.40833333
0.38095238
0.33333333
0.35238095
0.66666667
0.39162562
0.3
0.61111111
0.3952381
0.39285714
0.34199134
0.6
0.39285714
0.62222222
0.5047619
0.0
0.30666667
0.47222222
0.6
0.30555556
0.29538462
0.33333333
0.24358974
0.37662338
0.34558824
0.45098039
0.35930736
0.38011696
0.66666667
0.31111111
0.39166667
