0.30065359
1.0
0.39285714
0.33333333
0.66666667
0.8
0.46666667
0.16666667
0.32142857
0.66666667
0.46666667
0.33333333
0.5
0.9
0.66666667
1.0
0.69230769
0.66666667
1.0
0.37878788
0.0
0.475
0.3
1.0
0.0
0.0
0.50909091
0.33333333
0.47222222
0.50549451
0.5
0.0
0.37908497
0.66666667
0.46666667
0.47619048
0.0
1.0
0.30769231
0.66666667
0.66666667
0.0
0.7
1.0
0.6
0.47222222
0.33333333
0.5
0.5
1.0
0.45
0.33333333
0.6
1.0
0.0
0.61904762
0.675
0.68888889
0.33333333
0.66666667
0.0
0.33333333
0.38095238
0.52564103
0.33333333
0.62222222
0.53333333
0.7
0.36594203
0.47953216
0.4
1.0
0.42857143
0.0
