1.825
2.13580247
1.87804878
1.92592593
2.55555556
1.69230769
2.08641975
2.12195122
1.7654321
1.69135802
1.79012346
1.91463415
2.14634146
1.68292683
2.13924051
1.96341463
2.02439024
1.70731707
1.81707317
1.74390244
1.9
1.6375
1.81481481
1.79012346
2.32098765
1.87804878
1.74074074
2.3902439
1.7195122
1.74390244
2.15853659
2.01219512
1.8902439
2.06097561
1.76923077
1.84146341
1.9382716
2.26829268
2.12195122
2.27160494
2.03703704
2.02469136
1.96341463
2.01219512
1.95
1.9125
2.0
1.77777778
2.01219512
2.3164557
1.88888889
1.79268293
1.98734177
2.16049383
2.0617284
1.59259259
1.59756098
1.6097561
2.16049383
1.8902439
2.06097561
2.2125
1.81481481
1.90123457
1.86075949
1.85185185
2.17073171
1.90243902
1.51219512
1.63414634
1.57317073
1.91463415
1.86419753
1.77777778
