0.35714286
0.30718954
0.53333333
0.29487179
0.0
0.4
0.33333333
1.0
0.25
0.58181818
0.33333333
0.42424242
0.34285714
0.66666667
0.0
0.35714286
0.0
0.38562092
0.66666667
0.43290043
1.0
0.44444444
0.66666667
0.47619048
0.5
0.34848485
0.47619048
0.33333333
0.66666667
0.42222222
1.0
0.5
0.16363636
0.5
0.0
0.35714286
0.4
0.47619048
0.64285714
0.0
0.33333333
0.0
1.0
0.66666667
0.42857143
0.42857143
0.52380952
0.38888889
0.66666667
0.0
0.32631579
0.42857143
0.32748538
0.7
0.0
0.0
0.46666667
0.0
0.38888889
0.54945055
0.22222222
0.0
0.0
0.5
0.29239766
0.29411765
0.50549451
0.25
0.53594771
0.53333333
0.47222222
0.53333333
0.2
0.39285714
