0.38181818
0.39285714
0.32142857
0.33333333
0.23076923
0.6
0.38461538
0.17368421
0.28888889
0.27173913
0.36190476
0.13888889
0.27619048
0.42028986
0.41666667
0.14619883
0.4
0.5
0.32051282
0.41911765
0.11111111
0.66666667
0.66666667
0.21428571
0.27272727
0.44444444
0.32352941
0.27777778
0.27472527
0.47272727
0.43137255
0.10909091
0.26373626
0.26449275
0.46666667
0.28571429
0.23636364
0.30909091
0.29090909
0.275
0.21904762
0.31666667
0.25274725
0.31111111
0.41666667
0.58333333
0.38235294
0.23809524
0.32679739
0.0
0.4
0.32034632
1.0
0.36111111
0.26373626
0.38461538
0.62337662
0.57777778
0.41666667
0.47435897
0.12727273
0.15151515
0.38095238
0.27472527
0.2
0.33088235
0.45833333
0.36764706
0.53333333
0.39869281
0.46315789
0.17777778
0.66666667
0.32380952
