0.34615385
0.25
0.25
0.4
0.29166667
0.43939394
0.32380952
0.29666667
0.25
0.39393939
0.31868132
0.4
0.4
0.44852941
0.47619048
0.15555556
0.28888889
0.30241935
0.34848485
0.29166667
0.3
0.27272727
0.38970588
0.35238095
0.32142857
0.24358974
0.27777778
0.29166667
0.28333333
0.26190476
0.30434783
0.36363636
0.37426901
0.36363636
0.3047619
0.23333333
0.25757576
0.2
0.25274725
0.33333333
0.29473684
0.3047619
0.28205128
0.31111111
0.66666667
0.41758242
0.46323529
0.35714286
0.38333333
0.24736842
0.23
0.46153846
0.31617647
0.27272727
0.5
0.39130435
0.4
0.28571429
0.19202899
0.30434783
0.27777778
0.17894737
0.23076923
0.41052632
0.33333333
0.47222222
0.45454545
0.35164835
0.42857143
0.36601307
0.39047619
0.43956044
0.28571429
0.22222222
