0.41501976
0.43636364
0.29846154
0.18095238
0.28095238
0.20158103
0.3625731
0.20935961
0.29846154
0.25568182
0.22794118
0.27777778
0.25641026
0.34757835
0.225
0.2826087
0.35064935
0.31904762
0.2962963
0.44444444
0.38461538
0.425
0.29666667
0.37878788
0.29824561
0.25356125
0.31216931
0.16993464
0.29249012
0.30526316
0.35327635
0.16600791
0.32758621
0.31904762
0.23320158
0.40909091
0.51111111
0.25735294
0.32026144
0.25490196
0.375
0.23076923
0.32380952
0.2687747
0.33333333
0.31868132
0.38421053
0.23976608
0.30588235
0.33333333
0.31578947
0.22988506
0.3974359
0.22666667
0.26923077
0.33333333
0.41991342
0.32873563
0.37878788
0.26780627
0.15810277
0.15555556
0.1908046
0.34782609
0.37878788
0.28888889
0.40615385
0.22672673
0.33333333
0.37321937
0.40333333
0.26842105
0.22631579
0.35573123
