3.0375
1.91358025
2.23170732
2.54320988
3.4691358
2.55128205
2.19753086
2.29268293
2.44444444
2.72839506
2.19753086
2.79268293
2.30487805
2.06097561
0.0
2.08536585
3.04878049
2.08536585
2.09756098
2.13414634
0.0
2.9125
2.33333333
2.62962963
2.2345679
2.80487805
2.35802469
2.36585366
2.26829268
2.24390244
2.12195122
2.63414634
2.67073171
2.3902439
2.47435897
2.34146341
2.02469136
2.26829268
2.18292683
2.35802469
2.25925926
2.38271605
2.43902439
2.34146341
2.6125
3.05
1.825
3.13580247
2.31707317
2.79746835
2.20987654
2.23170732
2.67088608
2.34567901
2.55555556
2.30864198
2.03658537
1.95121951
2.37037037
2.2195122
2.73170732
2.825
2.38271605
2.30864198
2.06329114
2.38271605
2.07317073
2.06097561
2.1097561
2.43902439
1.97560976
2.70731707
2.75308642
2.27160494
