0.34632035
0.46666667
0.33333333
0.25
0.3
0.17857143
0.0
0.4
0.66666667
0.37878788
0.33333333
0.33333333
0.35714286
0.37426901
0.0
0.13333333
0.61904762
0.1
0.3
0.58181818
0.55
0.66666667
0.28947368
0.5
0.2
0.17777778
0.45454545
0.2967033
0.16363636
0.66666667
0.22222222
0.5
0.38888889
0.53571429
0.2
0.10714286
0.32727273
0.28571429
0.42857143
0.33333333
0.0
0.39869281
0.0
0.52380952
0.41666667
0.38095238
0.38181818
0.31428571
0.36363636
0.25
0.33333333
0.42857143
0.34166667
0.33333333
0.42222222
0.66666667
0.26839827
0.47058824
0.30909091
0.23076923
0.0
0.0
0.37229437
0.42857143
0.57142857
0.0
0.6
0.41666667
0.19444444
0.44852941
0.38095238
0.46969697
0.38095238
0.6
