0.33333333
0.0
0.5
0.0
0.36111111
0.2
0.0
0.53571429
1.0
0.57142857
0.5
0.26666667
1.0
0.56862745
0.0
0.6
0.39047619
0.5
0.6
0.30769231
0.9047619
1.0
1.0
0.33333333
0.28571429
0.32967033
0.50549451
0.34545455
0.53333333
0.8
0.71428571
0.27777778
0.22222222
0.47222222
0.0
0.83333333
0.38095238
0.0
0.53333333
0.0
0.0
0.53333333
0.53571429
0.7
0.26666667
0.33333333
1.0
0.33333333
0.41818182
1.0
0.56363636
1.0
0.58333333
0.86666667
0.0
0.36363636
0.66666667
0.66666667
0.3
0.61111111
1.0
0.0
0.50909091
0.47058824
0.66666667
0.1
0.47272727
0.67857143
0.83333333
0.40909091
0.57777778
0.5
0.7
0.06666667
