0.61538462
0.40659341
0.38947368
0.33333333
0.5
0.52727273
0.52727273
0.46428571
0.17857143
0.32142857
0.4502924
0.33333333
0.3
0.25
0.0
0.16666667
0.425
0.375
0.4502924
0.45714286
0.4
0.61538462
1.0
0.5
0.38095238
0.44444444
0.45454545
0.5
0.42857143
0.35833333
0.408867
0.25
0.41666667
0.6
0.46428571
0.30555556
0.47222222
0.27777778
0.26666667
0.35714286
0.4
0.21428571
0.53333333
0.73333333
0.4
0.16666667
0.48717949
0.33333333
0.54166667
1.0
0.57142857
0.9
0.23809524
0.33088235
0.5
0.39705882
0.38333333
0.4248366
0.33333333
0.39869281
0.23333333
0.66666667
0.66666667
0.35164835
0.35897436
0.5
0.29411765
0.52777778
0.39130435
0.40526316
0.66666667
0.4
0.1
0.32142857
