1.925
3.59259259
2.2804878
2.01234568
3.18518519
2.32051282
2.60493827
2.47560976
2.37037037
2.19753086
2.5308642
2.75609756
2.25609756
2.15853659
3.01265823
2.35365854
2.36585366
2.81707317
2.40243902
2.35365854
2.2
2.0625
0.0
2.74074074
3.09876543
1.92682927
2.16049383
2.3902439
2.36585366
2.30487805
1.97560976
2.62195122
2.6097561
2.58536585
2.35897436
1.90243902
2.37037037
2.08536585
2.25609756
2.69135802
2.45679012
2.69135802
2.73170732
2.5
2.525
2.7875
2.3125
2.50617284
2.40243902
0.0
3.41975309
2.70731707
3.01265823
2.2962963
3.11111111
2.11111111
2.12195122
2.62195122
2.64197531
2.67073171
2.29268293
3.0125
2.4691358
2.55555556
2.78481013
2.9382716
2.29268293
2.32926829
2.07317073
2.69512195
2.69512195
2.79268293
2.85185185
2.09876543
