0.54545455
0.32478632
0.3974359
0.15384615
0.27941176
0.15238095
0.32967033
0.34210526
0.32034632
0.31168831
0.32380952
0.28205128
0.29
0.47368421
0.30833333
0.18681319
0.29435484
0.3956044
0.34615385
0.33333333
0.07575758
0.33333333
0.27368421
0.21428571
0.2745098
0.31428571
0.32631579
0.22
0.38333333
0.41666667
0.30409357
0.25454545
0.36029412
0.19852941
0.33333333
0.2875817
0.35164835
0.20952381
0.35897436
0.34558824
0.23715415
0.20915033
0.20588235
0.28571429
0.33333333
0.20526316
0.47435897
0.15384615
0.33333333
1.0
0.22058824
0.16666667
0.47435897
0.2
0.2
0.375
0.57971014
0.1
0.2
0.4
0.33333333
0.1025641
0.39285714
0.24901186
0.19565217
0.22222222
0.26666667
0.29824561
0.47293447
0.42105263
0.37681159
0.38095238
0.25730994
0.17582418
