1.4780797095022842
1.2724622770958125
1.306666667249778
1.2724622770958125
1.417283953242401
0.0
1.3015872974257638
1.3378378389609205
1.427480241170849
1.2602670679750378
1.3216735236509298
1.5205479475905426
1.5673758813691463
1.1793103447105826
1.4838161580471743
1.315789471128809
1.2411347474010361
1.5034013572048683
1.4029850778235686
1.187919466115941
1.6210992861812785
1.4902482227227
1.1081081073593866
1.7629965551130673
1.5255487001530825
1.3706293684639836
1.3569739894837616
1.3289473637361495
1.316901403408054
1.5211267571473914
1.3098591510255901
1.26530611857837
1.42176870619279
1.6319444461844137
1.4227350434200114
1.2097902105120053
1.2148148153817284
1.3750000028472222
1.3732394340170602
1.5296025954999082
1.5292881492786152
1.421591797952931
1.4726027440345282
1.4444444476080247
1.60374149376209
1.5808098564831383
1.3990875889941659
1.3700411545427271
1.4965986372169005
1.4847849841338958
1.4521924221277667
1.4137931057883473
1.7031556406425539
1.443409001346334
1.5287099198102188
1.599930934209829
1.3230769288994082
1.2352941155190311
1.434156380241198
1.4057971017076245
1.2907801410190634
1.51672297194816
1.107465408231194
1.5474426844452507
1.2074399347351403
1.586726200605032
1.2708333357060184
1.0142857178836735
1.469696968379247
1.8695652145494643
1.1506849358922875
1.158273379682211
1.219693590303024
1.8207656092235724
