1.2238325230243932
1.053309812470921
0.6111111294444446
0.7090908956969697
1.7508417333333333
0.0
1.3710073709157313
1.1085973012776154
0.9905660470808118
1.5436012300679482
1.74891776
1.115942012974165
0.9158249148073326
1.4122806731371194
1.6666666499999998
0.9626666713280001
1.3096492782143736
1.6802656614242208
1.572897742187663
2.3749999901041665
0.48469389393828977
1.1842104976973689
0.7539682744331067
1.9710144387649662
1.4794094433725824
1.1250000112500003
2.4761904782539683
0.94017094933158
0.6802325579022445
1.5404739755200791
1.2494391837765084
1.7391303871455583
1.5384615384615383
1.618336919199313
1.5833333007352943
1.2581699137981122
0.6060606181818181
1.0833333369444444
1.2142857120089285
1.78500000248625
1.3998202958500738
1.5498575752579935
3.7885714995634294
0.8877193002313019
2.292820046993817
1.2987012688480355
1.198630167104523
1.2137592455541542
1.473567569787087
1.7053291694822184
0.3142857331428573
0.7718750239355472
2.314102527564103
1.1537396361120429
1.548387116753382
1.7289600464528687
1.2453794508023635
1.3636363547430832
0.844444464851852
2.867924512068352
1.3416666501354169
1.607142886071429
0.9023437404125978
1.273846134248521
0.0
1.0
0.993883768432792
1.4720000023552
2.2499999713125
1.3315789371654139
1.8654971201497903
0.0
2.7083333933680565
0.9369807259645179
