1.3223140732531933
1.537878777892562
1.2068965230083237
1.25
1.0842857217208164
0.9593023134004871
0.0
1.312500020507813
2.592592576748972
1.5008576518948837
1.3076922986390533
1.2888888742814815
1.9642857496428576
1.431578955018421
0.0
0.516129026014568
2.3394241861527476
0.37142857036734694
0.9344262341037355
2.2377622307692304
3.5750000893750027
2.9142857280244896
1.4763157783342105
2.615384623431953
0.7269230640621305
0.7496296396246913
1.585081546470624
1.0724215533443187
0.6136363423295458
2.524590215460899
0.8649572430006578
2.4326922702662728
1.511737074784104
2.13039867377173
0.9130434742911154
0.37815127503707385
1.5166297502839226
1.3901098895752324
1.8734693934647229
1.3764705867778546
0.0
1.315686286156863
0.0
1.8333332925000008
1.8548387340894903
2.0816326017638493
1.52727272
1.2705167054064541
1.3468013333333333
1.3636363884297527
1.2777777415740748
1.3877551040233236
1.5459016736866438
1.586206862092747
1.927536213358538
3.3333333499999998
0.7604617573953824
1.3529411781617648
0.9366391212121211
0.7641509458953364
0.0
0.0
1.5920483189481631
1.6981132292274832
2.6409266221903374
0.0
2.055118131272863
1.5931372770184549
0.577557736855864
1.397058824903568
1.5384615198224854
1.778688553147004
1.9591837133527705
2.0
