0.0
1.391114467743607
2.121621618701607
1.5651396993536901
1.6825883371298014
1.3617277558503602
1.4028218730338122
1.2569444433371915
0.0
0.0
1.4790298550949508
1.5390070858467884
1.3448275881569558
1.2097902105120053
1.497078876147105
1.4625850316988294
1.4827586234197385
1.4068965551562427
1.3356643333786493
1.2836879377767718
1.4760000021648
1.4158273391480771
1.3449735496406652
1.2469953448599882
1.4903978056891098
1.5563380248343583
1.4271262013484036
1.3265306096265443
1.151724142182164
1.3581081059742515
1.5103448316033294
1.632653059289185
1.2027972046417916
1.2292993624917847
1.158298785186697
1.2042253479646896
1.381715047174517
1.4129032290489074
1.6344827599467302
1.6285560911759902
1.2411635395648315
1.36841209454082
1.3881578912586565
1.3846153859386767
1.2879934186800122
1.3544642882297193
1.1993197257699106
0.0
1.2887323938781987
1.5078686285757645
1.1286286295076835
1.1619718278952589
1.4605786668553604
1.157911724974187
1.327446652877018
1.3351225614484976
1.1712328778663914
1.2620689692613554
1.6254564368302147
1.2370370421212622
1.7152777776195987
1.6878333358088222
1.335434723871107
1.3849451336860807
1.443211377241675
1.3382377851732543
1.1818181812968849
1.3469387751686797
1.2971014491461879
1.4222222223572016
1.073825502580064
1.4041095928879714
0.9819753093981975
1.4247828090291792
