1.2845911757475972
1.015714269955102
1.1676767482779309
1.2050739809184328
1.394871774842867
1.2713974495576008
1.487830648021165
2.1388888863725493
1.382513643750784
2.8892562523305796
1.4514896694611732
1.5694164708532892
1.0807017574736841
1.2543972660029916
1.879120908791209
1.448275842092747
0.9336249804552346
1.7051281797583828
1.3853990114245032
1.2669220888888888
0.2888889042962963
1.115563286657885
0.5401234551097394
1.5447154580805076
2.4864865177355737
1.5757575666666666
0.7823529405847751
1.7869674278105978
1.3648718579107035
2.603320488851994
1.8866099458764465
1.4293785230786171
0.9162055524916999
1.2871287160572493
1.401772896054031
1.7475490438646197
2.3148148673574376
1.541208784742181
1.1656919969623134
1.8524970874451148
1.4950165988951556
3.166666619166668
1.8095238004761904
1.1552123544459982
2.129817502238233
1.205949670837047
1.3553571627921877
0.758928572516741
1.6063492170582012
1.8571428889795916
1.316614388736353
1.5584005339762241
1.1430481383607265
1.7333333557333337
2.00555550488889
2.2555780410452226
0.9708661430815303
1.0671045821824439
1.1187607538778177
1.6863905301661357
1.0188679281310073
1.462365554131114
0.5271317944690824
1.2097635721613111
1.4499999810000004
3.8382353483823533
0.712258076339613
1.9190402593696505
1.1576923284686391
1.3593843327506512
1.5030168040992105
1.1590908948657024
4.007812562622071
1.0349915861283345
