1.0751748245733288
1.1951303149695167
1.3243243220781595
1.5393201458611512
1.2287782076890124
1.0953917869396408
1.0470150539644247
1.260869569867675
1.2602670679750378
1.1655295640371823
1.144997874446893
1.1366906493069717
0.9536423859760537
1.201438852231251
1.4200070353722263
1.0684931511465567
1.0422535200694307
1.3931034482368607
1.1103448270791914
1.1301369883017451
1.1644557802533435
1.2954861118308256
1.1559408069335013
1.3015873027029479
1.2302812094334896
1.0896551751828776
1.0896776429664876
1.1838235236040224
1.1258741228666438
1.2043795589418722
1.1126760554433646
1.1849315114655656
1.124137933998573
1.1958041930373124
1.0993799213599635
1.3455882332990916
1.1931216970729404
1.2605633785736958
1.1538461520817642
1.2480974146523216
1.2803195315696956
1.2742812722941084
1.2866666704204446
1.2727272748124603
1.1132450359141264
0.9837248326108959
1.2487676035232098
1.0255789567119642
1.139860140341337
1.0952861681273265
1.3426144810138596
1.425531909572959
1.221562041648938
1.216173666798459
1.214814814684656
1.0467792037267851
1.190140843199762
1.503649631453993
1.3146433504525796
1.2600000025146667
1.49999999722973
1.5482517473855935
1.1231864450576567
1.0756172851808985
1.101524149616352
1.4926556700117937
1.1944444476080247
1.0709677412528615
1.0563380248343583
1.0551724163671818
1.043478259836169
1.2164179127311205
1.0967078176344798
1.1763171619555204
