1.1703401303109038
0.5701863397007831
0.868347355262105
1.0724013975886235
1.1313131152076321
1.4553871999401422
0.6687370608965705
1.1765957498143955
1.0514706138480394
1.177135221054859
1.0444444191111117
1.0857142775714286
0.970588236372549
0.8755760485877805
2.46774192433923
0.6634146302629388
1.2201591416006585
1.1065088710969504
0.8060952428897524
1.006923093098225
1.2396694090909093
0.7720124519864837
0.6820512962769233
0.9660107666514133
1.500000032500001
1.115942018384058
1.245283034492702
1.8214285854795917
1.6870144357338808
0.9713851043271559
0.6545086070404622
1.0793650649735453
1.250473655172414
1.6067653699247761
0.7555555879365085
0.5695238091382857
0.5409091147863638
0.5288461433894233
0.8506278857672456
1.0730837805315183
0.7692307599112427
1.0217391183128546
1.4901960301960795
0.6774193694484913
0.9200000184000003
0.7818815238172857
1.050322579396129
1.7812500100195312
0.9494415084394799
0.7142856999999999
1.1395202056686657
1.3124999803125004
1.2142857194897958
1.3174999922225001
0.7732557910640888
0.9634002665074601
1.2149999729190002
1.1
0.7538461500189348
0.8411764764117647
0.5714285653061223
0.6111111246913583
0.9563937999493511
0.8626436612921127
2.1250000352302636
0.6263736406410259
0.751308373305859
1.0391363002059806
0.680161963053484
0.9232974930728793
1.383963840177866
1.172438653735484
1.2867646999999998
0.7856037041347563
