1.1267730464488708
1.0477423782949693
1.1377245482225966
1.3798410300817563
1.5113893206849758
1.2955940730215312
1.3402886406924701
1.43065693054931
1.2134280448313097
1.2459639141281322
0.9651028827488176
1.8345323768593755
1.4751773031909863
1.3576642296446269
1.260895421178884
1.3333333333333333
1.1914893595986118
1.1744966439628846
1.2030075170818024
1.2123287730474763
1.5785000023151334
1.0455000015334002
1.5075939285666144
1.50106428648452
1.13354198907007
1.2517985623394234
1.2048339381045061
1.6357142906091835
1.0723684201298476
1.2700729909531674
1.0709219800824907
1.42176870619279
1.2116788278352602
1.671428576532653
1.225335376063758
1.1489361692228761
1.401709398376666
1.3636363625937697
1.3834586468019674
1.4100529141900982
1.2672019313190477
1.3005829926669907
1.4774193584224764
1.2957746462606625
1.5145522401622855
1.3097222229498455
1.3386194041838382
1.4503108265239408
1.314685315768008
1.4464679505115714
1.3046426690625756
1.2816901414957351
1.4096818341826474
1.5075939285666144
1.4675615236782127
1.2388845731530715
1.3623188418714554
1.3357664229644626
1.2708169154019378
1.1088435365421816
1.2384105964940133
1.654738560793669
1.492272520428417
1.199019349790016
1.2134070207660728
1.3295473295500029
1.4379561994426981
1.3714285712612244
1.1714285736040817
1.1908396886358605
1.0482758657350773
1.464285717005102
0.8663342799300305
1.6353276374661407
