1.3426202711986344
1.6686182885341885
2.7999999615
0.0
3.4343434039546987
3.4985293490205893
4.1999999664
0.0
1.1111111333333332
1.4424242613994491
1.2179487081114397
1.2907801687792368
1.4285714153846154
2.717647099188582
5.0555554993827165
2.999999958
1.9499999874
0.0
2.4782609018903594
1.5461111264550924
1.166666653703704
1.5770750476892683
1.04615383113215
1.1929824643028624
2.8571428130612246
1.895833351699219
2.449275392709515
1.42999999298
1.740275139130616
1.6280148213689372
1.0363636160132232
1.3787878496801351
1.187499985612981
0.0
2.0000000606666686
3.4714285615102045
2.142857125
1.439393908643251
1.3573717851186518
1.9902438907888163
2.606153847137988
2.2037037106995885
3.0000000450000006
0.9981917108604395
1.7499999890625002
1.6118420836759872
2.489361694182888
4.773584814692063
1.8853579164297356
0.8533333576533336
2.4242424363636363
1.154999998845
2.521978038144548
4.5
0.0
1.5
1.56835938384552
1.480769210808679
3.6142857390693877
3.548571406266123
0.0
2.849999943000001
1.321138210254313
1.7843137139446366
1.837886277214356
1.5147541217027687
2.5939849359200635
3.2179104367489417
1.2489473860470914
1.572332031691356
1.4978499847545652
1.706864560815363
2.7805556202245376
0.0
