1.1248376626298278
0.0
1.3648648616453616
1.4006426553442264
1.704236612592976
1.268788682651788
2.2256717411341524
1.7872340364901163
1.5077488778503578
1.3497942392221078
1.3309159943603268
1.2127659518786782
1.1830985908172982
1.1328671344711232
1.3623417710346344
1.8357142882663267
1.1972789075422277
2.0000000058571428
1.2978723384457522
1.6330935246281248
1.8742857177665306
1.7571428604061226
1.6872427976040238
0.0
1.3153607091020831
1.3211678791922852
1.3965936697280976
1.915492954086491
1.3037037043336077
1.3758865217705347
1.3888888895216052
1.8251748245733288
1.7625899304766834
1.931034488023781
1.4905163349055244
1.136986302293113
1.731257828957424
1.3910256424408283
1.1891891864937911
1.4129141151172044
0.0
0.0
1.513513514112491
1.559440561365348
1.7679530208461556
0.0
1.5028195484202047
1.749223143436748
1.2481751782876018
1.6689004699328887
1.749223143436748
1.302158272447596
1.5569620227898067
1.1645283639232458
1.7820057570739885
1.145549055652936
1.3308270701260672
1.3103448293412603
1.808823524357699
1.4820143884043266
1.3971631140506011
0.0
1.6992945370129757
1.5992127358264292
1.4031879959937026
1.8821074568189733
1.3521126710950209
1.7013888909452162
1.2727272748124603
1.2158273391480772
1.2068965528941735
1.8028168986431266
1.857041753903742
2.046540545357223
