1.0039383589148998
1.2397566625044538
1.0399999991253335
1.0961260100901395
1.1037379950576323
1.029531389566121
1.1823015198532383
0.979310348103686
1.0416890317210048
0.8960627284486063
1.1344015355052437
1.2777777790432099
1.300000003153846
1.0147058799589102
1.1232876743103772
1.0647482029242792
1.0642857158336736
1.0896551751828776
1.0
1.0671140942552138
1.2045620418612872
1.124652778402585
1.0710323870705656
1.1881001360767225
1.1143085546146105
0.9589041104353537
0.9371037672046597
1.1301369883017451
1.0357142859234694
1.067567567792184
0.979310348103686
1.0479452091724526
0.9545454564817001
1.0915492925213253
1.0092307728135386
1.2846715287399435
1.3426144810138596
1.0939597330579705
1.020270267013331
1.1043771060954533
1.0841432413215795
1.2217965127809045
1.141935487796046
0.9729729717750183
1.3097222229498455
1.1513698661681366
1.114781020107651
1.1272217783624914
0.8965517235529132
1.2561477032048134
1.1871391789835535
0.9374999985763889
1.1801629980278439
1.012345680840192
1.276125887138942
1.1318587106288105
1.1068702241337918
0.9577464799305694
1.2492776439736804
0.9790209766550931
1.0479452091724526
1.1915625013405078
0.9495104339853966
1.0123456841434129
1.2614275655619043
1.240479915509048
1.1111111117860082
0.9583333342824074
1.1773049589296312
1.043478259836169
1.0215827362745198
1.0839160819110958
0.9030583605275929
1.0264060386257812
