0.0
1.3791044778177768
0.0
2.4266667205386674
2.1260504429918443
1.8545454735123967
1.098901099987924
1.0826210761253563
0.0
1.407407365185186
2.656779618878197
0.0
0.0
2.9069766987560848
2.793650712169314
2.1531100941198695
1.462719285251039
2.368421083795014
1.1590908948657024
2.8787878604683197
0.6893939581955923
3.833333263055557
2.23999998208
1.7272726754545464
2.4
2.3809523928571426
1.6851851664609054
0.0
1.7857143000000002
3.1818182252066123
1.6296296296296295
1.9833333276666667
0.0
2.4838330355437255
5.9999998800000025
0.0
0.0
1.7674418563547865
1.6150696382495522
2.5948717549506912
3.8857143034775516
1.448275842092747
0.0
0.0
3.7173912760633274
2.8848484708613404
2.4428571224169096
2.1103895829819534
3.1586776938812924
0.0
2.0923076856686396
4.857142926530614
1.4615384176923085
5.687499864921878
1.7500000164062506
5.526315818559557
1.9877675666820975
0.0
2.1428571612244895
2.47619048
0.0
1.636363666115703
0.0
4.615384544378699
0.0
3.48837205246079
2.1495037207207037
4.249999957500001
1.8333333516666668
3.202531690972601
1.8586956380316637
1.0597826202150284
5.0
2.606896525205708
