2.56499998525125
1.6428571217346941
0.0
0.6462584950923226
0.7510204015650146
0.0
0.8560975742346819
0.7674866540198054
1.3255813731530557
2.062500020625
1.5964912028624192
2.6772486659872348
1.3207547162335351
2.22222224
0.0
1.480769183783285
0.0
0.0
1.1337209500067607
2.4137930822235436
0.43678159526357524
2.684210572936289
0.597402603454208
0.0
1.6008869663566068
0.5864197572130772
1.180124256697273
1.8055555354938275
0.8433333340361111
1.4893617125848801
3.0092592952031896
5.250000013125001
2.518518553497943
1.5147541217027687
0.0
1.7777778088888896
2.295918334001458
4.277777846697532
1.3939394078787881
3.720588284537198
1.473214312232143
0.0
2.3333333499999998
1.9387754864639735
2.7999999916
1.1864406701235277
1.1871074577372802
1.6153846128994083
1.2876253970103244
2.3582887865681035
1.2391304509451797
1.5771428649234285
1.6545454665785124
1.0489765934438964
1.7582417267962809
0.0
0.7268170415354176
0.0
1.1929824643028624
0.8659793613561485
2.372093048907518
0.0
1.977272752438017
0.0
0.0
1.8110799622154543
1.6655843859740265
1.7499999737500005
0.0
1.7473118044716156
0.0
1.0684210425096954
2.0370370619341567
1.3888889072222224
