0.92111486424249
1.0408624593675564
1.0555555580864198
1.2008514280565816
1.797280372551907
1.1984615389577435
1.2476091109899565
1.1666666685648148
1.054526748502515
1.15696649002798
1.2480974146523216
1.2846715287399435
1.1088435365421816
0.986301372017264
1.2053899552327614
1.4137931057883473
1.1268656698151036
1.1702127615029425
1.0144927512980466
0.9708029184410463
1.2014900692487829
1.0399635019796207
1.0479916490738168
1.240479915509048
1.3497942392221078
1.027210879951872
0.8806020630975399
1.3028168986431266
0.9121621596539445
0.95000000205
1.057553959465866
1.1188811169964301
1.0709219800824907
1.4405594386346519
1.2024467878150744
1.2137931035262781
1.1648909192188792
1.1589403994728302
1.2773722598465553
1.3497942323410093
1.2302812094334896
1.198286721009833
1.187919466115941
1.0
1.4941901383196787
1.0877551001168957
0.9508223666695377
1.118908377807274
1.189781021155096
1.2568673033552007
0.9918251596001182
1.4178082208707075
0.8991373051608842
1.119239322363611
1.337995335335387
1.0938768745344472
0.8226950352547658
1.0
1.2003527382292265
1.151079136223798
1.1751824773829185
1.4059121612122216
1.0602268945539008
1.1323273909411236
1.0662188934883203
1.0482444614234199
1.3284671540710746
1.2773722598465553
0.9855072487019534
1.099290775604849
1.0425531903757357
1.0208333357060186
0.8282828306359046
1.1063492090546485
