1.9649122787626965
3.4189189022863404
1.6866666680722222
2.850931636940319
1.3859910516466738
4.27499997541875
0.7142857387755105
0.9427609228582121
1.6071428424107144
2.0164383711840874
1.4999999812500004
1.3058181792562908
3.000000042857143
2.0658106078905982
1.6190475988095239
1.169491503223212
4.0
1.2952380882068029
1.2195121977989292
0.7218749923300782
2.6515151470959597
1.1328358396633997
1.7588235425432528
2.333333352777778
1.2106918529310553
1.9519230423890537
2.1241379269143876
1.3242424173888891
0.5679012476085963
2.352777779827546
1.1363636363636365
2.2727272857438017
1.2374999861343752
1.7447368678171749
1.2037036999588477
0.7536231947132956
1.0123966817900076
1.5306122380952383
1.4999999825000003
0.6944444583333333
1.1632184147709077
1.3725490220299885
3.011904673698982
2.48318040728951
2.1874999863281253
1.4768339603094023
2.2647059273140147
1.2743902723854852
1.925675682233382
0.1715686431949252
3.9583332383333354
1.4060150510486744
1.5384614994082846
1.1224489997959186
1.6000000096
0.581132059517978
1.5230307177490863
1.7080745031731035
1.7297297376187
1.6705069332159583
0.0
0.0
1.2459016348293468
1.3429751969970884
0.6959706749131213
2.6101694576817014
1.314285704647619
1.2576832159901414
1.4485514697631043
3.720588284537198
1.2218749885112306
0.5763546633072874
5.999999460000043
1.5194804999443414
