1.9438016705003756
0.6300000234360004
1.3554817320667543
2.9142857274000002
2.7142857336734694
3.800000068400001
2.1970149404981067
1.86666668
0.0
1.1309523777210884
1.4571428421551018
0.0
0.6041666764843749
1.3210784532107844
2.2897959010600584
0.0
1.5322705136299928
1.9038461447596156
4.371428570179591
3.6874999217968765
1.5166666499833332
1.862903214689126
1.5497326229688582
0.0
0.0
0.7360000011776
2.4955782054235045
1.5909090713842975
1.235294132179931
1.7662337566456403
2.030409368378373
2.389937105339979
1.7009906220033224
4.371428570179591
0.0
0.0
0.7050691071383975
0.7583333440763891
2.005617929329631
1.5081967250201558
0.7456140479916898
1.5714285714285714
0.0
0.0
1.9638242652004088
4.666666760000002
0.0
1.3749999693750006
1.3877551183965016
1.8367347262390674
1.7250000146625002
1.2295082085729643
1.7471264034879117
3.422222155407409
3.238095300544219
1.6
0.7738095311791384
1.2946428693494898
1.1846153786011833
1.1794871495463515
0.8784722405237269
0.0
1.4615384643491125
0.0
2.9431818223579547
0.0
1.0232557903948083
0.9714285758693879
0.0
1.7466577720075502
1.9285714230612245
2.37272730292562
Infinity
1.8904109848001505
