2.2500000225
1.1089285759258931
0.34871794371071674
1.3347107815439525
0.0
1.6666666499999998
0.0
1.2363636734545462
2.9749999702500003
1.3939394006303032
1.9714285784693877
0.8251793917290836
1.7236534129504357
1.6429353416513814
1.6545454665785124
2.9333333128000003
1.4838709754006245
2.538461499408285
0.7666666655166666
0.0
1.7000000043714285
1.1707316958953007
1.1448007819003985
0.0
3.3999999660000007
2.4393939613774105
1.7678571476785714
1.0416666684895834
0.56390977057776
1.6363636295454547
1.3076922986390533
1.3541125661902291
2.2500000225
3.8152174219919663
1.576036887458005
1.995652205583176
0.0
1.9139193803700576
0.6857142778775511
0.0
1.7250000146625002
0.8578595223858515
4.333333347777778
1.5833332858333342
0.0
1.6190476394013609
0.0
0.788571423614694
1.6267605494038881
0.0
1.09090908
1.3360602928498257
0.3235294108131488
1.107226110145158
1.1640211514109347
1.9615384675739647
1.8585858791429448
1.0302197785555791
1.1139921649712492
1.13847115963148
0.0
0.2698412806349205
1.5026785518595984
0.6896551766944113
0.0
0.0
3.3253011791784006
1.295238095957672
2.280701783795014
2.8675324392295503
3.2500000568750007
0.6325000071946876
0.0
0.0
