1.2749999872500002
2.389610377972677
0.0
0.0
0.0
2.3636363571900825
2.4230768997781067
1.6285714265772595
1.2962962689300415
0.6333333574000004
1.3636363809917353
1.5476190333333335
3.281250051269532
1.9879032300312174
3.4000000408000006
1.5632184053587002
2.4568965169039836
1.5141065687709436
1.564655167778686
0.0
0.0
0.0
0.0
0.0
1.9067829250964978
1.5909090713842975
2.739130422873346
1.1009708838341032
2.9837838063637694
0.0
1.286868705419651
0.7759932485415177
3.888888845679013
2.1249999787500005
2.6000000312000004
2.093023231476474
1.998666290510405
3.219047662628572
1.1177419288134756
0.8333333499999999
0.0
2.9473685041551265
0.0
2.062499972929688
0.5555555666666666
1.3722222000555562
1.2266666563626667
0.0
1.3961538346038462
3.0036630000000004
1.6
2.0263157628116346
2.8783068966960617
0.8730158798752835
0.0
2.3703703555555555
1.384615393846154
1.1785714317857143
0.0
1.6333333205000002
0.6451613115504684
2.7272727768595053
1.4237288183855215
2.274999997725
0.0
1.9487178902564113
0.9459459652739227
0.0
1.466666684666667
1.1217112610696702
3.3333333499999998
0.0
0.0
1.324618765927635
