1.304545453815639
1.5723666863195271
1.6808510576429758
1.4491797753402187
1.4614313555003213
1.8198054860465744
1.3663126992356291
1.105960269935529
1.3983479890635595
1.2582010616223733
1.3521540172855082
1.1448275858948869
1.6330935246281248
1.3284671540710746
1.407187158016317
1.3142857172979592
1.5500000008785715
1.5743243206930242
1.6043165507944723
1.2957746462606625
1.2543706286688836
1.4611702086207938
1.1918395926472636
1.2755555556041482
1.3025986361943505
1.6074074086672154
1.290384278100759
1.2785714313744898
1.407142857184694
1.3591549292521325
1.2805755420723566
1.1907894697801247
1.1360544220722848
1.084415586905043
1.326127028633103
1.2866666704204446
1.1751705101117929
1.359712231913462
1.496503497064893
1.5625335475815072
1.4287715550956834
1.3663126992356291
1.2836879377767718
1.5851851899544582
1.2340460503583361
1.2411564603897913
1.3137323921458044
1.3753937894489277
1.3379310375248512
1.2974683514257161
1.5396090522442274
1.2993197240964411
1.5756306382558491
1.5113893206849758
1.3877851420354859
1.3830638135779205
1.313868610298897
1.3165467652637026
1.399618860697833
1.3955223863243484
1.666666662789598
1.5853333356584889
1.1539324871866112
1.3057792060989366
1.290260194883478
1.5541644877957783
1.32857142932449
1.2569444433371915
1.365671644805079
1.4042553172928927
1.2269503525476584
1.4233576616559218
1.1577976424924603
1.2561953648440656
