1.0831560252960113
1.0816844294018753
1.1655172434463732
1.10378335303714
1.631405988224033
1.4881784859709555
1.3748748731250846
1.4569536464479629
1.1056825127498369
1.3947873851151145
1.2433507341919532
1.6619718278952589
1.3453237390973551
1.3055555580864198
1.454530309557444
1.5
1.2721088385663382
1.1655172434463732
1.4565217371928167
1.0135135113422207
1.5676470575940022
1.0758865217705347
1.240479915509048
1.4482167380267872
1.578692911284647
1.2647058814662628
1.272663143934946
1.590277780466821
1.1928571475010206
1.154929575512795
1.314685315768008
1.2394366156516565
1.0333333335155557
1.575342470754363
1.18781218771112
1.121621618701607
1.5390390392303792
1.2789115641325373
1.1232876743103772
1.4130658435628143
1.6645952457709778
1.5247675634078666
1.689655176313912
1.3630137033233252
1.7652777787584877
1.2478260895916826
1.2920774626049394
1.436436434029435
1.3310344868927468
1.8581924399394727
1.2584019193102232
1.3235294073313149
1.194010091873979
1.2705278015854473
1.3382377851732543
1.0897224151151803
1.0500000038071429
1.157142861577551
1.435312030781677
1.3430656918578505
1.3197278896385765
1.6199300690238154
1.5255487001530825
1.2672528663793186
1.404318685957397
1.5563953967029742
1.385714289144898
1.3825503350533759
1.1499999997071428
1.2957746462606625
1.2275862104456599
1.189781021155096
0.9513610034002141
1.3596467502253846
