0.9965277783314044
1.033733263886648
1.1360544220722848
1.4186159819920232
1.1156462565301495
0.9877817908675631
1.0053155019473976
1.128571431667347
1.096707821859282
0.9365919214726945
0.9776763087059624
1.1543624189883337
1.061224485469943
0.9270072990953167
1.103301759242908
0.9731543611972434
1.0291970815589535
1.0382165595448092
1.107142857770408
0.9931506860086321
1.018166668159978
0.963087248709968
1.1589612642631084
0.9669199121031484
1.1344015355052437
1.0684931511465567
0.9634738181464394
1.0845070401388615
0.9210526281717452
1.1176470577595157
0.9861111133256173
1.0133333366862223
1.0337837838960922
1.0479452091724526
1.0178017299022897
0.9452054824526178
0.9909580910011977
1.00671140832485
0.8918918926406136
1.054526748502515
0.9029029024980386
1.1371554244853572
1.0399999991253335
1.1214285756540816
0.9613793119360761
0.9547945231638206
0.9889084490328308
1.0465465464550363
0.9571428580632654
1.0252387950672501
1.0902184241453323
1.078571427860204
0.9082278492545711
0.9313580240326584
1.067816679226895
0.9503653275707824
0.9027777761959878
1.0
1.4084809438803705
1.0563380248343583
0.9798657695220936
1.402256945223476
1.1491491461154397
1.0760597421952112
1.0602169988261172
1.0774250444295037
1.178294577092723
0.9856115130831737
0.9703703750496571
0.9928057565415868
0.9652777776195989
1.0797101440233146
0.8046850283701918
1.0404663907169258
