1.1523291949800742
1.758673509584612
1.6293706258017506
1.2550312897398117
1.1901901904120338
1.332998156993727
1.6065485746638195
1.187499998576389
1.2555715885079406
1.1964085273027085
1.1951303149695167
1.4161073821809829
1.3541666671412036
1.26896551989346
1.2386497882166865
1.720279719317326
1.2394366156516565
1.3546099236748654
1.3868613112035804
1.2467532446095462
1.2776408429110295
1.1593103467464445
1.1763171619555204
1.460767256829839
1.3362962958265678
1.1554054025976992
1.1446784470760691
1.4825174795902
1.3537414951566475
1.1013513516882762
1.225352110886729
1.836734692397612
1.2805755420723566
1.1678832084895305
1.3506054128336697
1.0928571457438776
1.4699814006026888
1.5422535200694307
1.136986302293113
1.2724622770958125
1.303568409735804
1.1921702364881073
1.0509554109854355
1.496503497064893
1.258275864151629
1.3996551747304637
0.9842715256557827
1.580424552935557
1.2877697855307695
1.4076642985141488
1.1901901904120338
1.335714285337755
1.4185654035472293
1.1740397839855776
1.587707610063099
1.4145104055192068
1.289655171789774
1.1971830955822258
1.6325856323111227
1.1739130452867044
1.1624999998078125
1.3117132859794611
1.3718017556354485
1.4283781556941868
1.335483350696529
1.1984386307690686
1.3309859139476297
1.3125000014236112
1.2222222235720164
1.3636363625937697
1.0709219800824907
1.7928571463295917
1.1829657337064468
1.2008514280565816
