1.9834710909090907
0.9337606618295943
1.4903846063701924
0.7692307499999999
1.0545540816658505
0.7619047499999999
1.4423076847355771
1.4922867496788754
1.193548378683663
1.4928229497783936
1.1333333030000006
0.9807692214073428
1.28826920277415
1.5517241255053509
1.3977777328474086
0.638901111588923
1.287802416951235
1.8649921900784934
1.3644511049467434
1.0810810819576333
0.3125000206250002
1.425438605681556
1.1699999910225
1.0263157630055402
1.1964483706502211
1.496598619047619
1.2400000243200004
0.8704347920699435
1.2478723396636489
1.6776316131180753
1.277192983782456
1.27272725
1.2867647142857142
0.8823529333333333
1.9615384479585798
1.1503268
1.7142856655357155
1.0145363388861628
1.1656108800630294
1.451470596388235
0.8192598028255972
0.8963585699479796
1.1666666383333335
0.8300751969259992
1.2252252288677867
0.8526315903157895
1.5880713274431681
0.6959706835426477
1.462365554131114
4.1999999664
1.0147059242941183
0.657142866155102
2.1194762850123623
1.0270270381300222
0.6000000060000001
1.8046874808251954
1.8848498793889499
0.31592356494721896
0.7499999906250002
1.5661016667785126
1.5454545623140499
0.5128205
1.3749999693750006
0.9683794447957841
0.9705882046539795
0.7843137268742791
0.9087378861123576
1.2592592170370378
1.441687327364124
1.6367679498541436
1.3643178070438922
1.2394366059710376
2.701754234912288
0.6644518546125323
