0.9834368736970028
1.5627177517982496
0.8955224014257075
1.862745062975779
0.0
0.0
0.5666666468333336
1.3326922787318793
1.1333333106666668
1.1415182457652737
0.0
1.1111111
2.207259957461992
1.3593640590757095
1.3000000121333335
1.511111063762964
1.2147852267605124
3.6206896052318673
0.6964285833673468
1.1117021485604348
0.8275861954815698
4.042553208691715
1.243243240219138
2.770833321788194
2.241758243051564
1.5428571384489798
1.4444444348148147
1.8000000180000002
1.619047597460318
0.3499999947500001
0.0
0.7603305861157026
0.0
2.6896551853983355
2.0520000057456
1.8117647122768168
3.1250000644531264
0.9821428749362245
1.8920335402337725
1.216577561120564
3.846153846153846
1.50000002625
3.7916665955729187
1.7499999906250001
0.0
1.3421052663365651
1.5901234728596252
0.0
2.363636319318182
0.5500000055
0.0
1.4625000187382815
0.0
0.0
4.772727261880165
3.5000000700000014
0.6965174038909929
0.8761904758775511
0.0
1.8234234031563186
1.0344827443519622
0.6756756800584367
0.0
1.8923076748615386
0.0
0.0
1.5126050648541771
1.7222850584395666
1.1074681431514826
1.0196078618800464
1.813953433320715
1.0714285714285714
0.8035714700892868
2.2015384902664623
