1.0318791950463944
1.3688054226161035
1.436241612658889
1.2095558774570274
1.555886981700357
1.4946799208937636
1.3449735496406652
1.25
1.5000450551094167
1.326030255505301
1.4145104055192068
1.7430555566628085
1.3611111104783953
1.098591544903789
1.388459643737262
1.6044776136756516
1.1914893595986118
1.2746478833386234
1.3489932879257691
1.2307692281226466
1.2758741251603503
1.0047697349912137
1.1845133093335138
1.4695340532510117
1.6152868535749336
1.3380281663300932
1.3338338343690312
1.5107913681372598
1.2727272748124603
1.1418439659805844
1.4275862070525562
1.7066666694364445
1.4609929025220059
1.3246753260583572
1.1376888007881885
1.2097902105120053
1.4158167827177608
1.401315789260734
1.5314685321502275
1.3875507221608108
1.242741591850055
1.4968254022083902
1.2536231893100187
1.3829787191972234
1.4110389614054646
1.3310763896283757
1.3397637776286815
1.2902444932364094
1.3046357624884874
1.4907824322781673
1.155025270666453
1.2152777776195989
1.0662188934883203
1.1756272404846804
1.2943562615466615
1.421591797952931
1.1363636329752065
1.1407407428104253
1.2791124475141133
1.3150684941508726
1.2236842066932132
1.2883680562713158
1.1081081073593866
1.0841895693989543
1.509112124938689
1.3811287495649536
1.4328358193428379
1.3049645358724409
1.0500000038071429
1.3873239387819878
1.1678832084895305
1.3125000014236112
1.1325617280241318
1.477274811508422
