1.304621829129652
0.8786561424602372
1.1734694013338194
1.6813186566993727
1.1875000193359377
1.0291666368072925
0.8908045833333335
1.4505494811721615
1.145662883330432
1.47058825
1.1206248391235176
0.8153580849432099
0.8883116779480521
0.9180587724008396
1.2745097923760096
1.1213296579386698
0.8610954285714285
1.6871035821230151
0.7708420412228578
0.6799999932
1.7355372042824946
1.1413043428638943
1.0255434834488422
0.6532805130264536
0.9468438550096577
1.719540236137931
0.9710463923608071
1.0661538251150773
1.053934098737445
1.267077183888384
1.0940972359117478
1.1289473775394736
1.59064328573715
1.7553771719728486
0.8839285625892855
1.2933673392638483
0.8116390597994032
1.377364949444951
0.9364285527000004
0.656716416366674
0.8059445178286331
1.571067849561634
1.1515151265381085
0.6540808508109519
1.698529439842437
0.9254807482917671
1.0651794286594882
0.7270811392750841
1.23256409386047
0.0
1.2840682715759872
1.215686292156863
1.4652014814814815
0.8333333074074077
1.3452676289072738
1.0961538242307696
0.8492307633670331
1.1904109559564646
0.9558441583579018
0.907704041619495
0.6856221125499443
0.8080807999999999
1.3402413934710435
0.9740259677643783
0.9427297955009778
1.0299042862956722
0.7556817940607249
1.8568726562046496
0.8082343037015044
0.8383340788242478
1.1464938987181783
0.9631812100072393
2.8571427673469407
1.2391304084229253
