1.3501724160278716
1.3015873027029479
1.7569444433371915
1.5219156529618452
1.2188109143337693
1.276556778253651
1.2995359381573448
1.4160583927625339
1.4718500979521982
1.2791124475141133
1.3067156953000973
1.581081081904675
1.562500001423611
1.2302158260649034
1.0918954458680248
1.1942446028735572
1.4265734268942247
1.2054794534396698
1.3310810777492696
1.3061224440844093
1.5554195795494155
1.3199640297265927
1.3902880697724227
1.3659732855232145
1.4403844562847186
1.1933333354835556
1.295013631115588
1.063694267648992
1.4652777776195989
1.2183098585042649
1.2400000002186669
1.3248407639652726
1.73287671502158
1.4244604348377412
1.3141025661467238
1.3150684941508726
1.5584795298922745
1.646258499265121
1.5563380248343583
1.427480241170849
1.5081884558358571
1.4599815205469715
1.5890410987370989
1.9929077967577082
1.1675496718123766
1.122619045633463
1.1419463091846764
1.3146433504525796
1.1379310352627823
1.4698836150885437
1.297704863475586
1.3916083918088902
1.6178088177122352
1.1729246484241511
1.5150751616740166
1.335733881436519
1.200000002262069
1.2867132865528876
1.6267347835201127
1.4820143884043266
1.63636363740623
1.818321922789923
1.378513260912019
1.3568244181149025
1.6636032664756255
1.2809271854895166
1.3591549292521325
1.4888888906436215
1.2071428595275508
1.0748299310241103
1.1564625820361887
1.44360901926508
1.3097222259734376
1.4060356646700198
