1.3289655194410464
1.4172839553463845
1.4897959172289323
1.4199134220571203
1.2134280448313097
1.2760389077672367
1.019139944705694
1.2344827610777644
1.0622500400356338
1.0053639875950853
1.209190672755106
1.4822695006176752
1.1232876743103772
0.9305555552391975
1.4200070353722263
1.3741496551205516
1.1188811169964301
1.2925170041084733
1.3049645358724409
1.2758620705255648
1.202666668430578
1.1882165582390767
1.386030327001086
1.2791124475141133
1.3167573181444714
0.9720279707848795
1.1338271599296132
1.2307692281226466
1.357142859234694
1.3402777804668211
1.0547945231638207
1.1292516965060853
1.4652777776195989
1.2112676061218013
1.2394745154528897
1.2123287730474763
1.411580589726906
1.576388888097994
1.0680272110361424
1.1652899899030862
1.3497942392221078
1.1696696682637369
1.4066666677964446
1.0694444447608025
1.8780645185523412
1.3642605610744891
1.3420863319007814
1.4227560859305703
0.9383561684612498
1.9344073640089368
1.1718247943063693
1.2805755420723566
1.3010230679480086
1.3046426690625756
1.420096022455609
1.1765098423131692
1.078571427860204
1.3037037043336077
1.417283953242401
1.3262411281525073
1.463087251461646
1.9802721053410153
1.3117718645434842
1.0870826076860736
1.13039709117917
1.2955192952192898
1.31617646735186
1.2397260290129481
1.5111111154304528
1.076388888097994
0.9148936134329259
1.581560282038127
1.2890115828463597
1.3265219250921743
