1.3593971592641214
1.1589612642631084
1.451851853381619
1.3748748731250846
1.5299359496150569
1.1880927350358705
1.1652899899030862
1.1081081073593866
1.1763171619555204
1.1170710948144624
1.012345682503193
1.3873239387819878
1.2877697855307695
1.2
1.3589273782861861
1.4859154894604247
1.1266666684524445
1.1756756751515707
1.0139860117404274
1.1266666684524445
1.3598333353277556
1.0877551001168957
1.272663143934946
1.3994190203545647
1.1135802502109347
1.2536231893100187
1.272663143934946
1.503355706914103
1.1438356219009196
1.2361111133256173
1.1397058776978806
1.0709219800824907
1.248226944827725
1.469798659786496
1.143624390578632
1.1458333328587962
1.1217884554582511
1.0952380909880142
1.4565217371928167
1.6664767378457155
1.1871391789835535
1.3963388685180782
1.5069444433371915
1.298611109054784
1.5827205838129865
1.4580985890849039
1.0668367328069555
1.518518520598681
1.1276595711272068
1.3882911410618275
1.2008514280565816
1.2432432429437545
1.1749296775971831
1.5005691207076053
1.491157820884353
1.2996329641218698
1.0808823518328288
1.0857142897306122
1.3497942392221078
1.3435114445521823
1.3611111104783953
1.5582770259741372
1.2909105966272123
1.1787586693938592
1.739914399669003
1.2064941697438196
1.2925170041084733
1.1333333340622225
1.3615384676035505
1.1928571475010206
1.0214285738969389
1.1773049589296312
1.0459041029388676
1.3830638135779205
