1.3786971807683992
1.3248819308690798
1.3093525218052895
1.6484818129402152
1.3138954524428497
1.2501732513174506
1.376790126285959
1.492857146915306
1.3708847759004914
1.5288485733503359
1.5355041866585923
1.2147650994153418
1.2671232905948584
1.257142857477551
1.6594372298227316
1.4571428609918369
1.23287671502158
1.4206896564204516
1.5107913681372598
1.1702127615029425
1.7012152787228974
1.1451724156885612
1.3980011735817666
1.4329681761696311
1.3025986361943505
1.361702121101554
1.3497942392221078
1.4184397121462704
1.356643356723556
1.3061224440844093
1.288461540281065
1.5342465811897166
1.5142857149551021
1.4460431652129806
1.251855597957108
1.3695652175204789
1.309677977169411
1.562500001423611
1.26896551989346
1.287813891327676
1.4571642312770239
2.199233720743559
1.2697368416083794
1.2649006639778957
1.2846666685508445
1.3117132859794611
1.2576241099074494
1.335434723871107
1.3873239387819878
1.62658228
1.24141659464882
1.3795620423101924
1.429937152906329
1.613004115432406
1.4133397482891792
1.3676723123159966
1.201438852231251
1.2148148173344309
1.335434723871107
1.4927536213799621
1.4172185479373711
0.0
1.4979979949337854
1.2148148178727969
1.310351016991912
1.0870826076860736
1.4999999970289855
1.6369863079095515
1.2949640289891826
1.3263888880979937
1.2071428595275508
1.3785714331316328
1.099616856413881
1.349794238292881
