1.2176174501547452
1.5443813597097524
1.2027027033765523
1.5601217711236213
1.3547567135675918
1.1258891670011473
1.8339595607968293
1.1849315114655656
1.5221600487209783
1.256457401116433
1.3910093247269972
1.279720280682674
1.3000000052714287
1.3093525218052895
1.1661197047335907
1.2137931035262781
1.156028366649565
1.3309859139476297
1.4748201449459137
1.1379310352627823
1.4550699292559048
1.0394366179615155
1.1714285736040817
1.2968611321854684
1.2818189924329633
1.3237410087221158
1.2598079562425648
1.2746478833386234
1.2116788278352602
1.1056338030609005
1.4615384619795588
1.2620689692613554
1.0479452091724526
1.300699298293315
1.1578309071906547
1.5035971246788467
1.38047138118575
1.2777777790432099
1.1721854359300032
1.1638531918190351
1.3079210605274258
1.1799525845588212
1.3310344868927468
1.5103448316033294
1.3230496416367385
1.2758741251603503
1.333904113243573
1.242741591850055
1.374100718830288
1.3114950397895306
1.3195402301840664
1.1985815570253004
1.2121802237973818
1.8641123934302548
1.270394576389233
1.3133133122207343
1.2335766405008257
1.296296298096022
1.488299248646238
1.4285714310816326
1.1632653020241566
1.4580985890849039
1.2302812094334896
1.1050252129210842
1.1348523239311168
1.3167573181444714
1.2666666670716051
1.3680555538155865
1.1942446028735572
1.2794117614251732
1.0496453878024243
1.2794117614251732
1.0832743529618962
1.7291159751795218
