1.3977272719453273
1.1537763239820957
1.3868613112035804
1.1763171619555204
1.4287715550956834
1.2849002852667448
1.1440892995728473
1.1197183078258282
1.3892042846304749
1.324370034998274
1.0123456778573203
1.3142857172979592
1.3500000032214285
1.1642857175908163
1.3240830920299351
1.540145981906335
1.1985815570253004
1.0758620682634958
1.027210879951872
1.1714285736040817
1.504787229773653
1.3289655194410464
1.2742812722941084
1.3902880697724227
1.198286721009833
1.0791366898411054
1.1787586693938592
1.4861111133256173
1.1458333328587962
1.138888889521605
1.124137933998573
1.1304347795085068
1.304347824795211
1.4652777776195989
1.1481106601219013
1.112582785448884
1.2492776439736804
1.1688311684854105
1.3333333333333333
1.2672019313190477
1.2312312291680871
1.6539732187538483
1.5034482809712248
1.2905405381820672
1.5936643879278476
1.390559439781505
1.0250000005694444
1.487100896668305
1.057142859820408
1.67071267772798
1.231805232178011
1.3649634985380148
1.1791957264857762
1.124098123798467
1.3842277619054473
1.1310344846306777
1.1151079130324517
1.134328361314324
1.290384278100759
1.2624113454967054
1.2733812986139434
1.5307565761275537
1.4100529141900982
1.0927969945381646
1.5640714471618395
1.2480974146523216
1.2083333342824076
1.3472222238040124
1.1014492769124133
1.190140843199762
1.1690140802777227
1.090277780466821
1.0235318209177804
1.46389555040568
