1.4232014398728068
1.3265219250921743
1.4577464741559214
1.508045981392628
1.1286286295076835
1.336729498198392
1.1500797857209473
1.241379311709869
1.2584019193102232
1.1326944642614296
1.2148148178727969
1.2042253479646896
1.2605633785736958
1.3286713275084356
1.0239480002540893
1.0206896575514863
1.2307692281226466
1.778523492259808
1.3239436615651656
1.5389610380620677
1.171428569356657
1.4048951041091498
1.3543543509767877
1.127078193653048
1.0539489290519148
1.5441176428914358
1.2292768969972285
1.1914893595986118
1.3430656918578505
1.4565217371928167
1.2056737544519893
1.2173913051228733
1.606896551763139
1.0684931511465567
1.4620478883150874
1.1958041930373124
1.2865226348814014
1.3732394340170602
1.4460431652129806
1.1749121347556155
1.0890385319863052
1.1014830349813185
1.041958040955548
1.4964028812204337
1.4797535186257686
1.2777397295280541
0.9883928589784439
1.1163537992228871
1.0684931511465567
1.4178869847702846
1.1665440314124949
1.0373134330184897
1.410213884954837
1.213378858259918
1.1200420270353417
1.4574905836666934
1.3511450373556322
1.3239436615651656
1.883260706355595
1.0579710111342155
1.231292513060299
1.654137933772366
1.2365079381535147
1.1081081073593866
1.0803409948238867
1.1163537992228871
1.0138888866743827
1.080536910904914
1.2676056309561594
1.3706293684639836
1.173611111902006
1.5724637654032767
1.2997212264512532
1.275832915002282
