1.162583893085604
1.3426144810138596
1.4857142909020409
1.4591741170358743
1.254738306470865
1.4309116801005066
1.1638531918190351
1.0616438371551886
1.231805232178011
1.0404663907169258
1.1774800783617585
1.2957746462606625
1.1942446028735572
1.0514705858855968
1.1777020479741842
1.154929575512795
1.1276595711272068
1.2183098585042649
1.1986301394483019
1.1276595711272068
1.3018248154277263
1.4642857116958212
1.3138954524428497
1.2585919253658164
1.2492776439736804
1.3059701495277345
1.114948281408819
1.231292513060299
1.179856115956731
1.2681159406080655
1.1223021564908648
1.2676056309561594
1.1702127615029425
1.1094890513570248
1.2079949052839645
1.2585033985904022
1.107465408231194
1.2430555566628088
1.2237762222524329
1.1725730529299085
1.225084990771702
1.0798353914504253
1.201388890945216
1.4044117591641436
1.2559859133701645
1.2075342498836554
1.1340425499743474
1.1203292219098162
1.1151079130324517
1.8078631928939604
1.1278482087763149
1.1094890513570248
1.5498526134242536
1.2078331229646893
1.0545267492272927
1.2302812094334896
1.0652173927252677
1.2954545412190084
1.3521540172855082
1.2302158260649034
1.1744966439628846
1.2670138895927856
1.2567049816662703
1.1431930798827878
1.292024432284182
1.1380161795387855
1.2700729909531674
1.1956521722337743
1.4000000063076923
1.1347517685538957
1.0347222223804013
1.3695652175204789
1.1969498913386645
1.1344015355052437
