4.080645136938085
1.0928571369557143
2.0588235330449827
0.6363636537190083
2.0325581214083286
0.6956521444234409
0.6730769300665679
0.8898305114909508
3.070967694385016
3.0000000450000006
1.3725490220299885
1.4814814666666665
1.6386554772862088
1.0728197309013092
0.9895833292100694
1.5098039117993078
2.1666666375000005
1.066202091502507
1.486956510425331
2.4954259886119297
2.0357142450000008
2.4499999632500007
1.2307692336094676
1.1206896595005946
2.25
1.637578125858609
1.8000000180000002
0.0
1.7642857297571433
2.425531937342689
3.1384615481183435
3.2499999999999996
0.0
2.5948717679250497
0.0
0.9784736024448439
4.12500004125
1.5271629478323465
2.375000009715909
1.8472222277199073
1.866666627000001
3.6750000091875
2.6782608411814746
1.1293706174125875
2.823333281897334
4.714285761428572
2.727835015550218
2.005928791396719
2.795138876280382
5.037037106995886
2.7499999444711554
1.1086956586814745
2.162601678385882
2.742616082185014
1.5578817984862836
1.2363636308099173
1.2461538413958042
1.996927806451613
0.0
2.2499999831250004
1.6540540223140985
4.333333347777778
1.5487900161216264
2.2800000410400005
2.2000000219999998
0.6209677506490634
1.767232776076022
1.2105262985872576
1.7116279122011901
1.4117647224913499
1.5781590330076707
0.754098385133029
0.0
1.5545454395652893
