2.082644656048085
1.3252380755281905
1.28571428
1.5079365036281178
1.0058055094197222
2.9302326262844796
1.494505483403454
0.7182076654073665
1.1234567819615915
0.9741591397689107
1.3873015545661382
0.5833333333333333
1.1196911200041741
1.527591964127219
1.8333333260000002
0.5628654949371346
1.4253521180964095
2.0999999832
1.089743577102564
1.7972333206318758
0.49367087032847334
3.0000000450000006
2.27927927958729
1.0408163205830903
1.2777777361316884
1.4871794957593691
1.222222226419753
1.1486486357962018
0.9583439539727447
1.6699604828256573
1.6591251923076924
0.46666667807407425
0.7669571649483218
1.4282608128652188
2.6249999859375004
1.2534562205916455
0.9741046934588864
1.8944282130640449
1.1978609729160115
1.0185185185185186
0.7823129285714285
1.4456521828449904
1.1167901718214182
0.9639344310040313
1.8872549237197234
2.3486842261547785
1.1942628969874571
0.9615384599852072
1.2732365678800448
0.0
1.6153845998520713
1.2924316936859337
5.464285593290819
2.12931037939358
2.4615383610256436
1.4913657409220522
1.9112962180271673
1.936336322850418
1.8509615130464134
1.6941391785714284
0.6942149035311801
0.6628787771070076
1.5510203732653067
0.9580163123977147
0.8749999945312501
1.3097426299594055
1.8491379016453628
1.1714244702380452
1.719540206982561
1.4833717980152152
1.9849624140708917
0.6419753095336077
4.583333213020838
1.3213517430822557
