1.0528911546003286
1.1077115753154878
1.2368421046952907
1.1659429591712158
1.3856930180547715
1.3354123343679647
1.179856115956731
1.1267605602082922
1.0747505543143852
1.076963484178827
1.2349181296881755
1.4930555566628088
1.2602739766034903
1.1417910466941412
1.2026189465422659
1.2447552455973396
1.3496503508533424
1.0620689669992867
1.3115942004442345
1.0
1.1086734674268361
1.219281044795335
1.1468531462115505
1.4940825915764124
1.0995012711113277
1.0791366898411054
1.0841432413215795
1.4413793139719382
1.020979017610641
1.5428571448653061
1.3851851850951988
1.1506849358922875
1.2465753486207545
1.198675497983422
1.1003418804138347
1.2887323938781987
1.0332907615723432
1.226666668999111
1.1780821974741977
1.308818343859234
0.9842249652690139
1.0802883408377
1.460000003608
1.3609022532749169
1.5228571456853062
1.526595740350083
1.19460431740619
1.184659835504511
1.0684931511465567
1.5419189139672815
1.058015406899845
1.2463768136609956
1.1051816773418572
1.0689804012201507
1.1696696682637369
1.107025491587788
1.300000003153846
1.0492957724518945
1.2381206142720291
1.0211267571473914
1.2162162147187727
1.3690068530657722
1.2119631335854144
1.276125887138942
1.2062949017525035
1.337742508484379
1.2411347474010361
1.2054794534396698
1.383561645297429
1.1478873231303315
1.112582785448884
1.477611943860548
1.000776015200532
1.1310344846306777
