1.4377516784313094
1.179856115956731
1.486301372017264
1.1822023380599471
1.1459190684143996
1.1634188061063477
1.0955521739604168
1.0555555580864198
1.5256477116467926
1.55857536385509
1.183446357436429
1.0955882317917387
1.2189781027140498
1.2592592608340194
1.36320675519937
1.0140845047649276
1.225352110886729
1.1773049589296312
1.258741257337767
1.2340425499743475
1.1200331154014078
1.307758622854221
0.9903381658013022
1.2955192952192898
1.2247258912029504
1.2676056309561594
1.2794924559886072
1.2127659518786782
0.9366197170085301
1.1914893595986118
1.1496598620482206
1.3125000014236112
1.5673758813691463
1.1214285756540816
1.3467404029960206
1.34782608463138
1.0783682199659268
1.2244897930723309
1.1468531462115505
0.9771947863762194
1.4751322787395316
1.1776266034953542
1.2447552455973396
1.034965035085334
1.104870130157109
1.0751748245733288
1.0689285734137244
1.1487610497907488
1.2116788278352602
1.2032572750256232
1.168571864111463
1.0069930058702137
1.325928950227005
1.3222474149402426
1.2119631335854144
1.5151663860646571
1.2739726045862263
1.201438852231251
1.3722908126240105
1.1357142876806121
1.4413793139719382
1.119325152275509
1.1310344846306777
1.1043771060954533
1.4333936063082833
1.3026506879778879
1.3768115931695022
1.3125000014236112
1.2406015021832777
1.257142857477551
1.1710526308691136
1.234899329893248
0.9638500742053352
1.1379652152529025
