0.939583333855324
1.0612175412047737
1.1048951052560028
1.2148148183416965
1.2078331229646893
1.078947366433518
0.9990253382912692
1.2428571454510204
0.998285323054603
1.1177983528432214
1.1128622698925894
1.0872483247331202
1.0070921974266887
1.1418439659805844
1.1453513792750643
1.0333333335155557
1.0970149282958344
1.0492957724518945
1.0647482029242792
0.8951048947439972
1.0116883119510878
0.9834459452814555
1.0262134287019546
1.220178238567336
1.2189468385243116
1.0780141833247825
0.9779121509234207
1.1151079130324517
1.0514705858855968
0.9784172696247605
0.9797297274461286
1.113333337232889
1.0152671730878153
1.1319444461844137
1.0443657222866947
0.9300699298293315
1.0482444614234199
1.2430555566628088
1.0955882317917387
1.1380161795387855
1.3875507221608108
1.0851287018940166
1.1200000028426667
1.124137933998573
1.0113333348166222
1.0705555577759671
1.3199640297265927
1.3255173646946168
1.1342281885104273
1.5116812494677911
1.155025270666453
1.137681161099559
0.8729985788856918
1.1540740751593086
1.1881001360767225
1.0050098375340537
1.2045454525688704
1.1333333365728395
1.2297622004952062
1.2127659518786782
1.1959459477054422
1.5374999974014085
1.0123456745359871
1.091887126742076
1.0099213129662694
1.1043771060954533
1.1739130452867044
1.325925929120439
1.0
0.9347826072747322
1.0
1.1231884038594833
0.9614100470391711
1.1415812926479962
