0.0
1.2530432551031925
1.695035458311956
1.289612326198193
0.0
1.5068376110100286
1.6358919300133803
1.229166669988426
1.5546737256015368
1.6872427947879638
1.3733920402106898
1.725352110886729
1.5374149627229396
1.3834586468019674
1.4393248953110098
1.3758865217705347
1.235714289437755
1.3379310375248512
1.4184397121462704
1.5347222223804011
0.0
0.0
1.3568244181149025
1.4472265671314481
1.5969396606812287
1.4244604348377412
0.0
1.4041095928879714
1.3194444447608025
1.5899280579783654
1.2380952386264983
1.4374999985763888
1.638888889521605
1.43065693054931
1.598824788527125
1.3586206894211652
1.634309691790084
1.3239436615651656
1.6319444461844137
0.0
1.0619010602450902
1.5739895212986015
1.4178082208707075
1.5845070401388612
1.5307565761275537
0.0
1.2673986477922983
1.6169410143705227
1.395683455104808
1.6123206782314037
1.3046426690625756
1.4413793139719382
0.0
1.2637335347370737
1.5939059577477845
0.0
1.6569343021567478
1.4202898530056711
1.5331901922319464
1.3357664229644626
1.3586206894211652
1.523833335568289
1.461484958093265
1.4158680803267871
1.2992829920004012
1.8052318052837864
1.2642857193479593
1.4782608700819155
1.4769230774082838
1.3475177262481766
1.4539007050953172
1.642857146622449
1.529403956812134
1.591876902931068
