1.2329710139566794
1.012345682503193
1.3758865217705347
1.1163537992228871
1.1670991557316577
1.0443657222866947
0.9904964949571917
1.156028366649565
1.1751705101117929
1.082647464073693
0.9707424336184725
1.1188811169964301
1.2137931035262781
0.9109589068793394
1.0986355423632819
1.0638297826558019
1.057553959465866
1.2777777790432099
0.9642857140765305
1.1486486469265889
1.0890625012251953
1.2113636356859503
1.0747505543143852
1.0512820537080867
1.0331473037894447
0.9391891878789264
0.9083375634475002
1.2323943632691927
1.0
1.0567375852291132
0.9503546063819728
1.0633802772168222
1.2448979586144662
1.1914893595986118
1.250892566106804
1.2846715287399435
1.214814814684656
1.0526315758240996
0.979310348103686
1.183446357436429
1.1623228209292622
1.1223832529902682
1.1632653020241566
1.0069930058702137
1.0977419369003123
1.3137323921458044
1.0899647868902003
1.2292768969972285
1.0070921974266887
1.4886742139682316
1.0400811788769349
1.0337837838960922
1.1873235609980743
0.9590643269175131
1.3282549667283547
1.1310344846306777
1.0357142859234694
1.1126760554433646
1.5402116432889645
1.0069930058702137
1.1351351355843682
1.368959732094883
1.0123456841434129
0.9414170012584389
1.0164993444411023
1.1043771060954533
1.1944444476080247
1.270676691497541
1.072463768374291
1.021897806680164
0.8785714302030613
1.0496453878024243
1.0360262828702216
1.012345682503193
