1.1661971686443167
1.160863664140559
2.3170732102914937
0.9444444564814816
1.5272727383801654
0.0
0.9949090905857454
1.5059523898267433
0.0
2.487804855294468
3.076923044970415
1.1463844933753564
0.9087378861123576
1.72898797845885
0.0
0.6603773779280885
1.661654147985754
1.5574695782727428
1.0370370384773664
3.7499999531250006
0.0
0.0
0.0
3.0909979992519374
2.0148148201316873
1.111111125
2.6388888910879627
1.736274545185987
1.5079364978835976
1.1666666375000005
1.899999975571429
1.9368420971080333
0.22941177664878895
2.666666666666667
0.0
1.378787875027548
2.0430107876517516
0.809523837278912
1.256410258067061
1.8377975944258433
1.4259259346399178
0.9251700796579205
2.3502304229344433
1.486880468657107
3.962264188323247
2.0562770493604883
1.2277777641358028
1.2176470667024222
1.5062388529778759
0.0
5.9999998800000025
1.6918660474419545
0.0
1.2670807342094055
2.9615384119896464
2.347222259085649
1.2320000177408004
1.486928133418237
1.7769230856710059
0.9465201368983779
3.047619028571429
2.1759999930368
1.9184953156674955
0.0
0.0
0.0
1.2527472812820517
2.3456789841975314
2.6354166861028645
1.5217391247637053
1.9512195237953602
0.6328767043527868
5.5999999552
0.7230046813939034
