0.0
2.06060608214876
0.0
0.0
0.0
3.555555555555556
0.9741176612694812
1.067768613712998
0.0
0.0
0.6111111294444446
3.5138888918171296
1.1875000066796875
1.2537313395411007
0.0
0.0
3.420000009576
1.3255813731530557
2.4230768997781067
1.8545524784899048
0.0
1.2345678888888887
1.642857169964286
3.200000067200001
2.150943384051264
0.0
2.739130422873346
3.1481481635390947
1.7353065566688626
2.4999999812500002
1.42499997755625
3.8249999780062502
1.5944056152320407
3.364705863626298
1.9800000198000003
1.7552238839933167
1.2499999718750003
1.5964912028624192
0.0
0.0
2.3181818666528935
1.773333377920001
6.933333056000012
1.6666666666666667
1.2409090999338843
1.0818815256539476
2.086363631621901
0.0
1.7966666777033333
1.679012343813443
1.379310312009513
1.3745454550036362
3.407407492592595
2.2454546311363663
2.3636363749173555
1.6666666666666667
1.1333333220000001
1.9358490595258098
1.8934426521284606
1.2109281901721916
1.1864406701235277
0.0
1.5578817984862836
1.507936495968758
1.241830065115981
0.966101684599253
0.8249999908125
1.8378378616800588
1.9499999853749999
2.2185792522484995
1.9220778980333955
2.656249991035156
Infinity
1.6811594428027725
