1.3620805374612406
1.0551208445547253
1.2123287730474763
1.4693072690107263
1.0636965482331755
1.058290602085493
1.2448102473225695
1.0206896575514863
1.2051734268479926
1.303568409735804
1.1856925444813495
1.2733812986139434
1.2464788738087682
1.3829787191972234
1.6078431359938485
1.100000001757143
1.3636363625937697
1.2978723384457522
1.2361111133256173
1.1751824773829185
1.1150337830303827
1.2648936134329258
1.1077115753154878
1.1255685472686896
1.114948281408819
1.2244897930723309
1.4606701964269588
1.3445945946320306
1.2394366156516565
1.2746478833386234
1.0559440526959754
1.2183098585042649
1.6074074086672154
0.9791666699884259
1.0579357350119558
1.2661870492562495
1.3811287495649536
1.3309859139476297
1.4413793139719382
1.2459639141281322
0.9783743491188085
1.005458974276059
1.076923076040882
1.24460431888101
1.2145547978480955
1.3812056698405513
1.3012411310603087
1.152949247307194
1.1830985908172982
1.0854637228087867
0.960430516190737
1.0709219800824907
1.3204167733108276
1.107465408231194
1.0123456778573203
1.2654320982030178
1.2657342632079809
1.4184397121462704
1.4534391552706727
1.158273379682211
1.4013605406506549
1.04650349591804
1.1703003212190062
1.6459225614425859
1.4147737153829416
1.335733881436519
1.3214285733112245
0.916083918088904
1.1702127615029425
1.2198581551209697
1.1418918912554785
1.568345327603126
1.0986251414069037
1.735449736937264
