1.449642859835051
1.1200420270353417
1.6180555538155863
1.1522092251143512
1.5928515932347684
0.0
1.2287782076890124
1.4609929025220059
1.6252624495063384
1.4186612910962453
1.3748748731250846
1.3695652175204789
1.3430656918578505
1.2941176413840831
1.7119842169381776
1.4405594386346519
1.1972789075422277
1.157142861577551
1.2517482514675533
1.5734265731057753
1.6638698675722463
1.383391607617683
1.5074344402070396
1.4778768998165481
1.2909105966272123
1.4316546782961543
1.3990054857772254
1.3687943243438458
1.2275862104456599
1.2416107382180983
1.2620689692613554
1.564285718762245
1.6204379517044063
1.4765100681113463
1.481051442576233
1.2368421046952907
1.2927927900724374
1.4256756737664356
1.2727272748124603
1.3146433504525796
1.4686141535741732
1.4530948147088119
1.429530204334039
1.2808219185775942
1.498076922238838
1.2598958340332755
1.1059210505943557
1.3955908318775259
1.21014492947385
0.0
1.3696441552656387
1.2380952386264983
0.0
0.9984779339684328
1.618327247123954
1.157911724974187
1.598591544903789
1.4057971017076245
1.6111980516430457
1.1428571420602527
1.3947368375623268
1.5790540529871258
1.317436159910784
0.0
0.0
1.8005291014866969
1.1666666685648148
1.3263888880979937
1.361702121101554
1.4964028812204337
1.2805755420723566
1.401408449321563
1.597256516887365
1.326030255505301
