1.6764705660467127
2.4864865177355737
0.0
0.0
1.4453441515608356
1.4358974207100594
0.7426669381192996
2.0727272193146864
1.131941943327336
1.391860455729313
2.4358974687290975
2.0079364894507434
1.6471292106355455
1.2675953129832045
0.48717948218277457
2.450450494492331
1.3201754332640814
3.57000002499
1.28507938995483
1.6285713960000008
2.1818182
1.222222222222222
1.51111112454321
1.9134198864803886
1.2500000109374998
1.1163793440059273
1.8260869485822309
1.3951049000470683
4.312499962265625
1.6101694696926172
1.4567745287021776
1.7948718
0.0
1.7600000255876924
2.5999998960000044
1.4831144351169177
2.324528281656818
3.0158730524943316
1.403174610250441
1.3588850287668908
1.055555541872428
1.6541748459913357
3.428571462857143
1.1355932083309395
0.0
1.8912280587996309
2.014652
1.8749999765625003
1.1431034500894397
0.0
2.4157895035637122
1.5447154578623836
3.187499967128907
2.426666656586667
1.884920642146164
1.788311691774768
1.0548871992943074
1.1897435882876097
1.1400000205200003
1.9057143086391837
0.7142857387755105
0.0
1.8912280587996309
1.97058824
1.7082916758341666
1.4552238628202274
1.7644656250815378
2.0399999796
0.908955226865226
1.348272648512477
1.3770645540956092
1.2401960824437717
2.5999998960000044
0.966101684599253
