2.4870717210712385
0.889952151499937
1.3142856973877555
1.4285714346938776
0.0
0.7499999906250002
1.2439024089886976
2.0512820384615384
1.0638998921378247
2.2098214683482147
1.9894736946814406
1.2734693683032072
1.480519455340578
1.3635294140178824
3.2500000812500023
1.6799999865600002
1.4874999776875004
1.9555555989037048
1.42500001539
1.3630434723345934
1.0285714168163265
1.328671323537826
1.415555564251111
0.0
0.7238095350285716
2.1875000451171887
2.420849392120422
1.7068965647711056
0.9605633875219202
1.5862068935434006
1.2604166976041669
1.4062500266601567
1.6414111994843386
2.8078817405809415
1.9285713734693892
0.95238096
0.24999999125000014
1.7333333221904763
1.6190475988095239
1.3731343326620629
2.185714237316328
3.187499967128907
2.2222222222222223
1.098901099987924
1.1076923111005919
1.6793540700766674
1.6196013625511865
1.5288367376180119
2.1138211443337305
1.733333264000003
0.0
2.2213279347215695
1.5155425184690192
0.5844156106257384
2.833333319166667
1.5000000150000001
1.289377271181048
1.5347692395038524
1.3524590087745227
1.3910256291346157
0.5428571184285719
1.2505747524248918
1.4571428474285715
1.3400785459306894
2.6808511094612952
2.09523808
0.9218225152166731
1.97487893452428
1.1047618910839005
1.5271629887652676
0.7282913189899489
1.2009804
2.9285714982142874
0.3015872991937516
