1.1480000016837335
0.9979861614241528
1.1192053009622385
1.2089883680640203
1.2635847499416886
1.1174466560182117
1.121053941927941
1.0496453878024243
1.019425020128993
0.9651028827488176
1.1050252129210842
1.1575342498836554
1.0
1.0277777790432099
1.0874020482807856
1.1655172434463732
0.9510489531742383
1.1971830955822258
1.2148148173344309
0.9662162161039081
1.2400349643412392
1.0844202893835853
1.0470150539644247
1.1921702364881073
1.0978960174401757
1.0719424463826923
1.0193273774113003
0.9276315798701523
0.9657534300431602
1.0952380909880142
1.0699300701706684
1.1418918912554785
1.187050359415144
1.121621618701607
1.1227978335243032
1.0
1.0589668580492715
1.107142857770408
1.1928571475010206
1.0734940739893264
0.998285323054603
1.1256151232863691
1.1632653020241566
1.1642857175908163
1.2466216207793097
1.1305147027235618
1.1404929558188852
1.1599794261999885
1.0472972952383126
1.5706195867120165
1.1063492090546485
1.3214285733112245
1.1105603246933928
1.3404853149083893
1.1696696682637369
1.1264127935891615
1.1007751968535544
1.3939393924334251
1.386030327001086
1.0845070401388615
1.2721088385663382
1.1753333350571555
1.1675720186457723
1.0123456791539325
1.037974682587306
1.04876099327249
1.2189781027140498
1.0277777790432099
1.036764705926687
1.057142859820408
1.0
1.0845070401388615
0.8327359633325625
1.2324208236670635
