2.584615383323077
1.5586080430921858
1.4748921551868628
1.4728681989003065
2.017241361920333
2.5704544977017054
1.8297150896388141
1.5034013438030451
0.6924198221336348
1.2321428290773815
1.749707619427235
1.243243240219138
1.0714285714285714
0.8066037748024207
0.0
0.7083333404166665
1.5339843587014161
1.37500001375
1.754385951241741
1.6703296839814032
1.448275842092747
2.4713064670895597
4.517857214658802
2.300000046000001
1.6084655722751329
1.8300653627066512
1.9444444563271608
2.0
1.57894738199446
1.4930555416666667
1.3309925852293019
1.072033903029302
1.6428571456734695
2.432432399561724
2.7857142042857164
1.3095238472789121
2.491379346730084
1.3888888999999998
1.1400000076949999
1.3276397520723062
1.8352941003737027
0.7669172908112385
2.599999922000002
3.2592592444444444
1.9157894625927978
0.6071428779591839
1.9284188065482548
1.3783783381446317
1.8958333165625005
3.8863636593285125
1.98043051935528
3.176470625605537
1.0999999907600002
1.7711937256678718
2.51851854090535
1.4446182661473117
1.392105245191136
1.2258643756211933
1.203124975185547
1.1960784419607846
0.9578947372742382
3.358024737997257
3.0810810823301678
1.5941391526583648
1.2173913279395088
1.923076923076923
1.002284430706448
1.693287053338638
1.2050100948113451
1.242807010743392
2.4761904814965985
1.4121739206569377
0.5
1.175958197267783
