1.1577733868426108
1.1670312255690432
1.0361904496380954
1.1973684141204985
0.9171052383289476
1.3246752900865804
0.9655561800135978
1.179487166709402
1.3127917873803117
0.8805067080251736
1.3883333336166666
0.9230769166153846
0.5720188732454117
1.0540540416312743
1.13235299264706
0.9259259230452677
1.091020388515452
1.329545464214876
1.398648659233017
1.3551428567556734
1.2727272857438017
1.7473883999999997
0.7829670321539519
0.8591304376725899
1.2307017257704684
1.1798780298944083
1.1704238681658412
0.7857142916071428
1.3854875131843214
1.4451837236908434
1.4666036582600477
1.6504902230810463
1.0101010291460055
1.0950752733107176
1.25438600254386
1.2703296673513342
0.7829354723402391
0.8080807999999999
0.8823529389705883
1.2875457813222035
0.7342101484779475
1.4741379346730084
1.4772726936647735
1.3281203110803865
1.1050656539907564
0.7785160691681474
1.0439422993768632
1.3614718463852817
1.1129032181123057
0.9356725
1.0526315493421057
0.9757575813333335
0.809659095787806
0.8824265172729907
0.9529411522110727
1.5173682936109862
1.0626808134230203
0.9623780156015147
1.0204081785714285
0.9558823624329588
0.52173912
1.350129215464816
0.9384164250118248
1.235294120117647
0.9051612801556711
0.5879699154190741
1.1522363947349064
1.0095053097252773
0.9041860698564698
0.9852216896551724
1.403940907647197
0.6614035025900277
2.719298317982458
0.9454545573884299
