1.3517241251862069
1.473469350530613
0.6459054487753582
0.45217390920982975
0.9560439695604397
0.8980263124218751
0.9578947347597254
2.0072726848111895
1.3471698240299042
1.5966386828331336
1.543601169539923
1.2141779479405967
0.8251793917290836
0.8584298505535845
1.2214285867836736
1.2452631542547368
0.876920545419347
1.711111136207408
0.9782608854037269
1.116952195143686
1.101845545711408
0.6122449029571012
0.8326530783236153
1.703208536827619
2.661616136717172
1.1115849343859594
1.2239690269300045
1.1281224812071575
1.0479207810812277
0.9083192093199896
1.639384634230154
0.454999999545
1.1472287292931496
1.4497779993408795
0.7843136995267076
1.036764722867647
0.8578735847103548
1.1013986286554358
0.7203557384955532
0.8233333608200005
1.224489831778426
1.5205882377529412
1.6666666666666665
0.8973760957566489
1.513729982549
1.4879227364251213
1.4372822370400273
1.506696445417132
1.662895951916423
0.7954545563016531
0.8684210434903049
1.2434242095435142
0.9039158439214946
1.236363630369146
1.6153846656410267
1.1860631877177625
1.3957879495880292
0.7062444417997099
1.0227272497159094
0.9583333245486112
1.1801652928580015
1.4641203833034335
1.244110305163963
1.991342
0.6982872333333333
1.1147540870733674
0.912921361136536
2.0151514997727276
0.8319672154333513
0.9047247485924093
1.3518675847346642
0.6728778397416938
2.542699764855998
1.6757488929950368
