1.2777397295280541
1.407232289483029
1.5374149627229396
1.5150276763007353
1.3883597907212395
0.0
1.4926556700117937
1.1785714296173468
1.508045981392628
1.5019769235278613
1.5995061774126091
1.425531909572959
1.3611111104783953
1.2071428595275508
1.7252822427531878
1.4788732370779607
1.5652173897542534
1.4870129890875357
1.4565217371928167
1.4666666692177779
1.3855172436725802
1.3058219213858135
1.5474426844452507
1.8112034904019532
1.152949247307194
1.4027777761959876
1.2724622770958125
1.4710144944328924
1.4397163102419397
1.258741257337767
1.4637681128418398
1.7272727251875397
1.4489795917228931
1.380281686399524
0.0
1.4055944035493178
1.3692157369562703
1.6760563326601865
1.5285714328387754
1.6441642519314488
1.240479915509048
1.598808003887682
1.3311258299723696
1.4236111119020063
1.5663732367892282
1.4120629362729717
1.2661764670503894
1.4482167380267872
0.9929577476175363
1.2029507933584194
1.4482167380267872
1.3000000052714287
1.2018654201544585
1.0685871062881038
1.272272273464681
1.5362168711685498
1.296296298096022
1.5944055907164163
1.5632821025411336
1.3602941132580018
1.6369863079095515
1.8167241409380261
1.4429703339787794
1.4838491507776688
1.6342580064276369
1.1200420270353417
1.2551724186292508
1.3380281663300932
1.7142857107626208
1.2608695649590422
1.4583333342824074
1.4592592596192044
1.2998758146390679
1.256457401116433
