1.311605698491815
0.9616318466950319
1.615925091608247
0.0
1.4278846455288463
1.4040242594378791
0.8974358965384616
1.1304347899810965
1.1455882626205887
0.8913580014083222
1.2499999718750003
0.9615384305769237
1.2625994677673098
1.2045690556667734
1.969187644389521
1.0421836392539823
1.2648221333333334
1.2833333192166667
1.0195740763985435
0.9807692284463563
1.577075111874893
2.3068181655655993
1.6750732798698331
1.0789473707894737
0.9709962454546963
1.1208791362511774
1.1176470774740486
1.0370370384773664
0.9391770937304988
1.2089743380157794
0.9214895367501686
2.7315541833137824
1.6103896057884972
1.76666668
1.1626686425536146
0.6910347327278074
1.2974358645009867
0.9555661739130434
1.2433913888867174
1.0967741629552554
1.2244897857142856
2.510869554300567
1.68888888
1.2044117892394466
1.6164473428593755
1.6622222369975312
1.704545453706095
1.699849155386936
1.7181336967484373
4.400000066000001
1.2186588605878506
0.6893939396590909
1.1794871806105007
1.9554655429928378
2.813793157783592
1.1577733641162118
1.1614401724137933
1.249324662500243
1.0676328599537912
1.75000000984375
0.6250000046874999
1.5151515
0.6034482796076098
1.3229442968947662
2.4126983584126998
1.239882696290056
1.0312499682617193
1.79245282004272
0.8440823250146767
1.19118491284499
1.8461538232899413
0.9169435438785446
5.99999974000001
1.2408344095714499
