1.6419752990855052
0.0
1.4081632677201166
0.9699915214461278
0.0
1.176470599134948
1.4615384176923085
1.9499999853749999
1.4805195069893744
1.9883720796133044
2.888888912962963
0.0
1.619047638835979
2.1035598606450496
0.0
1.3529411716955015
1.9000000221666669
1.6393442727761356
1.6129032126951095
3.833333263055557
2.41258735134481
1.5801281816987183
0.0
1.4583333096354167
0.0
1.465005464083379
2.952702694271366
1.7582417267962809
1.332908163092201
2.3692307927408285
1.2670401494237695
0.6944444583333333
0.0
1.2717391279465973
0.5396825588712524
1.239669412652141
2.4266667205386674
1.9304029073626374
1.7812500278320316
3.869047596017574
2.057522146654006
3.614285771727042
5.496428573391582
2.010638287177456
0.6111111294444446
0.0
2.051351341371804
1.8758621051890616
2.520000055944001
0.0
0.0
3.281250051269532
0.0
2.3936170811679505
4.776470494953635
1.9487179287310983
1.7769230997692311
2.153846161301775
1.1818181785950412
2.108333367857292
1.9861110745987658
1.559321988704396
2.318181824504132
2.916666611250001
0.0
0.0
2.4093023280346135
2.2207792432113345
1.2999999902500001
0.0
0.0
1.0199999761320002
7.199999942400001
1.0340136057059557
