0.0
0.8064516129032259
1.42499997755625
1.9747474635858586
1.2599469257934697
1.2482517399206563
0.8739290311274944
1.1322207601897376
2.062500020625
1.1344537898171034
1.314990517636347
1.0894268974408239
1.7105904080458174
1.5170108253254324
1.7543860158818108
1.1346890510977976
1.884615392816568
1.8599833179787486
1.8086124463611182
1.4875621988237917
1.3725490021870288
1.3995535831180246
0.7910750487710299
2.897727279777892
1.55999998152
1.118055566472801
1.5233235854286906
1.6852103379550014
1.0165441183339643
1.241784047680024
2.123048678191279
0.7238095350285716
1.317708303890788
1.0042884948275215
2.7777778231481487
1.3691796314254236
1.2839506133211402
0.9963369842601844
1.6799999865600002
1.087117032355542
1.7249999849062503
0.7925407906712092
1.6762749176518315
0.8613617628430356
1.0769230907692309
1.1066176284007356
1.1580419286455088
1.8245192026997046
1.5242313543154182
0.7878787826262627
0.9885621029748174
1.255172408549346
1.473214312232143
1.9285714542857144
1.1708683445658263
2.4999999812500002
0.3278571472067142
1.417004037715747
0.7770334919368757
1.118247300846706
1.6682926959476505
2.1758241817582418
0.9120000139536
1.2962962689300415
0.893267666904479
1.6799999865600002
1.4851485135771
0.6737588815904633
1.476190497278912
1.7669653893671897
2.2941176155709346
0.7184750545407249
1.857142921428573
1.2391625648332554
