1.439212332710171
1.4606701964269588
1.8716216200867422
1.6114890378300195
1.4622770901179316
1.2287712303191614
1.3792360601527125
1.3150684941508726
1.6353276333508657
1.4521924221277667
1.3167573181444714
1.3076923041635287
1.731543622979145
1.296296298096022
1.446244727721159
1.1700680275903559
1.3310344868927468
1.139072852932766
1.3591549292521325
1.6800000015306669
1.6664516150534858
1.6569548867197128
1.4172839547319793
1.3936187269853555
1.1354688035571159
1.3916083918088902
1.337995335335387
1.4338235251113753
1.3687943243438458
1.425531909572959
1.3466666663751112
1.1438356219009196
1.6503496491466574
1.2585033985904022
1.341058516556289
1.395683455104808
1.1121544084019925
1.2709677412528617
1.5492957724518945
1.3497942384184622
1.6285560911759902
1.36119452502622
1.4295774646260664
1.2816901414957351
1.4837412579111937
1.167361111759645
1.5228571456853062
1.8882759773382243
1.1338028125907558
1.1417721508745993
1.1142596750795675
1.3380281663300932
1.1650736195719786
1.112330433111446
1.7645747597303192
1.347514182467896
1.1678321695564575
1.235714289437755
1.648677248918972
1.30147058739295
1.540540536796932
1.4405405395672024
1.231805232178011
1.2174614701562394
0.0
1.2078331229646893
1.3823529392257785
1.5874125848462028
1.1748251754266712
1.2642857193479593
1.4093959738561326
1.7285714304959183
1.426197686971849
1.1951303149695167
