1.4603174322700934
0.7926362227363468
0.5961038897815821
1.0395623286569406
1.1758893340178724
0.7690476138435374
0.9926470899264709
1.283056821306416
0.9798387397983874
1.1363636572727276
1.4495798516056424
1.9703703450370376
1.314285710155102
1.2306818384085743
0.8866666742666666
1.031096577125048
1.320224715503093
1.1120401125563473
0.7843137268742791
0.9641179478708474
0.5742056646743077
0.5950000092399998
1.1060048787249797
0.707692304153846
0.47847985341771326
0.887030823099866
1.458947352328421
0.9625000018046875
0.8864265696165625
0.954448696886776
0.8823529389705883
1.1515151169696975
0.7492507305292113
1.6453024753985188
1.1074285846477716
1.214814806083951
0.6209677506490634
0.6179298761883267
0.7640994387830177
0.5382372802220686
1.1103895770779229
1.055555534444445
1.3060184871553502
1.1328671250242066
0.49673201859541194
1.3242424538363642
0.7027777777777778
1.6763425011712354
0.7844827553745541
1.2952380870349207
0.5701179500517032
1.0976529053357427
1.2833333357395833
0.7881773270596231
2.2916667079166673
1.4442105105861496
0.9194197963579971
1.1547554165399512
0.7368421091412743
0.8708333334670137
0.31499999748
0.0
0.9292740178041234
1.4075188060055404
1.8518518666666668
1.0967741765660772
0.8675833027357968
0.9200000193200002
1.1568442876901113
1.5555555166666672
1.4728845958622596
0.8947834060439345
2.800000072000003
0.605263145630194
