1.2559859133701645
1.2340272155365983
1.0857142897306122
1.0397063724056037
1.1121544084019925
1.389456694607297
1.0930398976407072
0.9647887323130332
1.1200420270353417
1.0896776429664876
1.0261190862123064
1.233333334608889
1.2482758623419739
1.0070921974266887
1.060377012993077
1.151724142182164
1.2391304320699434
0.9779411740322231
1.1231884038594833
0.9664429528723931
1.1116197164310653
1.1471854333505327
1.0599055457959352
1.1330226485466797
1.1371554244853572
1.1418439659805844
1.1163537992228871
1.0140845047649276
1.045112780888688
1.0136986335991742
1.1360544220722848
1.0638297826558019
1.1478873231303315
1.1486486469265889
1.0791305866892027
1.0714285718469387
1.2846317612987008
1.0416666657175926
1.076923076040882
1.2365079381535147
1.0706101764536762
1.0259342115540675
1.0526315758240996
1.0544217654819752
1.4716071455901276
1.279432620483879
0.9680555560933642
1.3497942393130318
1.2112676061218013
1.0580645174942769
1.0482444614234199
0.979310348103686
1.1037618123598392
1.033005792050466
1.1751705101117929
1.2601225903439874
1.0962962993108367
1.2045454525688704
0.9769489742786299
1.088888893073251
1.340425528821488
1.1427364857143674
1.1310344846306777
1.1589612642631084
1.0874020482807856
1.3048011012247727
1.138461541857988
1.0142857178836735
1.2941176413840831
1.2189781027140498
1.1164383603190093
1.0579710111342155
1.0985027556070843
1.190575552917337
