0.0
0.5844155714285714
0.7755101945855895
0.8518518859259266
0.836120403955213
2.5499999203125028
1.0027022058945516
0.7583148542112379
1.3888888845679015
1.1062200794849935
0.5124223621199028
3.2630521368123104
1.0857143215428577
0.9739178852051181
0.6594827713555294
0.9757886974602331
1.448275842092747
1.8039215378546714
2.2619047347619055
1.6799999865600002
1.0303029977777782
0.7875000123046877
0.979020967724583
1.6313131223714419
0.9705628054701304
2.531645614324628
1.2384219646881778
1.14270208770455
1.6017857131151787
1.8924689798094454
1.9150943678070491
0.9671945554002529
0.9200000193200002
1.6710239922367467
3.181818190495868
1.2499999718750003
2.9677419656399584
1.233979138652855
1.070899449388763
1.3142857269028572
0.8859324864261494
2.12782803193938
2.534766995590705
0.9941520714804558
1.3255813731530557
1.5026785518595984
1.6530612142565595
1.1274509967070359
1.3819327860844046
0.8730158749559083
2.5850339948771346
1.00690384292242
1.636363666115703
2.7272727768595053
1.5384614994082846
1.6836734996938778
2.077777820372223
0.4960629961101121
0.6160714387366073
1.1119013953506849
1.3095238330952381
0.5296167139202853
1.1136363532954547
1.5699855584485547
2.476190521088436
0.876152835341124
1.3010625647916323
1.1333333106666668
0.7373134271980398
1.6874999789062501
1.5109890236813186
0.6298449848228775
1.8367346689504378
1.4559463855183088
