1.4765734257473715
1.183446357436429
1.1904761875542598
1.375934618097012
1.0533867205044685
1.1010048518236455
1.0542358462966661
1.1862069009978595
1.275832915002282
1.2654320939642338
1.1519795693550006
1.4388489217545675
1.21014492947385
1.057142859820408
1.024226677411961
1.1554054025976992
1.2720588214457178
1.2916666657175926
1.300699298293315
1.2620689692613554
1.0317880820667513
1.3467153263045446
1.1468531462115505
1.0747505543143852
1.2530432551031925
1.2916666657175926
1.3338338343690312
1.3785714331316328
1.4751773031909863
1.1914893595986118
1.1691176436451125
1.1197183078258282
1.622377619931537
0.9930555566628088
1.0512820541306864
1.2269503525476584
1.0936289046671652
1.2432432429437545
1.2416107382180983
1.0867828607869303
1.1810699571839278
1.0327284784024409
1.151724142182164
1.0482758657350773
1.0319727872903883
1.2830935261029448
1.0544964036363282
1.0602268945539008
1.1911764696128893
1.4141534267439544
1.0470150539644247
1.2978723384457522
1.396149044400875
1.0123456841434129
1.1680911691367322
1.3901930090588286
1.0579710111342155
1.3609022532749169
1.217749151934312
1.291970803618733
1.342465755732783
1.720279719317326
0.9564921232383318
1.199019349790016
1.0940814200715667
1.0340388033489292
1.2481751782876018
0.9861111133256173
1.0962962993108367
1.0638297826558019
1.0410958951810847
1.1276595711272068
0.9531126879371846
1.0412698445052155
