1.5193262368246063
1.275832915002282
1.4635761619613175
1.5362168711685498
1.2497232867581625
1.2879945684068737
1.3733920402106898
1.300699298293315
1.3201534862701667
1.2497232867581625
1.4654234671522106
1.3648648616453616
1.304347824795211
1.072463768374291
1.309995639409648
1.7042253479646896
1.3286713275084356
1.3197278896385765
1.3655172457084424
1.2370370421212622
1.3218965539121046
1.390559439781505
1.4373763059736224
1.4519168239043636
1.337995335335387
1.1527777761959876
1.1540740751593086
1.6573426550168713
1.2244897930723309
1.2551724186292508
1.2945205521767686
1.306666667249778
1.6433566432764437
1.3546099236748654
1.6752688211293791
1.5107913681372598
1.5755520742385036
1.435714287094898
1.2137931035262781
1.3638545970076972
1.3592333582605687
1.2968611321854684
1.4507042217734576
1.172413794078478
1.3281690118397143
1.7179577435752829
1.5073529369647491
1.319798816218842
1.300699298293315
1.6411221356478904
1.3830638135779205
1.2739726045862263
1.2614275655619043
1.6432277688507706
1.392872775197524
1.1256151232863691
1.1691176436451125
1.338129495638942
1.8052318052837864
1.4485294050702855
1.5306122427349715
1.6689102602615875
1.280770670786711
1.4693072690107263
1.2121802237973818
1.4866614843431265
1.3358208971664067
1.3714285712612244
1.1642857175908163
1.1891891864937911
1.0416666657175926
1.6928571445724492
1.3255576055505247
1.5359727553698859
