1.1468531462115505
1.1714285736040817
1.2027972046417916
1.3544487047246048
1.448319365411458
1.1826923042687245
1.3396454117775505
1.2925170041084733
1.335733881436519
1.3282549667283547
1.0467792037267851
1.5857142868020409
1.4565217371928167
1.1172413833664685
1.388548920448004
1.546153848337278
1.1408450707478675
1.018987338717353
1.057553959465866
1.138888889521605
1.5124125865664826
1.1776595711272069
1.4790298550949508
1.677601413544117
1.1037379950576323
1.258741257337767
1.2247258912029504
1.4459459463203068
1.1538461520817642
1.2517985623394234
0.9383561684612498
1.2907801410190634
1.1428571436938775
1.5971223014367786
1.1584190744743585
1.1066666661564444
1.347514182467896
1.1788079514433578
1.3767123313060612
1.487100896668305
1.4011936897513484
1.272272273464681
1.3670886056240987
1.3243243220781595
1.4458609307909083
1.6428082236789265
1.202951389557195
1.5393201458611512
1.0845070401388615
1.560492546219537
1.3641537466265141
1.4532374086713937
1.4473168075538307
1.0452140439078477
1.5595595558381357
1.0681992361128816
1.1428571436938775
1.1323529377184256
1.254738306470865
1.1118881111262164
1.1258278164755933
1.6455782283819707
1.6616432524054785
1.10875955069199
1.0854637228087867
1.5075939285666144
1.1678832084895305
1.401408449321563
1.090225561777376
1.078571427860204
1.0915032693399975
1.4962962968812072
1.0585949773659604
1.4201971781440266
