1.3303191451622152
1.223251030540695
1.3380281663300932
1.7716049427186948
1.5495086908648146
1.0649350652116714
1.6599491603619068
1.5633802772168222
1.372441793304339
1.2530432551031925
1.5396090522442274
1.2447552455973396
1.2147650994153418
1.316901403408054
1.597402597817507
1.314685315768008
1.4485294050702855
1.4183006506523133
1.5138888923688274
1.0851063807514711
1.359548611866416
1.0741438385592983
1.3153607091020831
1.5288485733503359
1.3497942393130318
1.198675497983422
1.2968611321854684
1.1824817522617082
1.0851063807514711
1.2481751782876018
1.3724137963405467
1.192052982470067
1.3862068976047561
2.007042252382464
1.1337355470846517
1.372262773416804
1.1957416354221415
1.5931034504989299
1.3380281663300932
1.456956956177732
1.3189010600243927
1.2654320994152488
1.5270270254547116
1.414285719055102
1.1001666682802447
1.0608391602456844
1.4963503625606052
1.558007177849625
1.235714289437755
1.2510688279165971
1.430781894765147
1.3732394340170602
1.308132479200363
1.3885552212239494
0.0
1.1765098423131692
1.161538461295858
1.0283687897067553
1.7159618175433706
1.5214285768255102
1.5131578926073408
1.442068967904114
1.5478618699067266
1.2119631335854144
1.0308652718653843
1.219092329066323
1.3714285712612244
1.3943661969390995
1.0808823518328288
1.2191780870388442
1.151724142182164
1.385714289144898
1.0510340474184063
1.349794238292881
