1.1195699281522586
1.010407247987052
1.0186887165887968
0.8685661633214614
0.84918665831937
1.0793650658730158
1.4999999812500004
0.9280834458505183
1.5384615648351652
1.4985691973152966
1.5657392500551361
0.7287449510432886
1.0026827621228782
1.3419062658336554
1.739130422873346
0.930747931214463
0.8729585283563084
1.057982087729247
1.4768048989287448
1.4748613592911854
1.1142721471044303
1.3526570016371444
0.9605363707234998
1.0404761741904767
1.555555525816994
0.842364559162562
1.5151515272727272
1.071618029667415
1.0549353480602746
1.6661392040199896
1.4882353102401962
1.0335249051830564
1.0162790899188752
1.2895927692307692
1.2980769293870194
1.165238684449062
1.639162596391626
1.2330612283584839
0.6473727368629325
1.33333332
0.8377425
1.1178319579006566
2.022408935096392
1.2
1.1290322855359003
1.2214285470000004
0.9157753760528078
0.5982042666866192
1.2619047423469392
0.5121457344285271
0.979385286039782
1.519441131350137
1.3307142904668368
1.33333335
0.9871794494280085
1.6874999681250002
1.7383721198918338
0.7095352506959635
0.931263852820291
1.028490044512821
1.1657143028502859
1.1489899000112234
1.3669301666666667
1.909090904752066
1.054500008186625
1.285714280174927
0.9998499572090231
1.6483516428571428
0.7072452669646987
1.3283887603551823
1.1495798379060802
1.2906428517802893
1.858366308826856
1.5816993658169936
