1.04650349591804
1.2420978868309278
1.100000001757143
1.038986355059762
1.3877851420354859
0.9570291779978414
1.2220458558409424
1.225352110886729
0.9524041574560975
0.9308144811801937
1.0193758597329867
1.1134751762738293
1.2661870492562495
0.9650349649146657
1.1465210567478266
1.1103448270791914
1.1857142856306122
0.9790209766550931
1.0567375852291132
1.0
0.9860759484933503
0.8833881562674428
1.0862395195695422
1.012345682503193
1.3216735236509298
1.0405405395672025
0.9776763087059624
1.3706293684639836
1.0
1.0141843948533775
1.187919466115941
1.1619718278952589
1.099290775604849
1.2158273391480772
0.9482151831778705
1.048611109054784
1.0812127273393517
1.3098591510255901
1.2517985623394234
1.2846317612987008
1.1363063740446282
1.152949247307194
0.9938271564319463
1.1619718278952589
1.1027586225149109
1.1201785735089032
1.1631205640762536
1.0266040684057396
1.1619718278952589
1.2921725650614635
1.1223832529902682
1.0068493196078063
1.139594580761066
1.2217965127809045
1.252309104819604
0.9395150537694352
1.0076923127869821
0.9705882340527682
1.2931422903321803
1.1742424209481175
1.1266666684524445
1.1482594926534408
1.0629629621169312
1.075180931020989
1.0745230839585524
1.0924593655341435
1.2275862104456599
1.138686126930577
0.9323308255842614
1.0
0.8716216200867422
1.1629629675972566
0.8735097003704066
1.0266040684057396
