1.3017543735859651
1.0335164700572803
1.4636363480454548
1.5983050699982766
1.4137930977407849
1.445822593436574
1.1743421339740958
1.2710526183640354
1.4155555683111114
1.082617316328895
1.181467176517792
1.899999970075
0.8135376654051371
1.0446428456919645
0.8422460216734826
0.8563900000000001
1.1425781396392825
2.55000001785
1.3352777929460646
1.2849364788284625
0.6696428542131696
1.6091953640110983
1.0555555573148148
1.6594516616010444
0.8886054442211577
0.7381192425724032
1.062618578022281
1.3513677817079481
1.2901960576784315
1.357142876843318
0.9352941009705885
0.7962864763819627
1.3235294382352945
0.9428571374693877
4.038461590384616
0.7121439088817663
1.5370370384773664
0.9486165748066682
1.001112317226037
0.8596491271052632
0.7852040906375728
1.2078947370789475
1.4102564207863253
1.1138682337273318
1.1137930877241382
1.0342741988696529
1.0561529271658037
0.7279202240811967
1.5012900023700149
3.3000000330000003
2.3967391500850663
0.8835109788369552
1.8037135410372271
1.8133333995200014
1.3919447530514049
1.5294117735813146
1.2999999902500001
0.8684504003241574
1.2068965230083237
1.382513643750784
0.9911007192333859
0.8142856980000004
0.6421370803679438
1.039726025260837
2.26558269965629
1.0517826798099568
0.8649572637138888
1.0114942667816094
1.0049261200492612
1.1430052494147627
1.06666668
1.1305785382629605
5.199999792000009
1.5
