2.012263137116476
1.1196172301838327
2.190476186303855
1.3714285701795919
1.6999999949
1.6076922642943796
1.9214876310958955
2.0424403158725872
2.840531525261531
3.0333333434444443
2.0324919249797238
1.4541322344224268
2.3859649643951992
2.105263146260388
0.9355932025785697
1.185593778087402
1.4770186099049425
1.5931034551426873
2.777777791666667
1.3513513767713663
0.8148148259053499
2.2000000219999998
1.700000036428572
1.3480649584386364
1.3574660806760717
1.566190474882449
1.6666666499999998
1.7962184959534107
1.436126372772579
1.8383837995735133
2.051162762213088
1.9230768999999999
2.245989349952816
1.6193181786695074
2.9999999999999996
1.3529411716955015
2.619414464077721
0.8076922999260356
1.6249999878124999
2.8409091118285126
1.1923174182160814
2.0222221997530867
9.999999550000023
1.8086956707523634
1.8164102414398424
1.7830188675133498
1.6907993846455507
1.6577540312676944
1.2883928649450338
3.7999999430000013
1.0752136481507786
1.604399061072704
2.849999943000001
2.93436295874987
0.9782254548036386
3.5984847931990362
1.9159664076866045
2.166898144097415
1.0447761091111605
1.2763636501715705
1.2142857203571427
1.2142857316326534
1.4153845794556217
2.51999997984
2.071874952336915
3.562500055664063
1.1614748835244546
1.7507797354589831
1.5594936702198368
2.037037073703704
1.5282229766739188
1.415384593609468
1.1666666375000005
2.1690140767169215
