1.6319999947775998
1.8996710343472452
1.9615384353846157
3.9583332383333354
1.0602409416823928
2.1851852075720166
1.080882338786765
0.8225107985970822
1.3851851461481486
2.833333319166667
1.8555093252050912
0.9849906339633004
1.981132050800997
2.2999999798750004
0.0
0.8172329720924169
0.8358209034751616
2.2972155248690855
1.5944056122822634
1.2272727307792208
1.1956043531604406
1.2321428290773815
1.40384104944273
0.8284023564861176
1.7666666183111122
1.3381037494662396
2.0909091327272735
2.185714328457144
1.8117647122768168
1.9627451347407736
2.1564482454987965
0.875000021231618
1.2192192283359036
1.3960573838012753
3.054545398909092
1.5603799486623873
3.066666609563219
1.7563636299490908
1.017857174029018
1.4513556550071351
1.1290322285639962
1.4484000453124806
1.1097560875669248
1.1857707262416226
1.8378377841928424
0.8784722392426216
1.5104477862178665
1.2063492003174603
1.5438596249492154
1.2127756830715775
1.0545112866877016
1.5437288203621948
3.090909170991737
1.8228830332103885
1.244019172336943
1.1458333356770833
1.9117647313148791
1.6012658454863005
2.555555521481482
1.1896893574192207
2.110344868337694
0.6571146257792849
1.2937499948115234
0.0
2.4937500567773445
0.6349206333333334
1.443722927152134
0.9430147272346051
0.9370370152769549
1.684507038941083
1.8378378616800588
1.7045454739152894
5.454545127272744
3.5844155490369376
