3.725806429378252
1.3829787197261203
0.0
3.4343434039546987
1.5714285714285714
1.642857200357144
1.6299019830707284
0.0
1.1200000050399999
0.9827586008650417
1.6363636583471077
1.6517647206510728
1.1983827465258607
1.4338235543382356
0.8161290273876171
0.3226415099209683
1.4709302265717956
0.0
0.6576923017477811
3.869047596017574
1.3235294214532873
3.473684184930748
0.0
1.4935065213358074
1.3508771616989845
0.0
0.0
1.619591333573092
1.2056896429076398
2.304878016174896
1.9999999625000007
1.7775467480491096
0.0
1.2670807622819336
2.600000065000002
2.5499999745000004
2.1937499799820315
2.684210572936289
2.0300000169166665
1.3501642166306411
1.666666653703704
0.0
2.949074024454733
2.194616956521739
5.021739108601134
2.235294139561707
1.2489795761457725
2.92307687923077
1.3710144883868935
4.3749999726562505
2.409523838093878
3.499999947500001
0.0
2.888888912962963
2.0
3.6458332959635418
1.9573003029775025
1.4343198237515893
0.0
1.9428571517387758
0.5185184997942389
0.0
1.2439024089886976
2.303030276161617
1.4778325037540345
1.7383458697890442
1.9340659375196234
2.2303921762399077
1.7721518896490949
4.038461499630178
1.6568249010928722
0.0
6.176470660899654
1.3105263431052636
