2.1590908845557855
2.642276460142773
0.0
2.0520000057456
0.810526305124654
1.8333333333333333
1.4426229694436983
0.5750000163875001
1.3142856928816327
2.1602787323404438
2.110344868337694
2.533333391600001
0.3797468402499601
1.2563323023195156
1.909090904752066
0.807823141484451
1.942068968380119
0.7068452408048115
0.0
1.4148936270846537
1.711111089333334
1.2063492300453516
0.9659090928409091
1.9384615582721894
3.7777778113580247
0.8052631678545709
1.5354838585494277
1.623931591036599
1.5714285757142858
2.288557262297468
2.3755868753719502
0.9545454545454546
0.6186868676557239
1.727272696565657
4.3999999472
2.4242424444444444
1.066202091502507
1.2037036999588477
1.707097937506993
0.716981128017088
2.1250000352302636
1.3725490220299885
3.0333334223111135
1.8277310816856156
2.333333307407408
1.5136751947126892
2.133333348
1.3836257283053248
1.2602040672105375
0.0
1.336363609954546
1.8367346751353604
2.3092104892468845
1.7410713907366078
1.5151515
1.4603174429327286
0.639784950364204
1.0630252400988636
1.621052610249308
1.4999999825000003
0.0
0.0
1.8095237688095247
0.7828947286305401
1.8030821742439953
0.7638889073070991
1.2582644396600304
1.4588235208304499
1.0642276634617294
1.7160208048799124
1.7272727523966944
0.7621346215533834
0.9714285697142858
1.4615384643491125
