2.1251105511862405
0.995879125
0.9586056682216243
1.0256409996055231
1.0646853312778133
0.904761913015873
1.9202226309172834
1.7612524761815407
1.0597402488400742
1.1883503351446445
1.044669679782688
0.8598976720466174
1.8209626836535902
1.9000000342000005
4.4210524989473745
1.2411347828278259
1.4128205314307696
2.7777777999999995
1.3888888928571428
1.6291666362083337
0.95789475469378
1.85714284
1.0461956247112774
1.218749971054688
0.4583333529398152
1.29411764
0.9990958417607069
1.2899262775151075
1.5476190555782312
2.017374524512157
1.2592592666666667
1.3405923389997452
0.0
1.6842300758045057
1.1931817913352276
0.8954081702748853
1.1265306177242815
0.7878787826262627
0.9945946145536889
0.8571428795918371
0.8485552002385124
1.3817734156480384
1.4444444332098765
1.6461038928807556
0.9215167362025608
0.6917968664606323
1.3759530903274997
0.9057971
1.670175478655587
0.7989130400047258
1.1848484666111114
1.6041666778958334
1.6866666369813335
1.529411735017301
1.0071428500714286
1.166666653703704
1.3003128221520288
0.5892857083928571
0.9545454306818186
1.332467514973231
2.962962977777778
1.2839506222222223
1.2080586236548403
1.6000000293333334
2.0606060583164982
0.6770833227539065
1.3429752084429
1.4836419687363682
1.2518628807407588
2.5979381230375176
1.836967516041827
1.2121212256198348
2.8000000560000013
0.8957529146665973
