1.461317566580191
1.3616762271351952
1.5675675650219139
1.4652371628271945
1.4718500979521982
1.2801325608650718
1.536726174774623
1.200000002262069
1.41075269175581
1.3919753068844307
1.3117718645434842
1.664335660887085
1.6797385599897476
1.3812949622887012
1.2656594527298832
1.2517985623394234
1.1773049589296312
1.359712231913462
1.3972602788966035
1.4374999985763888
1.3351973659614784
1.9621428607868368
1.2401234600201387
1.4731375068520896
1.4132073888912244
1.4057971017076245
1.5318388520466126
1.6433566432764437
1.2808219185775942
1.724832214654295
1.2624113454967054
1.3219178137586791
1.6054421737590818
1.4202898530056711
1.8470441585261357
1.5540540536796934
0.0
1.486301372017264
1.1824324308226808
1.4862096122377033
1.3429075324547213
1.3733920402106898
1.6644295287239312
1.795918366891573
1.7222789085184183
1.2881756748052868
1.3431034504989299
1.4818393263122438
1.2119205344405948
1.7227496517904166
1.3798410300817563
1.455782311710861
1.410213884954837
1.4119558125306078
1.372441793304339
1.3877851420354859
1.3840579688185255
1.4791666699884258
1.5348466777223828
1.4000000011714286
1.6249999959539472
1.3919753058923945
1.5320164654469575
1.586920252035865
1.6385171794715319
1.8077601426429832
1.253521126191232
1.4246575404785138
1.380281686399524
1.4751773031909863
1.2965517280770509
1.3985507260586012
1.2893556929954428
1.3622004323703223
