1.0823426567371508
1.488299248646238
1.4055944035493178
1.3160493860635392
1.4718500979521982
1.3474178361733782
1.435951312238436
1.194630874440791
1.5008201662932474
1.2176465502278901
1.3382377851732543
1.5629629651676271
1.2499999973026314
1.0753424707543628
1.6875914917090218
1.3355704712760685
1.2318840564209201
1.3552631543455678
1.3611111104783953
1.179856115956731
1.0649350652116714
1.5828231264521495
1.067816679226895
1.4501167821282996
1.5482933843503568
1.269503542923394
1.1491491461154397
1.2302158260649034
1.2013422827656413
1.3591549292521325
1.3262411281525073
1.3475177262481766
1.2907801410190634
1.3537414951566475
1.4409180538792066
1.3237410087221158
1.2302812094334896
1.3191489307258186
1.3698630173146933
1.5887176702954897
1.6168398621703883
1.0645957804704462
1.5906040261438674
1.2517482514675533
1.1860714307741327
1.3479452091724526
1.1075503360164634
1.1371554244853572
1.2230215826064903
1.3746151215036386
1.3641537466265141
1.2993197240964411
1.1778436116940607
1.4895943610521039
1.3875507221608108
1.4037860077922195
1.0408163255060392
1.1205673737005182
1.427480241170849
1.2189781027140498
1.5533333330782222
1.7371753251265392
1.1003757364780975
1.1539324871866112
1.2583665723516892
1.6211689514007446
1.4328358193428379
1.3550724602804032
1.302158272447596
1.0833333314351852
1.1895424853415353
1.1971830955822258
1.1135802455075445
1.3638545970076972
