1.382401313242945
1.0841432413215795
2.1156462565301495
0.0
1.5474426844452507
0.0
1.5716135703095868
1.3356643333786493
1.5221083921358627
2.06776989427583
1.7038775813455591
1.3028168986431266
1.3265306096265443
1.2307692281226466
0.0
1.3866666709671112
1.5563909745695064
1.5517241410511295
1.6496350332633598
1.5248226909934108
1.410234899896739
0.0
1.4866614843431265
1.2776500663905932
1.4503108265239408
1.7313432834907552
1.3619326798287286
1.2905405381820672
1.2867132865528876
1.6616541340867206
1.3355704712760685
1.4791666699884258
1.6433566432764437
1.5517241410511295
0.0
1.5827338145199523
1.609556799143566
1.444444447144033
1.6879432550696645
1.2485596740978877
1.8108155077845371
1.5220093655536706
1.4275862070525562
1.4820143884043266
0.0
1.3945578206626867
1.4592013896995564
1.6432277688507706
1.1702127615029425
0.0
0.0
1.3741496551205516
1.4272151871077614
1.3474178361733782
1.883901565005845
1.381715047174517
1.425531909572959
1.5971223014367786
1.8667367059099667
1.4859154894604247
1.4755244737199864
1.7368055565204474
1.4103022583342932
1.5185185198201059
0.0
1.5716135703095868
1.3928571451581633
1.3525179884550487
1.5693430634652885
1.2499999968939393
1.7050359710108172
1.7591240846203846
1.548615282399401
1.400538383638936
