1.8101063778436697
1.178551689562882
1.3309352521805289
1.233586791713662
1.5626812485487307
1.2927927900724374
1.075180931020989
1.0283687897067553
1.3893571736099704
1.1018728448538304
1.2742812722941084
1.2148148173344309
1.0979020993857889
1.1347517685538957
1.325928950227005
1.2993197240964411
1.3257575728397613
1.1631205640762536
1.1188811169964301
1.09219857817816
1.352127655738645
0.9580065351963348
0.9701646074834248
1.3700411545427271
1.279894185091232
1.3310344868927468
1.0681992361128816
1.2214285715540816
1.0071428618704081
1.1785714296173468
1.1496598620482206
1.1470588176773358
1.4929577418428883
1.6689189167101899
1.3316239358197153
1.2847222223804013
1.0557319268177878
1.3525179884550487
1.1079136695740386
1.209190672755106
1.0398924978886255
1.2058823495717994
1.340425528821488
1.0948905075848472
1.2258445937663212
1.068617018245058
1.0474452537924237
1.1231864450576567
1.2907801410190634
1.4200070353722263
0.9865534311084967
1.0142857178836735
1.3507889747966824
1.2134280448313097
1.298595151114916
1.4225772614986323
1.0915492925213253
1.0851063807514711
1.1641975324477956
0.9931506860086321
1.463087251461646
1.3093548403991675
1.0324585108101605
1.1868880382403664
1.0948500124516438
1.1344015355052437
1.3333333313947988
1.4926470570058392
1.076923076040882
1.3546099236748654
1.0416666657175926
1.2773722598465553
0.9142101314430714
1.185890655916654
