1.2
1.9515151614655646
0.8399999932800001
2.659999965800001
1.1303345074157
1.7973856
0.9067028932616243
1.5200000273600005
1.8490566344250627
1.4812646449671747
1.4533635466198276
2.244897974927114
0.9333333165333334
1.5545314768519893
0.0
1.2715384361076927
2.0222222398067635
2.140708542862026
0.9707241846465228
1.9999999400000013
2.194652417605536
3.22222224
1.2047619009755102
1.72500000225
2.0434782427221174
1.3770491825853266
2.3491525001677687
1.3450549547585557
1.3905804991569697
1.3076922753846159
1.4167650205614932
1.714285727142857
1.4814814665020577
1.569230753189744
1.5714285714285714
0.8876909289375986
1.8801843089519847
2.0816326017638493
1.4685314397256592
0.8598014808366685
1.3475177227553945
1.5399999593440006
0.7869634463455507
1.0823561895608718
1.6538461130177522
1.3333333195959598
1.5639445375048966
1.2831783416434102
1.6000000085714288
2.5333333007619054
1.4999999812500004
1.0
2.3218672484461136
2.0089285333737257
0.5019841290292475
1.6666666499999998
1.0252525286417897
0.9921568511893887
2.0263157628116346
1.89062496616211
1.2777777361316884
0.6023809408353175
1.094650187661942
1.1886792564969741
1.7142856946938776
1.0199999898
1.3118527381247185
1.5909090713842975
0.725446438287229
1.7169811106941972
2.1083333350902778
0.7666666585000002
3.749999915625001
0.8965517333333334
