1.2726510072238864
1.13354198907007
1.565517242315339
1.2120601326861522
2.0385591128453675
1.5007957562771792
1.4706373042765966
1.4014598489903562
1.1871391789835535
1.2636371582591854
1.5112874786638197
1.200000002262069
1.2222222235720164
1.3405797089823568
1.788402324467296
1.2827586211576694
1.6086956495904223
1.105960269935529
1.4825174795902
1.0340136055180713
2.050000001138889
0.9635000014131334
1.6358919300133803
1.4431310693811883
1.461484958093265
1.1103896087299714
1.3287037025437243
1.503355706914103
1.3333333333333335
1.1849315114655656
1.4832214764361964
1.5531914865157688
1.2826086978481412
1.6962963017404664
0.0
1.2430555566628088
1.456612487378858
1.5352112676869671
1.258741257337767
1.6397148277920313
1.425838980688723
1.5739895212986015
1.3741935524828304
1.4027777761959876
1.276158943608877
1.3859154906153541
1.3666666645959598
1.357130077960668
1.5942028982923755
1.7549966672934272
1.120811291367221
1.3262411281525073
1.0662188934883203
1.6596959731189052
1.6117608801888614
2.0048414407805164
1.177777780072428
1.77777777904321
1.4157616281456356
1.1301369883017451
1.401408449321563
1.7972602788966037
1.7660628946822345
1.1810699571839278
1.0031433186589838
1.12405278972257
1.1944444476080247
1.414285719055102
1.0774647877563976
1.414814816119616
1.1944444476080247
1.3630137033233252
1.2148148165298476
1.3232804261718065
