1.1712962855594136
0.8833402602231681
1.1312217309555497
1.9642856999999998
1.2952380882068029
2.7692307266272196
1.4267834996884405
1.1132075210501962
0.7364341215431764
1.119047632154195
1.6178736410775378
1.3228069999242846
1.2521499855376317
1.562934365099238
2.100000042000001
2.518518553497943
1.8118721268520674
1.3315789337022164
0.8939628458113276
1.2857142627664402
2.071345068745871
1.1806500446819996
0.8735632324302136
2.4844720263570084
1.5203389541901757
1.7787234158669083
1.0112044490616252
1.7948718
1.0952380915873017
1.0027681826286183
2.2951334585019065
0.9117647191176472
0.5848101299875021
2.3247863030287097
2.266666715238096
1.6419752804938277
1.3392405136702454
1.1320754503381991
1.055194818809032
1.6746794680221688
1.7607142498928574
1.5180722710494992
2.844576668696601
1.1089285623883929
3.3928571499999998
1.0077972767446393
1.083333314375
1.9739005057332966
1.8113552838540035
0.9359605659588927
0.6947368369861496
1.032051293772436
0.54228330890088
1.4406593349682888
1.2500000225
2.2749999459687515
1.3046511823426177
1.3186895329991426
0.8945254702108879
1.3020728119887954
1.0204081860058312
4.4000000165
0.6525490306440784
2.1541950021935303
1.9860627491595144
0.8734524029355211
1.97474745712963
1.426415096492702
1.1493477198051834
1.9796557354155921
2.0555555238888896
0.9324324059386417
0.8928571388392859
1.088757387865271
