1.3461538197485208
0.9375901900567362
3.2857143317142863
2.47619048
2.555555521481482
2.0220588
2.0231405550293022
2.160714291607143
2.3750000489843757
2.1339950597934845
1.749042156504492
1.3636363636363638
1.7515151984407722
1.057005480253989
2.142857094107144
2.082494960667668
1.6927899655172414
2.441025665972387
1.9714285590367349
1.3499999745000002
1.9696969565656566
2.2340425591806246
0.91071429872449
1.1470588171568628
2.1407407319259257
2.0
2.0070838180898205
1.9054945228841444
2.3513513863038717
1.8371040450217375
2.1428961830678133
1.1578947389750691
2.307692318076923
2.261904734761905
2.3076922338461556
0.9210526315789476
1.3138297887822545
3.0731706567519352
1.3481481331687246
1.6570771348997106
1.4336917419354838
2.472727260738292
5.357142682653066
1.5435139655172416
2.3181818459504133
1.7832167708714364
1.2940659300705055
1.9558822964379097
1.6792899401134274
0.0
1.2723880742141904
1.5740740380658442
2.049107147467634
2.0341879966039893
2.7343750645996105
2.7999999916
1.4304993007315865
1.2936880646191602
3.833333263055557
1.1997703665678496
0.8619528709723497
4.277777846697532
0.0
1.7857142916666666
2.5277777496913583
1.12820512
1.3931888634492806
1.648484815515152
1.9492031283607285
1.5640624713505864
1.4004576972708664
1.821794852575937
4.399999709600015
0.9789156449593558
