1.4444444348148147
0.0
2.062500020625
0.0
1.5798610963758684
1.3600000326400008
0.0
2.045454576694215
4.28048787117341
2.4905660254004984
2.406249974433594
1.0366197184193613
4.246153780828403
2.0470588036235298
0.0
2.1375000333984375
1.2086167900820648
2.166666673888889
1.9780219997584834
1.8106509067250798
5.040816285597668
3.9230769351479293
3.9789473893628813
1.318840580856963
1.180124256697273
1.1504821624143329
2.1904762173015877
1.2291754990068344
1.8598290214998914
2.808000048297601
3.4138655131843176
1.234567911111111
0.8496731991157248
1.88888888
0.0
2.9716981058063365
1.828571453257143
0.0
2.075897390986194
0.0
0.0
2.6962962494855973
2.561383909841309
2.7246153426982254
1.0857142775714286
1.3999999748
4.137930977407849
1.4583333096354167
1.7219251614344135
4.3749999726562505
2.25454544
3.7741936190010414
2.784090886854339
3.791666657552083
0.0
1.388429748279489
2.389937105339979
2.1915285609205055
1.2
2.0343567005684444
5.241935505007804
0.0
2.5090909225324673
2.528043748605606
2.7567567176406143
0.38857143034775515
1.3999999822307692
2.3410714533991075
2.6412429389275114
1.33944281476918
2.0148147936334286
1.6267605494038881
3.91999996864
0.2389610485505143
