1.2929292888888888
0.7750000042499999
1.0332384002954524
0.7088889161525933
1.1490118910604061
1.1227810440725992
1.1724137631391205
0.8297059094709416
1.5
1.6578947499999999
0.9027777840972222
0.9754098602768078
1.1403508965835643
1.3140096646922914
1.2169312510052919
0.9620912773588834
1.0874713681212647
0.8137426692080361
0.8458555958490278
1.5423728382217763
1.3463718509576454
1.3255813922660897
1.207203355090923
2.428571350510206
1.4035087891547053
1.337719295778509
1.1632653003061224
1.48027210686103
1.0603278851919382
1.2029484285787906
0.9574467953508375
0.7491081879433353
1.6249999746093755
1.4694444047268527
1.575757571460055
0.8409548774500928
1.3217391860340282
0.5019047649809524
1.2204141536717694
1.1006410279213141
1.057692293169379
1.1590909078977274
1.3541666451822925
0.8017676666666667
1.3220625425294232
2.1621621963476993
1.300967930025085
1.5668202647718152
1.1778918897306725
0.7968750037353515
1.117021295608873
1.298920346004231
1.04761904
0.7539682744331067
1.095238081666667
1.6463158369263167
1.734501346548594
1.564625842740525
0.7318181807204546
1.0909091070247936
1.2053571224330362
0.17948717644970416
1.8321428510316966
1.1227272675454547
2.10526317734072
0.8285714410000001
1.5109890166042748
1.0530461696848739
1.4666666813333336
1.1626838389178744
1.5919354792645162
1.2954545401549584
2.0000000700000014
1.0146204156725065
