1.2503546063819726
1.1944222420103756
1.2281879215683977
1.0907668219592674
1.1718247943063693
1.6377114942462248
1.193869733148474
1.0814814807615913
1.1318587106288105
1.0812127273393517
1.0619010602450902
1.16216216380935
1.3076923041635287
1.1499999997071428
1.3932546095543306
1.161073827313184
1.2307692281226466
1.0625000014236112
1.1836734675662919
1.0616438371551886
1.6326785744606889
1.2983333352375557
1.144390769502439
1.2997212264512532
1.1397738052364903
1.0405405395672025
1.0262134287019546
1.2847222223804013
1.0567375852291132
1.0684931511465567
1.1744966439628846
1.0723684201298476
1.154929575512795
1.3055555580864198
1.3297673669225933
1.229166669988426
1.152949247307194
1.184397162171923
1.139860140341337
1.3497942392221078
1.0548217192700298
1.3320337843883587
1.317567566407049
1.3873239387819878
1.3508278179689706
1.107299268294848
1.0538732376554256
1.276125887138942
0.9800000031706667
1.2334374509697241
1.254738306470865
1.2056737544519893
1.0236577917632956
1.1354688035571159
1.2380714032175195
1.2118590602437298
1.1544117636862024
1.2857142830719657
1.1338271599296132
1.372262773416804
1.1140939580325209
1.3398214310596683
1.1548239634322275
1.1579570497478275
1.3444906954407343
1.1177983528432214
1.21014492947385
1.2553191480700168
1.1544117636862024
1.0422535200694307
1.0780141833247825
1.208633095689664
0.9873494854570873
1.1280423325235072
