1.627906961330449
1.0931832207483336
1.4309764482753462
1.5277777497685188
0.8518518277160498
1.2490195985137256
1.368782146969158
1.043181839993802
1.241830065115981
1.1299919504585836
1.388719971262308
0.8488095147678572
0.9218949942074987
1.3439542517338416
1.0931676853362142
0.9890350898903508
0.8818542857068334
1.8014706066789217
1.6107954832936793
1.504649656385069
0.7101449447385003
1.509803891044331
1.0740565833057143
1.5676470593633218
1.0705882234352941
1.7609756142320048
1.142925803656371
0.7642680000000001
1.1670492006043538
1.3931372387852752
1.1958810301928169
1.5776644165672868
1.106060603409091
1.0940384865037998
1.5599999955428574
1.103030342060607
1.0323529504069204
0.973076908106509
0.874534830107293
1.2872898878256307
1.1846153736804736
0.8229317836949913
1.0724013975886235
1.2954545463068183
0.8640632692555223
1.1111111154320987
0.8036144627191174
1.6923077226627228
1.8439473761560528
2.1250000281250006
1.1904761904761905
0.77894736
1.5079365036281178
1.6190475988095239
1.0230768998153847
1.1164487711275346
0.967940463060338
1.5577937644416613
0.8951048923076922
1.2196969567045457
0.46913578839506204
1.5612245051603502
0.7345678909739368
0.9719595271027993
0.9923947826601638
1.366749388666293
1.014047401450605
1.3158227924718797
1.2533692759751818
1.8853695384615383
1.1101318905669377
0.7029809094515664
1.51633984
1.1478260724007563
