1.1654109620970166
1.204469675146107
1.1301369883017451
1.372441793304339
1.1107681739504267
1.164171402079532
1.459831809800073
1.102739726719835
1.3864734273682
1.1354688035571159
1.240479915509048
1.0277777790432099
1.1489361692228761
1.3262411281525073
1.4789443187093247
1.4295774646260664
1.1468531462115505
1.1931034516299641
1.1438356219009196
1.1118881111262164
1.2704225330640748
1.0452302612324704
1.0972977651203928
0.9989371279443451
1.2582010616223733
1.187499998576389
1.1170710948144624
1.2758620705255648
1.021739132889099
1.1194029844352862
1.0
1.2397260290129481
1.1020408165542135
1.1360544220722848
1.2629037622760788
1.414285719055102
1.0467792037267851
1.3472222238040124
1.2550335548677987
1.0123456810906712
1.0902184241453323
1.2601225903439874
1.3150684941508726
1.237410075422597
1.1195035429233942
1.3414429535603125
1.5445205521767686
1.039341566457701
1.31617646735186
0.9784729474296695
1.0123456745359871
1.0965517258149822
1.0093409027740816
1.3146433504525796
1.298595151114916
1.0406630373199086
1.1151079130324517
1.2949640289891826
1.0644517043787378
1.2971014491461879
1.2602739766034903
1.3276845642930273
1.193869733148474
1.0701940032732176
1.1336744746562426
1.2673068137395995
1.3591549292521325
1.257142857477551
1.0592592620488341
1.1301369883017451
0.9714285759469388
1.2595419800501138
0.9947905494857913
1.1326944642614296
