1.153125000640625
1.0788501404573207
1.047619045494007
1.2794924559886072
1.4462081088706524
1.0947833816741241
1.0615569273953094
1.2464788738087682
1.1344015355052437
1.2061991011171656
1.0997424285609656
1.2302158260649034
1.0774647877563976
0.9659863944819288
1.006897594476975
1.187499998576389
0.9929577476175363
1.166666667577778
1.0743243234632944
0.9127516807702356
1.3777597406175999
0.9898972629860199
1.297704863475586
1.36841209454082
1.3738977084086672
1.2430555566628088
0.9844189028707623
1.100000001757143
1.0567375852291132
0.9133333361395557
1.2158273391480772
1.1631205640762536
1.090277780466821
1.6884057936137364
1.0441787909160956
1.2340425499743475
1.2397566625044538
1.3716216228570126
1.0857142897306122
1.3674221489857512
1.3619326798287286
1.4838491507776688
1.565517242315339
1.1156462565301495
1.1724820152320015
0.9971088417738211
1.2285460958055427
1.2030774742595314
1.0709219800824907
1.4895610698674184
1.223251030540695
1.186567165092448
1.252728066487274
1.220178238567336
1.293552813774196
0.9240202198351759
0.9197080302019287
1.0212765922800664
1.2617641790166243
1.1805555552391978
1.09219857817816
1.4015306097660003
1.3153607091020831
1.0659798882455123
1.0956399426920223
1.0060966291237599
0.9571428580632654
1.0425531903757357
0.9507042217734576
1.1313868580371889
1.09219857817816
1.191780825456934
1.0798353914504253
1.0195254328524102
