1.143537412943403
1.0813692459373192
1.1830985908172982
1.3140381051611554
1.259969803352496
1.4017094016120608
1.2601225903439874
1.3134328349075517
1.3117718645434842
1.1519795693550006
1.3548686501188367
1.229629629809602
1.1214285756540816
1.3309859139476297
1.282640148382046
1.4305555552391975
1.1793103447105826
1.3055555580864198
1.3333333353580248
1.2158273391480772
1.0528911546003286
1.0961805561645448
1.1751705101117929
1.1486229871378477
1.2443415672190785
1.4740740781684498
1.1914000151716733
1.2773722598465553
1.0625000014236112
1.0942028953213612
1.0972222238040124
1.2112676061218013
1.0827586245507728
1.2624113454967054
1.2889005979147963
1.2941176413840831
1.0681992361128816
1.7318840593919345
1.3049645358724409
1.3138954524428497
1.1056825127498369
1.036449146389519
1.3717948762426033
1.1397058776978806
1.0657284795031576
1.1496621613853635
1.3353873216866694
0.9989371279443451
1.1760563384348344
1.0814826043850054
1.2526867403256738
1.3286713275084356
1.393644331388171
1.4790298550949508
1.3937087802567363
1.1522092251143512
1.181159420935728
1.0071942434584131
1.397322204539737
1.2700729909531674
1.3877551006747189
1.2988013734213737
1.2865226348814014
1.0414779302456676
1.173053581159051
0.975930368903547
1.235714289437755
1.3823529392257785
1.029629631024417
1.0839160819110958
1.0563380248343583
1.0492957724518945
0.8710881387581877
1.2058823495717994
