1.1875000242897729
1.4426229694436983
3.7916667203819454
0.7142856999999999
0.0
1.2088888782103706
0.6885245912926633
2.1241379269143876
0.0
2.1428571499999998
1.1008991214676236
0.0
1.6964285835459185
1.2833333357395833
3.636363720661159
0.809523807904762
1.6800356628237394
0.0
1.584905675329299
0.0
1.7499999639062502
1.7727272692561984
0.0
2.17777783688889
1.7857143000000002
2.011194018658387
3.445945866037255
1.4842300326723372
2.2168674638699377
1.3768115719911787
1.6847826082561437
0.7074467953508374
0.7681818242386363
0.0
0.0
1.3863013670144495
1.4249999715000006
1.2925170354227407
1.982608668175804
2.69279999138304
2.425531937342689
1.1725490259666667
2.333333352777778
1.8439716147766712
1.3207547162335351
2.6481481948868324
1.9461538162130183
1.8454545332363637
2.351916394535566
0.0
3.7777776820740763
1.5200000273600005
1.0810810819576333
2.2666666183111124
1.4285714346938776
2.010084023434503
1.6770186013367545
2.3123543368523323
0.0
0.0
0.9130434742911154
0.8793103793935796
0.0
1.486956510425331
3.2765958168356732
2.2766354969971174
2.0896259495819445
1.7000000117692309
1.062534434503745
0.0
2.702702679693207
1.4355555898400005
0.6111111246913583
1.4853228981808435
