0.0
1.5639445375048966
0.0
0.5176470410103808
0.0
0.0
3.0092592952031896
1.8401936750482213
0.0
0.0
1.4583333096354167
3.5538461713420118
1.9428571301690962
2.028353321766547
1.4999999999999998
1.5911949223187383
0.9492063406530614
1.6754850005029722
1.3386243363932981
0.7539682744331067
0.0
0.0
1.759259236454047
1.9659574802716167
3.2765958168356732
1.9047618928571428
0.0
1.4615384176923085
2.4358974527613415
3.5294118062283744
2.042042084869735
2.2619047780612247
3.9583333168402777
1.9500000127968753
0.0
2.137499987709375
0.0
1.81481482590535
2.4836601674868644
0.0
1.5538290825832932
0.0
3.1090908469090923
1.3999999748
0.0
0.0
1.511111119026455
3.454545504793389
2.4647886835945254
0.0
0.5689655083145064
2.137499987709375
0.0
2.057142896914286
3.3071895207599646
0.0
0.0
0.7738095438456635
1.3541666319661463
1.21875
0.9047618844047624
2.0
1.3749999999999998
2.6415094720897123
3.4999999761363636
0.0
1.3905804991569697
0.7831325159674847
1.4518633645474952
1.7328767087680617
2.300000046000001
2.389610377972677
0.0
0.0
