2.3730158331613764
1.7896389046166663
2.159574501627434
2.167487639069136
1.1171171190041391
1.8325942518641503
1.4978213333333332
3.1111111333333334
1.550245104291871
2.2428217096083523
1.9177018137888209
1.5380281469268005
1.2987012688480355
1.7684563633307058
2.0222222303111113
0.6209677506490634
2.042440275276686
2.5133690060396354
1.2776866479027043
1.7744107913280958
3.311688387485243
1.9602041165743442
1.8554622073032134
2.4705882091349483
1.4855824702008278
1.4793417411684038
2.7542017042918934
1.379310312009513
1.835227287397017
1.4660493754401007
1.7228431554099046
1.5184672247817144
1.8031798171515756
3.238095300544219
2.5805127885423587
1.5456349467545354
1.2889813112322304
0.8035714196501458
1.9956140821647053
2.3086420146410616
2.0620842690498082
3.4199999316000014
2.6250000065625003
1.8310657285991951
3.8888889511111127
3.196226392726237
1.1902187916568925
4.523809556122449
1.3090958810662607
4.500000045
2.0443769014654336
1.4876033090909089
2.33204134806502
3.4562841301146645
1.290322584391259
2.7703703062321
2.21052627442418
1.1596638894494944
1.3333333333333335
1.5894039491952108
1.8095237793650798
0.0
1.2962962689300415
3.246684437177355
5.084745676529734
1.9033492948572148
2.441025605975017
1.6650717614202972
1.9756756767411252
1.8034090829701703
2.031249970351563
1.8282051012583829
10.472726402181888
1.7672131546095144
