1.1413120534998238
1.1569664912915092
1.6551724174982163
1.5429544502779935
1.5714022466311064
1.2363669167836053
1.0765084309974506
1.3426573392488628
1.3497942323410093
1.2365079381535147
1.115047414152878
1.2733812986139434
1.1942446028735572
0.9517241399200951
1.2427451964414031
1.1830985908172982
1.139860140341337
1.3108108107359386
1.1428571420602527
1.3098591510255901
1.2865517262673958
1.154020978375373
1.435312030781677
1.2975134735816676
1.2783635201369343
1.0942028953213612
0.9915440588809427
1.3000000052714287
1.3400000007653334
1.076923076040882
1.0136986335991742
1.2097902105120053
1.0810810791344048
1.385714289144898
1.1665839577633341
1.1180555538155865
1.2672528663793186
1.3397435939891518
1.1409395968352778
1.0730864197071934
1.203487868277769
1.3117718645434842
1.5306122427349715
1.139860140341337
1.4449652785805362
1.232867132177417
1.0621376806976213
1.335434723871107
0.9444444476080247
1.4055907178642173
1.220178238567336
1.041958040955548
1.4428584222897634
1.0402724564804509
1.4225772614986323
1.2380714032175195
1.1958041930373124
1.1627906972309356
1.4903978056891098
1.1142857137836735
1.3243243220781595
1.436496348058181
1.2794924559886072
1.0412698445052155
1.2847658668336974
1.2220458558409424
1.1692307740828403
1.1751824773829185
1.1304347795085068
1.0567375852291132
1.1407407428104253
1.6449275337775677
1.01796982167665
1.2102478396360157
