2.098837203984586
1.5686274537485583
1.6216215997078163
4.080000090576001
1.4249999715000006
2.46774192433923
2.2651684813922497
1.6105263357091417
2.001129966615149
2.211382111933373
1.2295082085729643
1.8591549089565564
0.0
1.6892474934424961
1.6851851496090537
2.9615384119896464
2.8806262553510447
1.8525641014743592
1.0961538252847636
1.9362245185626825
1.290322584391259
1.5923076713491127
2.2666666553333332
1.4528301705873976
1.6285714151357142
1.358490564692061
3.440425590475329
1.749999986875
1.1492537200222765
1.2833333192166667
1.7080169057339107
0.7333333406666668
1.9925280272949046
3.1561461531252415
1.920454480639206
1.2727272692561982
4.121212101230487
0.0
2.533333391600001
3.5294118062283744
1.15804596100005
0.0
2.304761860342858
0.0
1.3636363884297527
0.4885714347134695
1.4271605149080935
3.290322582237253
1.4221153695728366
1.8857143045714289
1.093750006152344
4.384615296923078
1.6984615264852072
1.505952336849491
0.5851449489366732
2.0105820048374903
0.9705882237889275
2.0000000300000003
0.34650457807023227
1.8370370296378602
0.4687500073242189
2.1590908845557855
2.166666673888889
2.933333362666667
3.078703742322531
0.0
1.203027423500498
1.3153845890769236
1.8617283714480115
1.9642857496428574
1.593137233113466
2.2374149847708455
0.0
0.937207123063991
