1.284760277492494
1.2963851125873274
1.2733812986139434
1.5739895212986015
1.4145104055192068
1.3321039717317917
1.5110747963661146
1.3333333296145127
1.2420978868309278
1.4668682263851311
1.2884399542442295
1.415492954086491
1.6267605602082922
1.1276595711272068
1.3326255622356458
1.6197183078258284
1.3142857172979592
1.1564625820361887
1.3013698661681368
1.2198581551209697
1.4996644301340931
1.2503546063819726
1.425547996934405
1.1610118281616715
1.298595151114916
1.30147058739295
1.3830638135779205
1.2550335548677987
1.380281686399524
1.3521126710950209
1.2642857193479593
1.345070418712557
1.2805755420723566
1.2361111133256173
1.1055417716200537
1.3970588191846887
1.6114890378300195
1.6115107942528852
1.3793103469726518
1.740651921827807
1.301587300510801
1.6641298862030955
1.2547770653730375
1.4374999985763888
1.3715827347996998
1.307758622854221
1.1644557802533435
1.3291341207784022
1.0816326510120782
1.2442388876149102
1.2805167222953402
1.7034482775781212
1.2572651075933547
1.256457401116433
1.1107681739504267
1.2051734268479926
1.048611109054784
1.285714287387755
1.3823754787018627
1.4060150341636046
1.5179856115956731
1.5802083342112268
1.3160493860635392
1.397322204539737
1.292024432284182
1.4271262013484036
1.1692307740828403
1.26896551989346
1.3481481539072704
1.3191489307258186
1.4202898530056711
1.3687943243438458
1.2473544981873583
1.2672528663793186
