1.8321078230780234
1.228070159649123
3.1911765138235304
2.559845514662424
2.5666666923333334
2.6756756874872165
1.523958309120443
3.363240488552627
1.2482517592253901
1.5966942334305034
1.626686625838805
3.370786478979927
2.555555521481482
2.000379938826675
1.9188712644640409
2.269841260899471
1.5195194969320671
2.2499999718750003
2.118012389459898
1.7790697777852895
5.0
2.2105262809941526
2.5974025766571094
2.310810800193572
1.4330024556417595
2.435064948125738
1.5661016667785126
2.2168674638699377
1.8720000029952
1.220116612228238
1.937728916342632
4.249999957500001
1.9285714285714284
3.7704918351733405
2.3472222736805572
0.8925373419509919
1.5476190333333335
1.419354826690947
1.79338846849942
1.5846890017486779
1.3368055666449652
1.8295454510653408
2.2749999459687515
2.0713449974823024
2.1495956798097953
2.151567961124331
2.1198830216335796
0.7027777924189814
2.3773585129939483
1.4583333096354167
1.4055555824264712
1.5507692513268638
0.6476190635319728
1.6666666499999998
2.9999999999999996
1.8666666330666668
2.508771938227147
2.1077564527566395
1.4795321665979275
1.57528960097673
1.5144230842848556
2.0952380937414965
2.252427190206429
1.9320171415648215
2.100000056466668
1.3714285557551023
2.017241392352854
1.7922077745184688
1.5134199146267873
1.6522814757495021
1.6374829054681384
0.5287356449464923
2.7272726454545473
1.0872092752085591
