1.175263142430748
1.4615384643491125
1.6883116727272727
2.46774192433923
1.4114285946008167
1.0801964098756835
1.1163875517809374
1.6874999789062501
1.079365066515495
2.0222221997530867
0.8181818181818181
0.8922670012104831
0.7063740981115555
1.2727272666666667
0.6209150209919263
1.7662337987485246
0.8401797180025204
1.8506493357880756
1.7272726754545464
2.0594405195804204
0.5448717970512821
1.3333333333333335
1.033324035248763
1.4337662344063078
1.0532915182304616
1.0447761058364893
1.2857142999999998
1.0875959133926387
1.677685981968445
1.9724137805826398
1.3012820254807698
1.0555555573148148
1.666666702291667
1.9230769129807694
1.4181818166776858
1.7142857142857146
0.6433566598499684
2.037037086152264
1.0375494150541331
0.6329787140538705
2.428915642787633
1.696969687327824
1.5569023585119885
1.2867647313148791
0.9949148408142919
0.8797653825844293
1.8740740439753094
1.0923361189391068
1.4730639614104006
0.9042386606683123
1.6611110958842592
0.23425927116743828
2.4285715062857163
1.0714285741071428
1.2027282790024958
1.147499993401875
1.0547944967066996
1.6556603882920968
0.8278867100773207
1.9499999853749999
0.0
0.7264151070861516
1.2870000221364004
1.1111111379797984
1.2269082169971666
1.3295454450271176
1.3127273136290918
1.0784313585928489
0.816077865605594
1.3706992209369044
1.9315068718802781
0.7359022470627934
2.333333374074075
0.8684210630297783
