1.3643103470857552
1.4033205634261856
1.421052628171745
1.532776907127701
1.364791955126976
1.4790450978963505
1.3309159943603268
1.11594202821046
1.3497942392221078
1.2827667900897721
1.1822023380599471
1.653061219253089
1.4475524445048655
1.2000000035142857
1.3473048916024892
1.729166669988426
1.3591549292521325
1.345070418712557
1.3732394340170602
1.1418918912554785
1.3137323921458044
1.4694055935835493
1.2189468385243116
1.3520142927726053
1.4622770901179316
1.2089552273513031
1.3547567135675918
1.3219178137586791
1.3823529392257785
1.2275862104456599
1.3768115931695022
1.1800000042640002
1.5945945932468955
1.3823529392257785
1.3485411136803438
1.6453900646939288
1.4295962599800027
1.3673469351325838
1.1888111871670988
1.4087887393517264
1.401709398376666
1.391114467743607
1.4054054067531045
1.2534246626121224
1.7581597231989776
1.2758741251603503
1.235616441741415
1.3146433504525796
1.1310344846306777
1.3393221742442867
1.4534391552706727
1.3263888880979937
1.304676512391487
0.0
1.3222474149402426
1.2444758963481353
1.1506849358922875
1.492307696674556
1.5508274207068726
1.374100718830288
1.7115384649753451
1.6824137958881331
1.3856930180547715
1.4928895127278194
1.2553882961787919
1.4451601380673218
1.0500000038071429
1.398601397679104
1.854961824368044
1.184397162171923
1.4782608700819155
1.3496503508533424
1.6003548429693373
1.7332585104041538
