3.1818181297520667
1.2419354640400626
1.0921985802927419
0.8142856980000004
1.0525328104763652
1.7592592807613172
0.4071428490000002
1.7099999901675
1.4476190700571432
2.1732026490965017
1.504597716485335
0.9544334883052703
1.2777777415740748
1.6005291052406145
1.4039409250416182
0.0
2.8875000319921877
4.999999700000015
1.2047619009755102
0.8055077312189206
1.5217391086011343
5.0
0.8827238473487276
4.444444444444445
2.7631579092797787
2.961290309207076
3.3222222678666675
1.5454545623140499
1.7410713907366078
3.054545476760331
1.7435897185535836
3.420000009576
0.9452054924000752
1.7740429820984607
1.3333333566666672
2.6923076798816568
2.258928607329401
2.7729729602322863
1.2192192283359036
0.0
1.938775486938776
2.428571463265307
1.3999999748
1.0788912920532736
3.4999999999999996
3.166666619166668
1.0902813378780385
1.2857143040816328
1.0356394111190224
0.7200000132000002
1.2499999718750003
2.3265306044106624
1.0735735431732412
1.271367543928063
1.5909090713842975
1.2592592578600823
1.4625000095976566
0.898850571570617
0.71794872
0.8581730799113582
1.4444444348148147
0.8425720680439133
1.713636359647727
1.3783783381446317
1.5277777497685188
2.2222222
1.6319999679312005
0.9757575404444452
1.1200000049280001
2.799237198612398
2.1506493828439197
1.3548386878251826
7.499999943750001
0.0
