1.2140070887545897
1.1737341189099706
1.1041666671412036
1.1765098423131692
1.2843191448814797
1.1337355470846517
1.3160493850155204
1.151079136223798
1.1163537992228871
1.1590624412351902
1.2420978868309278
1.076388888097994
1.1631205640762536
1.1180555538155865
0.9287141918047617
1.3426573392488628
1.111111110478395
1.1805555552391978
1.2949640289891826
0.986301372017264
1.0856907874737276
1.2673986477922983
1.0406630373199086
1.2854126035531872
1.2813606132691688
1.1079136695740386
1.0710323870705656
1.2097902105120053
1.1241830080071766
1.2638888923688272
1.2080536910904913
1.251700678602434
1.3846153859386767
1.0479452091724526
1.012820515
1.0616438371551886
1.213378858259918
0.9741935471925078
1.2285714334244897
1.1084544454735212
1.1344015355052437
1.0123456745359871
1.1548387115546306
1.3357664229644626
1.1032986117240549
1.1267730464488708
1.1933928593591583
0.9918251596001182
1.1689189194804601
1.1204627410978532
1.2205586154026704
1.225352110886729
1.3397971064119232
1.2070275450931403
0.9614100470391711
1.2637335347370737
1.1567164174537758
1.0496453878024243
1.1620587709937036
1.1172413833664685
1.45637583763344
1.2573333351774223
0.9776763087059624
1.2048339381045061
1.1922682144646837
1.459831809800073
1.151079136223798
1.253521126191232
1.1048951052560028
1.3676470532374567
1.0839160819110958
1.1468531462115505
1.0889556212276563
1.2843191448814797
