1.277280869751633
0.9648158578522147
1.6875000327138163
1.2252252288677867
1.575004007378117
1.5384614862876262
1.307847092902485
0.9047619282857148
0.9920635000000001
1.5714285499999998
0.9583333119205731
0.7156498674782769
1.202036182891751
1.474681253181164
3.076923044970415
0.0
2.0677966137891413
2.417159709349113
1.0766666672333332
1.3762855258443376
0.5324074019058642
2.1894737006315794
1.392237208839733
1.5846209077622253
1.0937062871737493
0.7463523958806171
1.6945946022140246
0.8603773705439658
1.0021584840368125
1.5983543295262106
1.188520389440439
1.2749999799187501
2.0606060506152435
1.9428571355714286
0.8921568653690888
0.7510204015650146
1.2648951141721552
1.809523755238096
1.1208790998027618
1.1304347899810965
1.1052631637119115
1.4059197047888303
2.833333216458337
1.0714285689935064
1.479532207590644
2.4500000236250004
3.3260870093052937
1.5625000027343752
1.309090885527273
1.1408162967405249
0.9499692230937309
1.4013288847352239
1.1934709446807488
1.2357723942692846
1.6202623621569885
1.9309597615210343
1.306396352489285
1.4629048965517242
0.6766993136104158
1.5986689489791313
1.0363635971298708
1.828571453257143
0.9672727274109091
1.2412698039100536
1.7926470838529416
1.190615820798411
1.1492537200222765
1.2912280808790397
1.8027771570935827
1.1559065857224418
1.0366197184193613
1.0936205737657099
3.9272727285818183
1.3939394190082648
