1.3097222229498455
1.6578994465255512
2.21167882783526
1.5947911409446334
1.3117718645434842
1.4438493972016524
1.3402886406924701
1.3928571451581633
1.5329806021326784
1.499489466767071
1.5115846455111908
1.544827590419025
1.5251798550540863
1.3233082681734412
1.3839662430975428
1.2569444433371915
1.5954198443179302
1.3448275881569558
1.8571428621632653
1.2876712381854005
1.2218543077106268
1.2100694451167053
1.1707398976571946
1.3249818383566685
1.819486153094942
1.3630137033233252
1.2051734268479926
1.590277780466821
1.3496503508533424
1.32857142932449
1.7375886486876917
1.241379311709869
1.258741257337767
1.138888889521605
1.73191979104802
1.1689189194804601
1.2966345402647521
1.3799999998906667
1.3958333328587964
1.3919753068844307
1.268899039914792
1.4441854442270292
1.2781457004350687
1.6044776136756516
1.3325000019543334
1.3085106345857853
1.2041958035221283
1.2688065838609164
1.2827586211576694
1.7560256689206184
1.261867501951773
1.5107913681372598
1.6592442002552281
1.235931224799086
1.354649616801906
1.4751322787395316
1.496124034801995
1.1914893595986118
1.6397148277920313
1.1000000005466666
1.5862068998668253
1.6629370620067483
1.3265219250921743
1.1856925444813495
1.1667744607540846
1.3117718645434842
1.2910447787680996
1.3712121171648302
1.2042253479646896
1.1428571436938775
1.173611111902006
1.3111111166452676
0.9298174968783404
1.4130658435628143
