2.23850264534319
0.0
0.8013467791449853
1.3076922986390533
2.3255813799351004
0.9499999810000005
0.0
0.0
1.946153816213018
1.721014528969755
1.814814807613169
1.1712962855594136
1.0241379468281806
1.2620192353440507
0.7068452408048115
0.0
1.03509514797227
0.0
0.8649572624621961
1.2499999718750003
0.0
1.2105262985872576
0.0
0.0
1.8214285592857142
1.4923469464504373
2.0892857083163263
0.0
1.460740747385679
1.4934027877374567
0.8444444413737373
0.0
1.265822788174972
0.0
0.0
1.1590908948657024
0.0
2.7500000275000005
0.6949806885943858
0.7058823612456749
0.0
0.0
4.0714284900000015
3.1818182252066123
0.0
0.0
2.883720980530017
1.7435897315187376
1.2880733967406783
0.0
0.0
1.1764705856401385
0.0
1.9032679651795466
0.0
3.3703702992181075
1.3880597159946537
1.2905660396838732
2.3999999928
1.8518518518518516
0.8031745957802974
0.0
0.0
0.0
0.0
0.0
1.7314814928360767
2.94573644198666
1.9687500307617194
1.4999999812500004
1.4615384643491125
0.0
0.0
0.0
