2.2826086857277885
1.37406975308579
2.2030651160655306
1.2142857194897958
1.0370619915653765
2.781818201847273
1.7325359189530238
1.6452991150522323
0.7777777826388889
1.639285713817347
1.614814831377778
1.75757576
1.9198841153211426
1.076923066630361
2.66126858797926
2.1818182
1.1189156869600052
3.0040816457576014
1.1931818100852274
1.3145604581456045
0.9230768961538466
2.2916666606510416
1.2212860239427832
1.2910602491122107
1.457142877959184
2.4500322636171585
2.2222222
2.492989803657734
1.8472222332175925
1.0821256346564687
1.8548476451160032
1.0617977707555866
1.1103896216056672
1.2393162333333334
1.8333333499999998
1.75
2.419999942712001
0.0
1.4907836174162508
1.914920650780106
1.2909091078677688
1.7640232330383967
2.260869584139887
0.982905957955293
1.9169875654393278
1.3220307653186953
1.3488721695836963
1.3066202354465883
1.6036505901818665
4.500000045
1.7684210318526317
2.049306609500927
2.13333332
2.3611111063888885
4.144761881136762
1.6382978838433682
1.225714293257143
0.8780276639527785
1.1264367801664685
2.2727272590909093
0.8796296158068782
1.5384614994082846
0.9159008731551983
1.23976608
1.2716049520987658
1.3327231453556863
1.3854312956611874
1.7934782413752368
1.1258741289891927
1.178451185185185
2.414546886289907
1.0178571225000004
1.5194805412632826
0.8355437664068557
