1.0468085076686284
1.2561953648440656
1.2123287730474763
1.2776500663905932
1.251371740417429
1.1223146239714092
1.0816844294018753
1.148148149048011
0.9425287390772888
1.0991181678983624
1.1063492090546485
1.2708333357060184
1.1985815570253004
1.0068493196078063
1.2725854004728367
1.1818181812968849
1.1438848927653846
1.1258278164755933
1.0608108121210738
0.915032677321543
1.1175347228430748
1.125349649720084
1.1318587106288105
1.256457401116433
1.193869733148474
1.0
1.0765084309974506
1.1338028125907558
1.0337837838960922
0.9513888909452162
1.1188811169964301
1.0833333314351852
1.237410075422597
1.1140939580325209
1.0226757332932266
1.0748299310241103
1.2975134735816676
1.1041666671412036
1.2132352895512544
1.2891020554597854
1.1589612642631084
1.3005829926669907
1.1111111093246189
1.2352941155190311
1.338194445187886
1.2087931054490368
1.1188380262780202
1.1691879664746119
1.0261437920056389
1.3375244267130972
1.488299248646238
1.1205673737005182
1.225386777486326
1.2791124475141133
1.4971309297231592
0.9313580240326584
0.9295774646260663
1.0287769797329331
1.1468531462115505
1.0774647877563976
1.1456953684461206
1.5521428600254081
1.2731013847377253
1.0386403701399065
1.1981989641066573
1.2243910551186545
0.9931972744338007
1.1499999997071428
1.1353383426660637
1.2027972046417916
1.0
1.2127659518786782
0.9834215164457747
1.2420978868309278
