1.0601027426304184
1.2333507200281395
1.0743243234632944
1.2203619199187998
1.152949247307194
1.1232876743103772
1.2952069691751569
1.0547945231638207
1.1751705101117929
1.2476091109899565
1.1225329623683091
1.158273379682211
1.4475524445048655
1.0479452091724526
1.436666949575718
1.3405797089823568
1.1048951052560028
0.9795918344578648
1.4125874094195314
1.0827586245507728
1.1832214769865321
1.1593103467464445
1.6239711932633174
1.4400973716505396
1.2396069504605591
1.248226944827725
1.1440892995728473
1.0326797386671793
1.2428571454510204
1.061224485469943
1.027586208183591
1.276595740350083
1.156028366649565
1.3706293684639836
0.9948373790583237
1.338129495638942
1.1608230469025407
1.3379310375248512
1.0680272110361424
1.2365079381535147
1.276125887138942
1.4712757197578712
1.3223684174324792
1.1459854018093665
1.4929347819595937
1.2704225330640748
1.209352518855649
1.4769152756901789
0.9645390070509531
1.7515822811119903
1.298595151114916
1.2876712381854005
1.34195298592077
1.093333334936889
1.3748748731250846
0.9631344285906303
1.248062014222703
1.3805970155647138
1.3351225614484976
1.2269503525476584
1.3055555580864198
1.4550699292559048
1.3005829926669907
1.1517266023978001
1.3465617524685396
1.1255685472686896
1.2370370421212622
1.173611111902006
1.0211267571473914
0.9862068987357907
1.1276595711272068
1.5000000056164384
1.6258885172129829
1.0891443208372042
