1.0677083339265048
1.0123456798800705
1.217687073084363
1.525007918519249
1.1425044089789367
1.0034965012996095
1.2162208516479003
1.047619045494007
1.1248285317360158
1.114948281408819
1.0265043611040534
0.9924812042127876
1.0714285718469387
1.0268456388027567
0.9958946256784496
1.098591544903789
0.9357142900234694
1.1538461520817642
1.2279411755395762
1.1205673737005182
1.169463087719247
1.1621478853597502
1.2061991011171656
1.0722871969721026
1.111456441336248
1.151724142182164
1.0841432413215795
1.0503597101081723
1.02941175991782
1.1407407428104253
0.9934210483015927
1.2624113454967054
1.1056338030609005
1.09219857817816
0.9557109533651197
1.2027972046417916
1.1305758301552797
1.1489361692228761
1.0625000014236112
1.0743260270794233
1.240479915509048
1.2654320939642338
1.2905405381820672
1.320895526406772
0.932465278295814
1.0456375843136796
1.1348214306789541
1.0542358462966661
0.9801324534599359
1.05063291
1.274535929406141
1.107142857770408
1.1028481014460267
1.2602670679750378
1.1977047426235976
1.0191858502573068
1.0428571419367347
1.148148149048011
1.1970303644614662
1.2167832163822192
1.2847222223804013
1.2812499991342907
1.2533803621368784
0.929242677250068
1.0306650029059183
1.0054118090559228
1.0629370643004548
1.154929575512795
1.057553959465866
1.1366906493069717
0.8958333328587963
1.1824817522617082
1.0388122292506048
1.154929575512795
