1.188639527154095
0.8605882367528548
1.1338747508514542
1.561472696805408
0.0
2.10000000525
1.0301886925674617
0.918762103909626
0.859066827263108
1.4510945709191878
1.7386363362528412
1.35652176699811
1.4541134193940397
0.9138461491384615
1.625000011375
2.2500000225
1.7501387485854292
1.3035128593678351
1.1358024637860082
1.1506546049081499
2.2166666605416667
1.6618226197344834
1.0079999919359999
1.4113207346514776
1.6666666499999998
0.9610389696103898
1.0044642530566412
1.289062496616211
1.1034482487068968
0.9028925552441773
1.055194818809032
1.4379085193790853
1.1666666602777778
1.8749999646634619
2.538461469230771
1.3649667626046187
1.2703296592933222
0.6363636450413225
1.446428565018263
1.5059523872271825
2.334401717950773
1.4166666666666667
1.8081671627392637
0.8986568755886973
1.0312500103125
1.7435897315187376
1.7407407985185201
2.0263157630055404
2.1286549770955165
1.290485843856009
0.9930829750864628
0.6538461689349113
0.8998944589266867
1.4256198668294522
1.500000023333334
1.0826210666666667
0.7825798003257981
1.3164357931034485
0.946285726314057
1.6906170769230768
0.7038769818850268
1.2405405167355739
1.4241758627868137
1.3024561569300583
0.81871344
1.162935325684451
1.928571462522322
1.2580645270863684
1.3526920896265164
1.3272800724592004
2.1136174188992958
0.676638172894112
1.3690475828869053
0.9377748208899721
