3.5686274079469444
1.4174872537988663
3.8857143034775516
0.0
1.4838709605619145
0.0
0.0
2.6250000065625003
0.0
0.0
0.0
0.9482758737425685
1.0461538624497042
1.3444301966510974
0.0
0.6060606181818181
2.818181846130729
0.6195652250685254
0.0
1.533333348666667
0.7608695771266539
0.0
0.0
2.467532393506495
2.545911885257151
0.0
1.4652014615384614
1.186046506663061
1.4062500266601567
0.6054687559600829
2.3863636309400826
1.9703703450370376
0.0
1.0754716889818439
0.0
1.6438356389566529
4.054053999269541
1.3012820152465487
0.0
1.5994623322667367
0.0
0.6951219705472934
2.567567595325055
2.2222222333333335
0.0
0.0
2.216666692527778
0.0
2.177459010682075
0.0
0.0
1.2651162814234722
0.0
1.5545314768519893
0.0
4.121212101230487
1.0317756993917373
0.9803921470588234
4.685185079334707
2.053333373168001
1.4545454614876032
0.0
2.9596153578650153
0.0
0.0
2.142857173469388
1.0823529461425605
0.8605851944507809
0.0
1.2030491934805492
4.3478260869565215
0.0
3.49999979000001
1.5085157790789783
