1.4835526288460872
1.5042601252040675
1.4507042217734576
1.5732399039370002
1.28230452734738
1.2944357204316101
1.6254564368302147
1.3680555538155865
1.677390285481563
1.4044514000206456
1.3402886406924701
1.3928571451581633
1.5857142868020409
1.1249999977389706
0.0
1.4520547964439858
1.1521739123976056
1.157894732867036
1.338129495638942
1.1232876743103772
1.2432258080557752
1.5097972962771642
1.570624540758549
1.4213065194708376
1.335733881436519
1.1103448270791914
1.0057290398647876
1.2191780870388442
1.2789115641325373
1.3430656918578505
1.3985507260586012
1.2200000033893335
1.3115942004442345
1.2714285753612247
1.5985247694480131
1.5661764688592128
1.4159159174216787
1.870503600050722
1.4609929025220059
1.615445229176042
1.6631393312315443
1.233586791713662
1.3630137033233252
1.4822695006176752
1.3289655194410464
1.4550699292559048
1.51672297194816
1.3542637591696702
1.2307692281226466
1.7853164556851309
1.3987371549347682
1.591240876130854
1.1971308046891254
1.3544487047246048
1.7035334218541243
1.1751705101117929
1.3125000014236112
1.5736434150411636
1.5980599666821114
1.2907801410190634
1.7246376778008823
1.9568181807234584
1.250970020466087
1.1121544084019925
1.4361019659893206
1.3704543502291284
1.2112676061218013
1.3500000032214285
1.5230769288994082
1.2074074110968451
1.0816326510120782
1.4577464741559214
1.094427760473266
1.3666666672523808
