1.0347144750589699
1.0593939420331315
0.9139009259259259
0.7781217526765011
0.8210526436786706
1.1606854962607107
0.8453085587396545
1.5399999984600001
0.9486166006422926
0.9904875070277585
1.2666666768000001
0.507268184049839
0.7399577006981662
0.8425925773611114
0.8300395137824369
1.1630514488124541
0.6298174412268308
0.9469495985870231
1.0194901314781686
1.3136380573320083
0.8411764412235299
0.9910037725674716
0.7877227776999901
0.891538454669231
1.5555555382716053
0.9387755276967932
1.1629674797322078
1.0294117768166091
1.313859169006611
1.334795347853699
2.7083333205729168
1.0521739108601134
0.9710144863768114
0.9883720699026503
1.5
1.0869565163516068
0.7317073016002381
0.368670313295291
1.1764705903114188
1.577075071043994
1.02857144
1.0692640673947265
1.020408182507289
1.2972825863161628
1.012867607242648
1.0387096679417274
1.1222439505707318
1.1200000050399999
1.600732580653236
2.217391243610587
1.3953660841185582
1.412692820716871
1.6247582319107783
2.179211560041626
1.1277777603154124
1.145912930655899
0.9736024804005197
0.9697314093499811
0.8380165479128476
1.1648484947320479
0.6206896466111773
0.9340659499999999
1.1420932026841326
1.0610389617792206
0.7488558306729496
1.5509013847670903
1.117647062768166
1.0383900893561022
0.8631187030110665
0.8731545961727734
1.16073968
0.9762187189684892
7.597403409740341
1.3208220004975162
