1.090425528821488
1.1440892995728473
1.187919466115941
1.2671537738131975
1.2813606132691688
1.2024467878150744
1.1232876743103772
1.0629370643004548
1.0586621460977814
1.0765084309974506
1.1037379950576323
1.2137931035262781
1.1134751762738293
1.0138888866743827
1.4350522494369338
1.2040816331084272
1.1642857175908163
0.9726027440345281
1.1428571436938775
0.9727891144698968
1.2388489217545675
1.032020550772659
1.1670096050927832
1.2176465502278901
1.0793884413918384
1.0422535200694307
0.9553121193713034
1.23287671502158
1.0555555580864198
0.9929077967577083
1.0972222238040124
1.3129251696506086
1.2230215826064903
1.1319444461844137
1.2075537070219233
1.099290775604849
1.1302215493978673
1.1466666707484445
1.1605839395961424
1.1459190684143996
1.2388845731530715
1.1031077049982472
1.0584415597554393
1.1751824773829185
1.2939716275348323
1.1017006783235226
0.8662903236984392
1.2148148178727969
0.9387755089518256
1.1956417238772796
1.1599794261999885
1.0604026859303635
1.101959429320437
1.102486049047907
1.2357599025971198
1.060882804139405
1.0616438371551886
1.1478873231303315
1.254738306470865
1.0704225353739338
1.3825503350533759
1.4297770673316361
1.1370549306650486
1.0404663907169258
1.214500988192039
1.1100893999063548
1.0068965506321046
1.160839157951978
1.2352941155190311
0.9642857140765305
1.0137931069193817
1.2971014491461879
0.864711936711409
1.189329186327648
