1.2226785736992603
1.3372028786601815
1.2200000033893335
1.1648909192188792
1.0812127273393517
1.0366809119648228
1.2302812094334896
1.2867647014046282
1.1192835981082532
1.0388122292506048
1.326030255505301
1.2116788278352602
1.1597222252276236
1.1205673737005182
1.1130912708443055
1.1575342498836554
1.1408450707478675
1.1056338030609005
1.2553191480700168
1.1041666671412036
1.4671568615943866
1.171428569356657
1.3946300631358712
1.5369919746121294
1.2963851125873274
1.1631205640762536
1.1707398976571946
1.1702127615029425
1.1148648630304967
1.148148149048011
1.111940299055469
1.1655172434463732
1.1857142856306122
1.0743243234632944
1.078766546997046
1.0896551751828776
1.2724622770958125
1.1468531462115505
1.1544117636862024
1.2863640560041012
1.2048339381045061
1.1743209903890042
1.1103896087299714
1.2132352895512544
1.1864726059903359
1.2718978081765144
1.124652778402585
1.2857529052345573
1.154929575512795
1.4828209786968365
1.3798410300817563
1.2132352895512544
1.1028481014460267
1.3201534862701667
1.3309159943603268
1.1012679333099542
1.0846153901952662
1.1760563384348344
1.312558535275959
1.1780821974741977
1.2432432429437545
1.5033333364513581
1.0756172851808985
1.182249851086853
1.1694514805151957
1.4930278025129695
1.1555555552855967
1.2898550734971646
1.158273379682211
1.2071428595275508
1.0797101440233146
1.21014492947385
0.9121134350005871
1.2779966667290874
