1.8490566344250627
1.89062496616211
1.9936406948940832
1.5098039117993078
0.9806802673402527
1.7647058666666666
1.3203419331883917
1.791719893730261
1.0980861270026443
1.1760000160272004
1.7718795083003815
1.1764705903114188
1.0797342542976904
1.5271254918903772
1.2190082835931628
2.31111112
1.7713214209557584
1.4416535598981197
1.4224137631391205
1.7272727202066114
1.3947368499999997
1.6530612142565595
0.9940828461629495
0.8691729348945221
1.9580419196342123
1.4294670866933306
3.6923076355029596
1.2616033895315923
1.1676922897278108
1.2441166149778426
1.5149833494565788
1.0152129829966077
2.2826086857277885
1.0464559498064334
1.8503993888844512
0.8982248352580794
1.7680276064072569
1.5569023585119885
0.9090909000000001
1.1416958677610505
1.1823593209454237
0.9782608597826087
1.580672280157023
0.9253246881951004
0.8838552673349392
1.344707938746157
0.7792207691010291
1.3235294
1.4169550121076733
2.0400000142800003
1.3138504338818342
1.4253521180964095
3.220000064400001
0.9732806343251857
2.538461469230771
1.8750000196875
1.233201570750988
1.7667173186873508
1.0368663570313663
1.7608695735113422
1.6540540223140985
3.1428571900000004
1.0176638443179493
0.8433333340361111
0.9049773553080407
1.3594030029294724
1.3914322060444457
1.379761925926871
1.2865612357015814
1.2483552707000412
2.3350840802124857
1.3323727994641323
3.897435816068378
0.6666666553086419
