2.6237036965197533
1.2820512857142856
1.839613488006722
1.150657912756579
1.481060597689394
0.0
1.5906976636906436
1.2458592246369415
1.1543513799699907
1.831649804452607
1.2231405034410219
1.0375670887215542
1.5408805220837785
1.7669653893671897
1.9200000307200005
1.2834224621579113
1.8442623128594464
1.5966386518778939
1.409888366903383
1.953947402061981
1.3731343326620629
1.8260869485822309
1.6595179906910973
1.218749971054688
2.3076923626841253
1.6761904876625853
1.6875000091071428
1.3194444257523148
1.5218045160066593
1.2431249928520314
1.3333333219047618
0.8421052955678675
1.616342497289569
1.8464528590230262
0.9230769088757399
1.493710695318619
2.325174805395741
1.6217948531742645
1.2727272607954545
1.6888888551111119
1.29758359337343
2.437499942109376
4.235294017993082
0.9777777997777779
1.505791508170719
1.5770218360099724
0.8006535829901963
3.5000000700000014
1.7692307599112427
0.8666666695555556
0.9871794558555234
1.0708994744266398
1.3953488176852356
1.278996877111664
1.6477272544034094
1.5810810714663985
1.2614253554377655
1.5500000372000007
1.316614388736353
1.5620828143508487
0.92307692
1.0952380952380953
1.3012820152465487
1.4604545301023866
1.6000000096
2.3170732102914937
2.3092369070619836
1.7014619671428903
1.5799372722040865
1.8722683490491008
1.9209663256171376
1.2345678888888887
2.9249999590500004
1.2627451022333334
