2.007822638673017
0.9329901720618559
1.2894737078947371
1.2474747500280583
0.7278807966903083
1.7999999688000003
1.2592592578600823
1.1025541507558663
1.278260875773913
1.3065861584949345
1.6514227925435014
1.190855927272727
1.6455696410831602
1.808181866300728
1.1783626044590652
0.728571438979592
0.9276466090761841
1.0597402649064935
1.431683801082507
1.2906940043848996
1.4632034735584418
0.9777777995555561
1.221509967365563
1.0111110999888888
1.749999986875
2.0606060694372297
1.401098916618766
1.031746036984127
1.1352564003904915
1.1972602872659037
1.619047615809524
1.5714285923809523
1.157072389954256
1.6267247555555555
1.4235763706193818
0.9565217662318842
2.052631558421053
1.1772446162962364
1.3873015545661382
1.1128296006587484
0.8506308334177485
1.9591836571428574
2.0428571554285715
0.9473684402493076
1.0
2.1413237814785537
1.582608697321739
1.1711711739408326
0.757201640762079
1.487603317956424
1.2259615294507211
1.2629737437179747
1.0651629195023273
2.354978289146007
1.1052631861689113
2.0909091319669426
1.2580112814756186
0.9803921515151515
0.6518010189520698
0.9896625296624476
1.0966810935477223
0.5261538344732307
1.1450892985170202
1.5331807826086956
1.024509781979527
0.6346666723081482
1.574960131533638
1.5812499804814455
1.2546699934763048
2.2254120481446047
2.555555517777778
1.1168468528099342
1.2367724723677247
1.3273001334261518
