1.934523798008787
1.252354035561301
0.24305557348090265
1.638795984179148
3.040000054720001
0.0
0.8374384465160528
1.9833333276666667
1.7857143091517862
1.8428184321395993
0.7867494906967325
2.1857142850897957
2.0079364894507434
1.6912087618294593
0.7291666766927083
1.9782608910680533
1.659336413327225
3.57000002499
1.6477273068801659
1.259259242469136
0.0
0.9370370158669415
1.7280219752197803
5.439999982592
3.9583333168402777
1.2727272692561982
1.5123287878401204
1.2037036999588477
2.5666666769333335
0.0
1.0819672460172003
1.1333333091555562
1.7629629912263376
2.1839080418351173
0.6476190208507943
0.9471871250667444
1.6071428424107144
3.0894309625024796
1.1177419288134756
0.6950494995139693
1.360215032043878
3.5419999730808
3.520588223903979
0.5390070810170514
0.0
0.0
2.489361694182888
1.7694444821504636
2.5904762152707486
0.0
1.8191489439112722
2.425531937342689
0.0
5.500000055000001
1.9444444703703707
4.468085182435492
1.4546240346584542
0.8450074503180963
1.057513891132483
1.9696969629820937
1.0454545789090917
0.8326530589049562
1.3999999748
1.4838709605619145
1.534722202152778
0.0
1.7330016500507412
1.2468420879080333
1.7254174588844182
0.0
1.6370734868269614
1.1046133703703702
3.0555554995370375
0.0
