1.4265734355075226
0.8128415173956375
1.1470588127335641
1.7391304347826086
1.2395833351041667
3.3320707588710023
1.2412698039100536
1.0833333607209743
0.9941860398066522
1.5909090597027975
1.365777105225387
1.6590163890911047
1.3974683742425897
1.4247405006136784
2.156862769965398
0.7388888952222222
1.1049999978962501
1.3662874422499254
1.3512677691681498
1.1342592596193417
1.295454530733471
1.057513891132483
1.5031512471338537
1.1452380789107144
1.3928571413095239
0.9940032879390126
1.0057471206103843
1.0208333296875
1.1724137631391205
1.033834592550455
1.3785166466300587
1.9020978889295321
1.3415356589666612
1.5272726997818182
1.8020703338770374
0.943262401886223
0.8636363834491981
0.7916666633680556
1.0832025154743214
1.388888875
1.0163339310344828
1.4548067779367009
1.604166616901043
1.1925925664691364
2.2666666553333332
1.7001569617111465
1.419592015452271
1.7857143
1.2750000091467393
1.2939271239813144
0.9862711907869579
2.0219780113867083
1.3437499840625002
1.4685314199569672
1.8586956380316637
1.8782609100521745
1.4130841274689494
0.9359605987175131
0.6756575486488836
1.150434817187479
1.11842107541205
1.8093567210071473
0.8522727268530474
1.6662538978404664
1.265822788174972
2.1816666206206676
1.659857003649677
1.1360946674829313
1.3254786631492645
1.266968314357814
1.6285714392961674
1.5126050466435987
2.0571428715428572
1.0833332967708342
