0.9337328792705011
1.2073159598373961
1.0896551751828776
1.1868880382403664
1.0406630373199086
1.1365211350428912
1.2176465502278901
1.0222222247868313
1.080747411161657
1.0774250444295037
1.005266338178872
0.9871794892011835
1.09219857817816
0.9517241399200951
1.3060608627569745
1.0909090877813097
0.8986486483117239
0.9652777776195989
1.156028366649565
0.9315068544698818
1.142985612333083
1.0318333348466888
0.9908064042814002
1.1459190684143996
0.938598644216341
0.9379310386558858
0.9511972817253144
0.9928057565415868
0.8758620716565992
1.124087589143801
1.1063829730315378
0.9337748394359897
1.028571429910204
1.121621618701607
1.1348276477565198
1.0547945231638207
0.9766997000393808
1.0965517258149822
0.9517241399200951
1.107025491587788
0.991107656228751
1.0783682199659268
1.1805555552391978
1.1764705836245675
1.0593959735809648
1.0250000028082191
0.9365107920406551
1.0123456794847738
1.0283687897067553
1.0247520760036586
1.0419032149692065
1.0208333357060186
0.9934900551307673
1.1135802501665844
1.3147346470947363
1.0949861390156708
1.1214285756540816
0.8936170211528596
1.2526867403256738
0.9517241399200951
1.1156462565301495
1.2218543077106268
1.0490248705583949
1.111456441336248
1.030816239085489
1.054526748502515
0.9256756765367057
1.2302158260649034
0.9565217401638312
0.9784172696247605
1.0137931069193817
1.1007194261156255
0.9672092446486449
1.0693792355165421
