1.3555026404420578
1.0062430080522424
0.9896232725635505
1.0900078146638872
0.9618845653461401
1.4236449383093293
0.9825164900739143
1.190092161751984
1.0558375480572706
1.2549250082515377
1.218526350703167
1.039369886676465
1.080864055995899
1.3667173138101532
1.1812642569708962
0.9576546147096134
1.2991059482507694
1.331428635555058
1.129078456704088
1.3546987807477093
1.0425134582202682
1.3398429429227519
1.0257008233536427
1.2463220423964527
1.2761607023061867
1.1017536193328032
1.4505558429596779
1.1009549660104396
1.20968113832799
1.3060107377772239
1.3486726150578927
1.0887627750078297
0.9696025225321417
1.3614556862230707
1.5415916003216898
1.0786967356841395
1.2199115327536345
1.1749207626605396
1.0523314638457832
1.0286151482525063
1.1144697331562954
1.0917185594148324
1.6905311069717048
1.041327329814449
1.3106859130136548
1.259074240433134
1.2875293540570165
1.2007954628212933
1.3424357522448838
1.0834565046890716
1.1989859974915242
1.2631774177050246
1.3271539544277053
1.4876511865679338
1.1929848972719417
1.4459241479056018
1.1551418307788992
1.036070467190662
0.8993795469639374
1.2099885789116895
0.8226982380376636
0.8181252567922753
1.0481117365407306
1.2812106769980467
1.3447352685475669
0.9317876004046738
1.177225709926668
1.2320657840052884
1.0768723838170817
1.3530278201638426
1.4940635455346736
0.8586006839987299
2.1609621207193426
0.9334582088478408
