1.7625
2.08641975
1.90243902
1.86419753
1.95061728
1.82278481
1.98765432
1.7195122
1.71604938
1.77777778
1.61728395
1.98780488
2.20731707
2.0
1.69512195
2.03797468
1.82926829
1.84146341
1.92682927
1.70731707
1.93902439
1.95
1.9625
1.81481481
2.03703704
1.85185185
1.68292683
1.66666667
2.04878049
1.76829268
1.7195122
1.81481481
1.80487805
1.87804878
1.87179487
2.0617284
1.925
1.93902439
1.88888889
2.21518987
1.8625
2.03658537
1.9375
2.02469136
1.97530864
1.87804878
1.86585366
1.92682927
2.04878049
1.86585366
1.76829268
2.0617284
1.83950617
1.87654321
1.6097561
2.40740741
1.95061728
1.71604938
2.0875
1.97530864
1.79268293
1.64197531
2.19753086
1.70731707
1.8902439
2.3625
1.67901235
1.79012346
2.2278481
2.16049383
1.80487805
1.67073171
2.0
1.74074074
1.91463415
1.92592593
