2.225
2.56790123
2.1097561
3.0
2.30864198
2.12658228
3.16049383
2.09756098
3.28395062
2.54320988
2.16049383
2.2195122
2.26829268
2.2195122
2.2195122
2.27848101
2.12195122
1.98780488
2.29268293
2.48780488
2.0
2.5125
1.8
1.97530864
2.4691358
2.2345679
2.2804878
2.07407407
2.29268293
2.02439024
2.53658537
2.19753086
1.82926829
2.29268293
2.08974359
2.24691358
1.9875
2.32926829
2.20987654
2.39240506
2.2875
2.52439024
2.6125
2.11111111
2.18518519
2.7195122
2.17073171
2.29268293
2.41463415
2.41463415
2.86585366
2.30864198
2.35802469
2.25925926
2.37804878
2.28395062
2.24691358
3.28395062
2.2625
2.37037037
2.06097561
2.09876543
2.44444444
2.48780488
2.03658537
2.5625
2.12345679
1.92592593
2.03797468
2.37037037
2.08536585
2.40243902
2.0
1.80246914
2.19512195
2.03703704
