2.3125
1.97530864
2.29268293
2.0617284
2.45679012
2.37974684
2.08641975
1.93902439
2.12345679
2.30864198
2.45679012
1.85365854
2.18292683
2.32926829
1.92682927
2.49367089
2.56097561
2.04878049
1.86585366
1.81707317
1.98780488
2.55
2.3
2.24691358
2.54320988
2.18518519
1.81707317
2.12345679
2.6097561
2.01219512
1.98780488
1.88888889
2.19512195
2.41463415
2.12820513
2.08641975
2.175
2.06097561
2.18518519
2.58227848
3.1625
2.40243902
2.7875
2.14814815
2.2345679
2.32926829
2.2804878
2.06097561
2.7804878
2.1097561
2.97560976
2.45679012
1.81481481
2.74074074
1.79268293
2.97530864
2.13580247
2.12345679
2.5
1.95061728
1.90243902
1.82716049
2.13580247
2.14634146
2.17073171
2.825
2.39506173
2.01234568
2.75949367
2.25925926
2.13414634
2.35365854
1.81481481
2.0
1.93902439
2.28395062
