1.8
2.13580247
1.82926829
1.85185185
2.62962963
1.74683544
2.11111111
1.98780488
2.22222222
1.74074074
1.7037037
1.85365854
1.90243902
2.14634146
1.69512195
2.12658228
2.07317073
2.0
1.68292683
1.84146341
1.73170732
1.9
1.6125
1.81481481
1.75308642
2.34567901
1.86585366
1.74074074
2.29268293
1.73170732
2.14634146
2.01234568
1.85365854
2.06097561
1.75641026
1.90123457
1.8625
2.04878049
2.0
2.4556962
2.4
2.06097561
2.5
1.98765432
2.04938272
2.24390244
2.63414634
1.75609756
2.04878049
1.93902439
2.01219512
2.01234568
2.02469136
1.7654321
2.01219512
2.2962963
1.82716049
2.22222222
2.05
1.59259259
1.57317073
1.58024691
2.14814815
1.8902439
2.03658537
2.225
1.71604938
1.81481481
1.87341772
1.83950617
2.15853659
1.90243902
1.4691358
1.60493827
1.8902439
1.81481481
