2.225
1.96296296
2.69512195
2.18518519
4.03703704
2.6835443
2.60493827
2.34146341
2.97530864
2.02469136
2.18518519
2.62195122
2.1097561
2.01219512
2.24390244
3.44303797
2.34146341
2.70731707
2.06097561
2.56097561
1.86585366
3.275
1.75
2.72839506
2.51851852
2.50617284
2.09756098
2.34567901
2.70731707
2.5
2.69512195
2.64197531
2.13414634
2.82926829
0.0
1.72839506
2.1125
2.2804878
2.35802469
2.6835443
3.0625
2.45121951
3.6125
2.38271605
2.7037037
2.54878049
3.40243902
2.46341463
2.85365854
2.43902439
2.84146341
2.39506173
2.22222222
2.2345679
2.92682927
3.2962963
1.91358025
2.97530864
3.0
3.67901235
1.93902439
0.0
2.2345679
2.01219512
2.32926829
0.0
2.61728395
2.07407407
1.81012658
1.92592593
2.04878049
2.47560976
1.83950617
2.09876543
2.76829268
2.51851852
