0.0
2.48148148
3.06097561
2.88888889
2.96296296
2.62025316
2.38271605
2.23170732
2.19753086
0.0
0.0
2.53658537
2.8902439
2.37804878
2.1097561
2.83544304
2.59756098
3.01219512
2.47560976
2.35365854
2.20731707
2.6875
2.3625
2.30864198
2.34567901
2.62962963
2.85365854
2.48148148
2.3902439
2.02439024
2.65853659
2.96296296
2.1097561
2.36585366
2.28205128
3.02469136
2.4
2.48780488
2.20987654
2.70886076
2.975
2.01219512
2.65
2.58024691
2.66666667
2.54878049
3.04878049
2.63414634
2.23170732
2.40243902
2.24390244
2.48148148
2.0617284
0.0
2.31707317
2.72839506
2.0
2.19753086
2.4
2.2345679
2.13414634
2.20987654
2.7654321
2.08536585
2.92682927
3.0625
2.2962963
2.59259259
2.58227848
2.49382716
2.06097561
2.42682927
2.16049383
2.0
2.5
2.39506173
