2.75
2.0
2.54878049
1.98765432
2.39506173
2.21518987
2.20987654
2.34146341
1.85185185
2.24691358
1.96296296
2.3902439
2.32926829
2.47560976
2.30487805
2.07594937
2.32926829
2.67073171
2.46341463
2.1097561
2.15853659
1.7
2.6125
1.92592593
2.35802469
2.0
2.24390244
2.43209877
2.20731707
2.73170732
2.03658537
2.32098765
2.70731707
2.14634146
2.16666667
1.87654321
2.1
2.20731707
2.24691358
2.27848101
2.4
2.17073171
2.35
2.37037037
2.0
2.47560976
1.95121951
2.95121951
1.85365854
2.15853659
2.31707317
2.19753086
1.95061728
2.17283951
1.81707317
2.27160494
2.07407407
1.85185185
2.0
2.07407407
2.3902439
2.30864198
2.33333333
2.01219512
2.26829268
2.25
2.39506173
2.86419753
2.63291139
1.97530864
2.53658537
2.06097561
1.80246914
1.74074074
2.81707317
2.0
