0.3
0.55555556
0.14285714
0.33333333
0.33986928
0.33333333
0.23
0.43636364
0.36029412
0.53333333
0.42857143
0.34285714
0.57142857
0.5
0.39285714
0.0
0.31
0.53333333
0.44852941
0.27272727
0.31111111
0.41818182
0.71111111
0.39285714
0.4
0.36666667
0.4
0.6
0.29487179
0.42424242
0.38181818
0.38095238
0.46153846
0.37179487
0.33333333
0.66666667
0.28333333
0.25
0.35555556
0.5
0.22222222
0.25
0.32380952
0.32967033
0.37301587
0.32967033
0.49090909
0.42424242
0.22510823
0.44444444
0.53333333
0.38095238
0.43939394
0.35164835
0.40666667
0.46666667
0.33333333
0.36029412
0.07142857
0.33333333
0.36111111
0.42857143
0.6
0.46428571
0.22727273
0.35714286
0.31111111
0.1
0.33333333
0.3
0.32051282
0.35555556
0.26143791
0.53333333
0.24242424
0.33333333
