2.0875
2.14814815
2.1097561
2.04938272
1.97530864
1.79746835
2.16049383
2.14634146
2.25925926
1.9382716
1.9382716
2.24390244
2.0
2.01219512
1.86585366
2.06329114
2.06097561
1.98780488
1.90243902
2.12195122
1.91463415
2.35
2.0625
2.17283951
2.56790123
2.17283951
2.02439024
2.04938272
2.0
2.01219512
1.79268293
2.0617284
2.01219512
1.91463415
2.0
2.02469136
2.2875
2.34146341
2.0617284
2.25316456
2.2625
2.43902439
2.1375
2.02469136
2.39506173
2.2804878
2.19512195
2.17073171
1.97560976
2.0
2.03658537
2.09876543
1.92592593
2.13580247
2.0
2.85185185
2.45679012
2.25925926
2.325
1.98765432
1.70731707
2.01234568
2.2962963
2.12195122
2.12195122
2.4875
1.86419753
2.04938272
2.08860759
2.49382716
1.8902439
2.15853659
1.88888889
1.82716049
2.06097561
2.25925926
