0.47619048
0.33333333
0.28571429
0.41666667
0.20915033
0.5
0.35897436
0.21978022
0.27272727
0.27272727
0.28571429
0.35555556
0.32727273
0.3
0.39047619
0.25
0.26143791
0.46153846
0.44444444
0.38095238
0.6
0.10714286
1.0
0.28205128
0.32380952
0.3030303
0.35
0.35897436
0.19473684
0.46969697
0.26666667
0.21818182
0.30833333
0.28
0.60714286
0.5
0.28571429
0.20915033
0.38461538
0.21428571
0.22222222
0.18181818
0.25757576
0.3047619
0.71428571
0.11666667
0.28571429
0.3
0.25
0.28571429
0.35
0.33333333
0.37179487
0.3956044
0.3201581
0.13333333
0.23809524
0.27272727
0.22222222
0.2
0.52046784
0.36796537
0.36111111
0.4
0.23809524
0.28571429
0.33333333
0.45
0.36363636
0.46666667
0.51282051
0.43939394
0.46666667
0.44444444
0.33333333
0.64285714
