0.29411765
1.0
0.47619048
0.33333333
0.66666667
0.8
0.3
0.16666667
1.0
0.33333333
0.0
0.53333333
0.33333333
0.51282051
0.9
0.66666667
1.0
0.65454545
0.66666667
0.0
0.37878788
0.0
0.47058824
0.53333333
0.66666667
0.0
0.0
0.44444444
0.5
0.55555556
0.5
0.0
0.37908497
0.66666667
0.44761905
0.46666667
0.53571429
0.33333333
0.66666667
0.8
0.0
0.7
1.0
0.46666667
0.6
0.0
1.0
0.2
0.0
0.47619048
0.46666667
0.47222222
0.4
0.5
0.5
0.0
0.47058824
1.0
0.0
0.61904762
0.69166667
0.75555556
0.33333333
0.60714286
0.0
0.33333333
0.42857143
0.5047619
0.33333333
0.62121212
0.46666667
0.7
0.35869565
0.16666667
0.83333333
0.4
