0.4
0.57142857
0.4379085
0.4
0.26190476
0.40441176
0.31168831
0.46153846
0.3
0.22727273
0.33333333
0.35833333
0.28571429
0.33823529
0.43157895
0.25789474
0.55555556
0.44871795
0.34615385
0.33333333
0.4
0.33333333
0.43939394
0.2967033
0.15789474
0.5
0.43636364
0.8
0.37777778
0.5
0.44444444
0.24183007
0.5
0.26436782
0.36601307
0.34545455
0.49090909
0.20261438
0.4
0.21578947
0.30769231
0.27
0.3
0.13333333
0.27941176
0.28571429
0.39492754
0.45454545
0.30409357
0.39285714
0.41176471
0.32967033
0.2
0.35294118
0.375
0.66666667
0.35087719
0.3
0.35238095
0.35714286
0.36594203
0.52380952
0.3030303
0.4
0.4
0.0
0.28205128
0.24358974
0.18954248
0.33666667
0.45588235
0.42
0.35714286
0.47712418
0.35833333
0.39047619
