2.075
1.9382716
1.95121951
2.04938272
2.14814815
2.07594937
2.24691358
1.92682927
2.19753086
1.97530864
1.9382716
2.14634146
1.91463415
2.0
1.96341463
1.93670886
2.29268293
1.96341463
2.04878049
2.2195122
1.76829268
2.0375
2.2625
1.77777778
2.39506173
2.27160494
1.96341463
1.80246914
2.19512195
2.09756098
2.2195122
2.24691358
2.30487805
1.86585366
1.94871795
1.7654321
2.0
2.32926829
1.90123457
2.16455696
1.975
2.01219512
2.225
2.14814815
2.02469136
2.07317073
1.86585366
2.30487805
1.98780488
2.04878049
1.93902439
1.95061728
1.9382716
1.80246914
2.12195122
2.13580247
2.02469136
2.19753086
1.825
2.28395062
1.8902439
1.75308642
2.02469136
1.97560976
2.62195122
2.3375
1.74074074
2.08641975
2.03797468
2.48148148
1.93902439
2.15853659
1.92592593
1.88888889
2.04878049
2.4691358
