1.8875
2.39506173
2.42682927
2.37037037
2.54320988
2.70886076
3.08641975
2.15853659
2.5308642
2.64197531
2.11111111
2.46341463
2.59756098
2.30487805
1.8902439
2.91139241
2.43902439
2.06097561
2.42682927
2.41463415
1.97560976
1.95
2.575
1.85185185
2.61728395
2.49382716
2.14634146
2.07407407
2.04878049
2.15853659
2.2804878
2.32098765
2.2195122
2.42682927
2.44871795
1.86419753
2.2875
2.1097561
2.62962963
2.15189873
3.3875
2.62195122
2.3625
2.24691358
2.38271605
2.26829268
2.57317073
2.23170732
2.67073171
2.36585366
2.79268293
2.58024691
2.02469136
2.03703704
2.01219512
2.4691358
2.34567901
2.5308642
2.4
2.56790123
1.8902439
1.92592593
2.41975309
2.04878049
2.81707317
3.25
1.87654321
1.98765432
2.2278481
2.85185185
2.36585366
2.32926829
2.22222222
2.27160494
2.02439024
2.37037037
