0.54545455
0.34391534
0.33333333
0.15384615
0.30147059
0.18095238
0.35238095
0.35789474
0.32142857
0.30434783
0.30735931
0.31617647
0.24242424
0.28
0.49019608
0.26470588
0.20833333
0.30040323
0.3956044
0.37179487
0.33763441
0.1025641
0.35087719
0.23809524
0.17777778
0.28095238
0.3047619
0.34199134
0.22769231
0.36307692
0.30409357
0.26923077
0.33088235
0.21323529
0.36190476
0.32923077
0.26666667
0.34285714
0.21230769
0.20512821
0.1978022
0.2
0.0
0.17368421
0.32026144
0.1952381
0.32679739
0.2875817
0.2
0.39047619
0.29059829
0.16842105
0.46666667
0.15384615
0.34285714
1.0
0.22058824
0.32142857
0.2
0.36601307
0.53623188
0.1
0.28571429
0.35294118
0.42857143
0.1025641
0.43636364
0.29333333
0.19927536
0.25356125
0.27777778
0.29824561
0.46723647
0.36956522
0.38571429
0.28138528
