0.33333333
0.0
0.7
0.0
0.37777778
0.2
1.0
0.53571429
0.71428571
1.0
0.5
0.42857143
0.25
1.0
0.5751634
0.0
0.6
0.43956044
0.52777778
0.6
0.27472527
0.85714286
1.0
0.4
0.33333333
0.39285714
0.28571429
0.47619048
0.38181818
0.6
0.66666667
0.22222222
0.25
0.44444444
0.66666667
0.64285714
0.66666667
0.5
0.0
0.24836601
0.0
0.38181818
0.33333333
0.0
0.0
0.42857143
0.67619048
0.67857143
0.3
0.2
0.5
0.33333333
0.66666667
0.66666667
0.37878788
1.0
0.6
0.71428571
0.16666667
0.41025641
0.66666667
0.53333333
0.3
0.61111111
1.0
0.0
0.50909091
0.475
0.4
0.0
0.45454545
0.67857143
1.0
0.51515152
0.5
0.7
