2.1
0.0
2.36585366
2.50617284
2.85185185
2.24050633
3.65432099
3.12195122
2.13580247
2.5308642
2.35802469
2.19512195
2.04878049
2.03658537
1.97560976
2.34177215
2.85365854
2.12195122
2.95121951
2.19512195
2.42682927
3.1875
2.6125
2.98765432
0.0
2.38271605
2.12195122
2.22222222
3.36585366
2.14634146
2.47560976
3.08641975
2.82926829
3.41463415
2.58974359
2.61728395
0.0
2.14634146
0.0
0.0
3.225
2.23170732
2.825
3.09876543
2.64197531
2.53658537
3.09756098
2.7804878
2.76829268
2.20731707
3.40243902
3.01234568
2.45679012
3.09876543
2.1097561
2.91358025
3.11111111
2.13580247
3.1375
2.12345679
2.14634146
2.2962963
2.7037037
2.54878049
2.40243902
0.0
2.83950617
2.66666667
2.48101266
3.41975309
2.34146341
2.70731707
2.19753086
2.11111111
4.02439024
3.51851852
