1.825
2.08641975
2.29268293
2.22222222
2.18518519
2.5443038
1.80246914
2.01219512
1.77777778
2.24691358
1.85185185
1.81707317
2.62195122
1.64634146
1.90243902
2.37974684
1.81707317
1.96341463
1.95121951
1.87804878
1.95121951
2.4
1.775
2.17283951
2.81481481
2.03703704
1.91463415
2.13580247
1.85365854
2.20731707
1.73170732
2.02469136
2.08536585
2.26829268
1.85897436
1.86419753
2.0125
1.95121951
1.9382716
2.37974684
2.5375
1.96341463
2.6625
2.7654321
1.82716049
2.32926829
2.24390244
1.97560976
2.35365854
2.18292683
2.36585366
2.22222222
1.83950617
2.08641975
1.68292683
2.18518519
2.38271605
1.77777778
2.6375
1.95061728
1.67073171
1.97530864
2.54320988
2.35365854
2.25609756
2.2875
2.09876543
2.24691358
2.60759494
2.17283951
2.1097561
1.73170732
1.85185185
1.72839506
2.96341463
2.30864198
