2.5375
2.4691358
3.35365854
2.90123457
2.75308642
2.35443038
2.48148148
2.2804878
2.22222222
2.77777778
2.5308642
2.29268293
2.31707317
3.12195122
2.14634146
2.58227848
2.12195122
2.48780488
2.12195122
2.41463415
3.06097561
2.675
2.675
0.0
2.61728395
1.98765432
2.46341463
2.2962963
2.36585366
2.35365854
2.46341463
2.04938272
2.90243902
2.25609756
2.70512821
2.39506173
0.0
2.53658537
2.50617284
2.26582278
2.3625
1.95121951
2.3125
2.45679012
2.40740741
2.06097561
2.43902439
2.86585366
2.56097561
2.7195122
2.5
2.09876543
2.59259259
3.22222222
1.98780488
2.12345679
2.02469136
2.22222222
2.6125
2.43209877
2.03658537
2.0617284
2.81481481
2.19512195
2.75609756
2.625
2.14814815
2.25925926
0.0
2.17283951
2.25609756
2.75609756
2.02469136
2.5308642
2.97560976
2.72839506
