0.6
1.0
0.4
0.39285714
0.38181818
0.0
0.16666667
0.24242424
0.28571429
0.47619048
0.51111111
0.4
0.4
0.8
0.52380952
0.42857143
0.33333333
1.0
0.33333333
1.0
0.23809524
0.4
0.4
0.47272727
0.53333333
0.32142857
0.33333333
0.57777778
0.37777778
0.16666667
0.28571429
0.42857143
0.36666667
0.425
0.28571429
0.38181818
0.53571429
0.53571429
0.1
0.41666667
0.0
1.0
0.46666667
0.4
0.2
0.27777778
0.51515152
0.2967033
0.34545455
0.26666667
0.23809524
0.32142857
0.61904762
0.28888889
0.41666667
0.02777778
0.83333333
0.28571429
0.33333333
0.2
0.46428571
0.47619048
0.5
0.47619048
0.0
0.0
0.38095238
0.4
0.28571429
0.66666667
0.42857143
0.36111111
0.42857143
0.31111111
0.25
0.35555556
