1.8867924857244576
3.3741496341561388
0.0
0.6857142778775511
1.6764706109169554
1.4571428421551018
0.0
2.6687763984687285
0.7552238931089332
1.57142856
0.0
0.0
2.7403845796542163
2.1590908845557855
1.2706408320657203
1.2133333472866665
0.0
1.7687074809627934
1.3124999917968752
1.1794871495463515
1.666666653703704
1.5376344003954217
0.0
1.9488795634410534
1.6285714327591836
2.3265306044106624
2.25
1.3194263520856078
1.8032787307390497
1.2446808284212314
2.3678571328848217
0.0
1.0988372177839374
2.310810800193572
2.333333356666667
2.0196721496474073
1.8913043198676756
1.4437499846601562
1.3393939126060608
1.6216216547552964
1.0317460434391537
2.4884259374196245
2.0370370619341567
3.2478632307911464
0.977142874536
4.93548384867846
2.099378919902782
1.1882716166449474
0.0
2.985074686344398
1.4893617125848801
2.5909090390909104
1.0541666681161457
1.3207547162335351
1.1333333434074075
0.0
2.395833307552084
0.8399999932800001
0.9784946157648283
0.7253333128789333
1.4382428914722674
0.8330578619282836
2.3750000489843757
1.31868132389471
0.0
0.0
2.1513605416223953
1.51111112454321
5.0370370818107
1.3902438993872694
2.8292682995835814
2.5909091191735536
1.2750000007968751
1.7821782133751594
1.1040000017664
0.9390048361096185
