1.1898601391944839
1.073907237112225
1.0596026504811193
1.1431930798827878
1.2764358566914047
1.0773914442352228
1.2794924559886072
1.1449275367485823
1.22583353878424
1.109419924135397
1.073907237112225
1.2054794534396698
1.0753424707543628
1.154929575512795
1.1258741228666438
0.9863983034495368
1.2876712381854005
1.1103448270791914
1.1748251754266712
1.3000000052714287
0.9797297274461286
1.1443493182036968
1.2707191815636143
0.9654157505089933
1.423152621555151
1.233586791713662
1.1338028125907558
1.0408624593675564
1.23287671502158
1.2198581551209697
1.229729731601534
1.220178238567336
1.3034482787091557
1.0551724163671818
1.0178017299022897
0.9651028827488176
1.1232876743103772
1.2993197240964411
1.082647464073693
1.2412144798650548
1.072516558990439
1.1956521722337743
1.224496644788388
1.240479915509048
1.144997874446893
1.1805555552391978
1.1007194261156255
1.4318181804063361
1.172661872498318
1.2262773716074378
1.1357142876806121
1.202636217382666
1.0961260100901395
1.0408624593675564
1.2167832163822192
1.1675720186457723
1.2030774742595314
1.22583353878424
1.0538732376554256
1.377087869975784
1.1313868580371889
1.097351801869873
1.1774800783617585
1.1911764696128893
1.4726027440345282
1.3990875889941659
0.9644644634023889
1.1718247943063693
1.1140928267006696
1.3937087802567363
1.223076925745562
1.2206896598135553
1.1043771060954533
1.0831390831702719
1.1748251754266712
1.377341056067288
