1.100367643984267
1.2961092366725617
1.2450331174378315
1.2480974146523216
1.2189468385243116
1.4796660355186777
0.9919628828155554
1.2406015021832777
0.9916855625997398
1.3067156953000973
1.054526748502515
1.0642857158336736
1.4429530209837396
0.9310344823686088
1.0909090877813097
1.345787870365442
1.027586208183591
1.1103448270791914
1.0666666670311111
1.09219857817816
1.0884353710000463
1.269677420993132
1.0037931051097264
1.2636371582591854
1.4425925917479168
1.201705305037198
1.0979020993857889
1.1598397548393318
1.0935251826572123
1.2928571434010205
0.979310348103686
1.0711270434466154
1.1793103447105826
1.3576642296446269
1.0369788928597652
1.0542358462966661
1.2315298518491313
1.1188811169964301
1.1192835981082532
1.3185083834334403
1.4251712367812912
1.0952380909880142
1.436348681564621
1.5531878960361312
1.0123456762078746
1.3263888880979937
1.2957746462606625
1.157142861577551
1.3402777804668211
1.2971014491461879
1.3472222238040124
1.310951238640972
1.085176302507321
1.2220458558409424
1.0298507476386722
1.1199074111348957
1.3955908318775259
1.012345680840192
1.461317566580191
1.0880994331775111
1.0073529399794552
1.1487610497907488
1.5003108655397919
1.3496503508533424
1.3028168986431266
1.349460432625511
1.1628294942143043
1.261965164827302
1.4952642304921597
1.1957908717566945
1.2536231893100187
1.0518518558112484
1.076963484178827
1.0345138298715835
1.687499998576389
1.287813891327676
