1.1875862088622116
0.0
1.385714289144898
1.3885552212239494
1.682387423512509
1.1929968773228563
2.066581528799859
1.8823529362110727
1.3168105450175005
1.461484958093265
1.3811287495649536
1.241379311709869
1.2000000035142857
1.1760563384348344
1.157142861577551
1.192703830469064
1.6137931080504162
1.225352110886729
1.635135132814098
1.23287671502158
1.3537414951566475
1.815104167675058
1.4377516784313094
1.8013798055549681
0.0
1.375934618097012
1.2428571454510204
1.3700918946255363
2.0294117599178203
1.2394366156516565
1.3443708664295426
1.8609295499474028
1.6571428586489796
1.971830984695497
1.4348579340305014
1.5113893206849758
0.0
1.2222222209567901
0.0
0.0
1.7398026283740478
1.2620689692613554
1.5546979872032343
1.6393468747604476
1.5149788482433684
1.4054054067531045
1.7397260346293864
1.6170212691715709
1.609929071744882
1.302158272447596
1.8851351314289628
1.7273590602923865
1.4087887393517264
1.752405280555705
1.130718954668717
1.5615266687099136
1.7593869754638127
1.1522092251143512
1.7866319454370179
1.2008514280565816
1.2661870492562495
1.326030255505301
1.61827520470058
1.5035971246788467
1.3586206894211652
0.0
1.7247370846142696
1.5291375301934895
1.3746151215036386
1.9339293368561588
1.4117646991435986
1.5971223014367786
1.3057792060989366
1.2365079381535147
2.3076923041635284
2.0608465655415724
