1.1994680817036367
1.0266040684057396
1.3941605800969683
1.1012679333099542
1.3067156953000973
1.106714729672527
0.9776763087059624
1.1468531462115505
1.0723365370389202
1.1380161795387855
1.096707821859282
1.0141843948533775
1.1276595711272068
1.225352110886729
0.9503546063819728
1.1518170697442802
1.0204081599639039
1.1297709900250568
1.3382352933196366
1.0
1.184397162171923
1.2327702694373175
1.1921985781781599
1.1517266023978001
1.0865843631936571
1.0404663907169258
1.0222222247868313
0.9196661419667614
1.2681159406080655
0.9794520580258961
0.8874172199815797
1.0710323870705656
1.2517482514675533
1.1678321695564575
1.229931285179139
1.054526748502515
1.2988013734213737
0.9659863944819288
1.115047414152878
1.295627969374105
1.2490066256597516
1.1319444461844137
1.224496644788388
1.1763171619555204
1.075180931020989
1.3194444447608025
1.298611109054784
1.1716417943328135
1.1632653020241566
0.9492753645148078
1.2260274010302121
1.375934618097012
1.1434408008226191
1.1951303149695167
0.9928571439867347
1.4979979949337854
1.0622500400356338
0.9461792946827352
1.2125816983953608
1.0902184241453323
1.0666666682864199
1.1063492090546485
1.5149286349931101
1.0579710111342155
1.1818181812968849
1.307758622854221
1.0193758597329867
1.0335837020791139
1.0093409027740816
1.1874129790413797
1.2132352895512544
1.3106060601354452
1.033884947137915
0.8759303016285666
1.1249999977389706
1.2654320982030178
