1.2140070887545897
1.3549857592807362
1.2097902105120053
1.1751705101117929
1.1652899899030862
1.0095370212590056
1.2051734268479926
1.2394366156516565
1.2955192952192898
1.1037379950576323
1.0812127273393517
1.3237410087221158
1.1468531462115505
1.1619718278952589
1.1167883202504127
1.1355025070344305
1.2158273391480772
1.1319444461844137
1.0909090877813097
1.2517985623394234
1.1056338030609005
1.3289655194410464
1.1663793122753865
1.2373113883262843
1.4422459002527286
1.2120601326861522
1.2116788278352602
1.1670096050927832
1.154929575512795
1.1538461520817642
1.0208333357060186
1.1579570497478275
1.1785714296173468
1.0328947369130885
1.1156462565301495
1.1944222420103756
1.3026041673903357
1.3521126710950209
1.1740397839855776
1.2742034084538538
1.228642387197908
1.3333333351555556
1.2005137019192158
1.152949247307194
1.392872775197524
1.2302631529968835
1.2949640289891826
1.3587786238995399
1.0588235306728182
1.1631205640762536
1.1597222252276236
1.1787586693938592
1.1527439854481483
1.2078331229646893
1.1310344846306777
1.5590123469532182
1.4187097852078145
1.157870372052604
1.3332167824709278
1.0938768745344472
1.02941175991782
1.2223136748314656
1.3449735496406652
1.225352110886729
1.225352110886729
1.3970890449235316
1.0190946512280055
1.1918395926472636
1.2321282194475742
1.430026762276908
1.1742424209481175
1.2464788738087682
1.0756172851808985
1.0192323803741468
1.242647055498486
1.2955192952192898
