1.3293400532345179
0.9145569664074267
1.3475936099716896
0.9692307582461538
1.3383130952380953
1.2892856817142864
1.3783783381446317
0.7828947418412395
1.5909090832727273
1.1611110878888895
1.699999983
1.3333333476190479
1.176724121700357
0.8333333516666668
1.519852955776168
1.175308686002744
0.8854781573314525
1.1428571333333335
1.3677631490612667
1.3115916451612903
1.744531219433106
0.9930313745797572
1.4615384432692313
1.542207787020366
1.5937499596582037
1.4702702604353544
0.9460916646440015
1.725427359477386
0.9581448036430332
1.7948718092307696
0.8835154694462302
1.1744505224969095
1.4337662196147751
1.3077399441624475
1.5703812335531169
2.17142856
1.0344827598692032
0.9556737532880638
0.8585858666666667
1.7678571476785714
1.1280991883452292
0.3900000171080003
1.754838723687825
1.391941365494506
0.7146892829799867
0.8425926240493835
1.9749216547400286
1.1282051161887423
1.3604826529156515
0.7699070127706613
1.4081267595159843
1.0104895231091986
1.8524004357921409
1.105454561898182
1.3722221947777784
2.0588235330449827
1.4666666615333332
1.8939394
1.3658536422962526
1.3421052663365651
1.325443784114702
1.2618492715760166
2.1357143087142862
1.543659031263415
0.7325581439075176
0.5262899274684906
0.7857142826530611
1.317708303890788
1.4901960881199539
0.9032258031737773
0.9597523260224866
1.00732600007326
1.1309523777210884
1.670175466697856
1.2226415010907796
1.480769183783285
