1.357792208144881
1.1256151232863691
1.4930555566628088
1.2443415672190785
1.1539324871866112
1.2499554254930332
1.1192835981082532
0.9933774844866453
1.3055768460230237
1.4940825915764124
1.5292881492786152
1.136986302293113
1.0283687897067553
1.1785714296173468
1.1838235236040224
1.3769051898095555
0.9729729717750183
1.2183098585042649
1.1073825497076708
1.2340425499743475
1.1224489765181174
0.998202613596181
1.1668238995178397
0.9976740046386925
1.2706683714824856
1.1569664859808757
1.4015151487855833
1.2283127588681921
1.16216216380935
0.9295774646260663
1.095890412728467
1.3811287495649536
1.5070422523824638
1.0979020993857889
1.2760845004120862
1.1318587106288105
1.3398214310596683
1.229166669988426
1.522324327361707
1.0164993444411023
1.3205521459430163
1.1714285736040817
1.4844827610777644
1.5285749337805197
1.1507238638494415
1.1910827977240457
1.0469798637773073
1.316901403408054
1.1224489765181174
1.3125000014236112
1.0071942434584131
1.0395227452508145
1.110558317561694
1.046317012099188
1.1942446028735572
1.287813891327676
1.307613171559785
1.2135169410055517
1.1075503360164634
1.445256659837685
1.32608695768431
1.2254710841427157
1.3138954524428497
1.1678832084895305
1.4545454561093452
1.1842905397403445
1.2030774742595314
1.1128622698925894
1.397805911783449
1.2247258912029504
1.1944444476080247
1.2885906019954054
1.170996870451639
1.2963851125873274
1.3188405820352866
1.1434408008226191
