1.2851731363117784
1.1685823798718458
1.817175063215872
2.0151515414738292
0.6359649141216527
2.250000013125
1.8740740702069372
2.3809523928571426
2.350230397157723
2.6729322307733647
1.762189096507909
1.1440677954036198
2.8499999978625
1.2372092895630071
3.464999996535
1.6190476259863946
1.5789473518005543
1.6902250662411653
2.0279720240720818
1.2698412666666667
1.0975494209560792
0.0
1.8939393750000002
1.534722202152778
1.5217391086011343
1.4893617125848801
1.3304093596337336
1.3695652227504727
2.4444444811111112
2.238156198738346
1.9599999983199998
1.5625000027343752
1.8763157389342116
2.746268706518156
1.3873873750133916
1.2799495545572943
3.0324323604587304
3.0000000450000006
0.0
0.0
0.0
0.0
1.6666666499999998
1.193877542303207
2.962025266401219
0.0
1.888059732772333
0.9900583514459402
2.5
1.5676359173411052
2.47619048
2.0079364894507434
1.8073089689438309
1.236363643107438
2.4905660254004984
0.0
3.04761904
1.9396551611771702
1.7385621209662954
1.7676767647306395
1.82411065131917
2.0024038531265025
3.7741936190010414
2.2222222333333335
2.5462962954475308
3.846153771597634
1.5909090713842975
2.170343153578071
8.272727332892561
0.0
1.66203206848726
1.2707641371556055
1.707285737374243
1.3194444257523148
1.8197802439681323
1.1115789741157898
