1.1663793122753865
1.252309104819604
1.2582781484645411
1.3798410300817563
1.6022737361167436
1.3274778267677263
1.5289910604617782
1.364285715247959
1.312558535275959
1.0927969945381646
1.3079210605274258
1.5820895514167965
1.1428571420602527
1.2556390999231162
1.0709219800824907
1.3709099605497999
1.3958333328587964
1.1499999997071428
1.1818181812968849
1.3380281663300932
1.0800000037173334
1.2710000018641334
1.1451724156885612
1.3153104396396476
1.5055397307820149
1.322798357806771
1.5942028982923755
1.2654321027786597
1.1959459477054422
1.1095890463276412
1.2867647014046282
1.173248307985658
1.235714289437755
1.2925170041084733
1.0586336756315335
1.0985027556070843
1.2576241099074494
1.233333334608889
1.4287715550956834
1.5722263564893675
1.3736394533527465
1.2721088385663382
1.568046361561971
1.322486262748571
1.6125220489946837
1.3286713275084356
1.4413793139719382
1.3134328349075517
1.3103448293412603
1.3142857172979592
1.2040816331084272
1.2104133130969217
1.2492776439736804
1.1510231746603377
1.374100718830288
1.508045981392628
1.518518521260288
1.3402886406924701
1.4213333354179556
1.435951312238436
1.0447761183983069
1.1623228209292622
1.3592333582605687
1.2269503525476584
1.3892617433782262
1.4757092156717468
1.209190672755106
1.0693792355165421
1.3701265821428523
1.3055768460230237
1.148148149048011
1.3237410087221158
1.2340272155365983
1.2636371582591854
1.1911764696128893
1.1310344846306777
