1.2724137952095125
1.5451591941217568
1.808823524357699
1.2571612984911154
1.729423870960791
1.1580125716933112
1.4271262013484036
1.3055555580864198
1.6060521659831422
1.6987992616405458
1.4000525323402764
1.2985074641479173
1.5352112676869671
1.24460431888101
1.2785714313744898
1.449120501545226
1.2836879377767718
1.1267605602082922
1.715328465274655
1.444444447144033
1.5734265731057753
1.1275000016536667
1.3051666685809113
1.6631393312315443
1.2750429725411012
1.298595151114916
1.3669064753718752
1.420096022455609
1.3649634985380148
1.356643356723556
1.215686271987697
1.2292768969972285
1.2464788738087682
1.6200000001093333
0.0
1.1957416354221415
1.8779720269214142
1.3918918898703434
1.4087887393517264
1.4366171344478478
0.0
1.916666661489899
1.4805555563780866
1.3015872974257638
1.421591797952931
1.328767127750047
1.609929071744882
1.3695652175204789
1.2894736805193907
1.3263888880979937
1.4054054067531045
1.2388845731530715
1.227738372545423
1.1729246484241511
1.3188405820352866
1.6113667885667025
1.570881229910424
1.378096376874963
1.3915562948926583
1.1121544084019925
1.1259259303352538
1.5939059577477845
0.0
1.6214285727255102
1.2857142841205054
1.530479456247889
1.4144120466257815
1.3830638135779205
1.4765555359551177
1.5375475718684068
1.2448979586144662
1.2551724186292508
1.0924593655341435
1.5499361451861011
1.2758620705255648
1.4117745852580856
