0.9842715256557827
1.189329186327648
1.2624113454967054
1.2569392678887004
1.3160493850155204
1.044502828559057
1.0816844294018753
1.0845070401388615
1.244911577266952
0.9761904799557822
1.0997424285609656
1.0890410987370989
1.2714285753612247
1.1643835638750235
1.035460987133444
1.1540215425612879
1.0522875786518007
1.1357142876806121
1.1805555552391978
1.102739726719835
0.9790209766550931
1.0587171033128895
1.018300652796104
1.1170710948144624
1.2272957950062897
1.2205586154026704
0.9931034493678953
1.0557319268177878
1.1180555538155865
1.1142857137836735
1.1489361692228761
1.0961260100901395
1.2230215826064903
1.201388890945216
1.0015592521611087
1.0539489290519148
1.0605902783669947
1.1666666685648148
1.1371554244853572
1.4428584222897634
1.2879934186800122
1.09219857817816
1.2899659841129854
1.0190946512280055
1.1478003800318868
1.2244897930723309
1.0512820537080867
0.9510489531742383
1.156028366649565
1.241379311709869
1.1180555538155865
1.2205586154026704
1.096707821859282
1.118908377807274
1.0625000014236112
1.2996329641218698
1.335733881436519
1.2884399542442295
1.2715189862151097
1.0123456763714438
0.9424460464334143
1.0419032149692065
1.1248285317360158
1.0845070401388615
1.1849315114655656
1.5232638897351465
1.114948281408819
1.10875955069199
1.1685807702255675
1.3402886406924701
1.0428571419367347
1.2279411755395762
1.0477423782949693
0.9638085585309825
1.2499999954779413
1.189329186327648
