1.0831560252960113
1.3688054226161035
1.4859154894604247
1.2671537738131975
1.5839422144773811
1.4807470995911902
1.337995335335387
1.2517482514675533
1.3910093247269972
1.4087887393517264
1.272272273464681
1.4551724152361476
1.7310344857617121
1.3819444461844135
1.1304347795085068
1.3730171433403644
1.5479452091724528
1.1780821974741977
1.183006533320518
1.3698630173146933
1.2430555566628088
1.3228040531602676
1.0455000015334002
1.2272957950062897
1.5732399039370002
1.536726174774623
1.4044117591641436
1.3201534862701667
1.4751773031909863
1.2671232905948584
1.4068965551562427
1.733468631461558
1.6086956495904223
1.425531909572959
1.1160871138796906
1.201705305037198
1.230000002035862
1.3566878977897683
1.32269982473727
1.3627830828957577
1.684440558498215
1.4236111119020063
1.5195804187303046
1.5331901922319464
1.4671676486374634
1.8205128225345166
1.4078947355644043
1.3913043444675488
1.3265306096265443
1.4013605406506549
1.2448979586144662
1.3427640603293134
1.1696696682637369
1.3753937894489277
1.3586206894211652
1.4109567918373263
1.2292768969972285
1.2742812722941084
1.10625
1.349794238292881
1.0567375852291132
1.208536704722443
1.2846317612987008
1.5319148884200995
1.3082191801595047
1.269047616803045
1.1006711413828205
1.1691879664746119
1.4645396278480538
1.38047138118575
1.408759123869146
1.2551724186292508
1.0563607093957852
1.144997874446893
1.4202898530056711
1.1438191451022905
