1.1215579705268588
1.2021604938623114
1.102739726719835
1.2373113883262843
1.2003527382292265
1.1227073099870484
1.2105672092528295
1.1641791028335933
1.0944277592605218
1.1318587106288105
1.2203619199187998
1.1690140802777227
1.1267605602082922
1.3758389267285258
1.1223021564908648
1.3980883446020205
1.2013422827656413
1.1313868580371889
1.0431654666497594
1.4244604348377412
1.0758620682634958
1.1654109620970166
1.1275000016536667
1.6325856323111227
1.3659732855232145
1.2601225903439874
1.1418918912554785
1.1163537992228871
1.1118881111262164
1.2237762222524329
1.0791366898411054
1.173248307985658
1.1250000028472222
1.3263888880979937
0.9631100092427226
1.3055768460230237
1.146006945081115
1.027210879951872
1.182249851086853
1.4428584222897634
1.462237761419727
1.102739726719835
1.228642387197908
1.111456441336248
1.1318587106288105
1.1310344846306777
1.320000003936
1.3511450373556322
1.1013513516882762
1.2000000010933334
1.3741496551205516
1.2923561810145923
1.189329186327648
1.4903978056891098
0.9241379317365042
1.823563081277841
1.2809271854895166
1.1170710948144624
1.4137931057883473
0.957252033408942
1.238461538704142
1.3777035168788863
1.2691000178540144
1.2553191480700168
1.268456377020855
1.4569642884200764
1.2851764238718397
1.0670670686033332
1.3767580885426436
1.2220458558409424
1.2230215826064903
1.2000000035142857
1.033884947137915
1.0531112789475616
1.4513888909452162
1.8728395071924162
