1.5833332858333342
0.9486166
1.749999986875
1.5820105741295036
4.452054886001128
2.700000027
1.26315788
0.8777429258242355
1.2429462433195
0.6111111128935185
1.6535947963308544
1.708571430430204
1.1960132651626365
1.2711473703268985
1.5866666621333334
0.0
2.4095238055079364
2.1038251858622243
1.4529411981529414
1.1323529466717128
1.2997871890380523
2.6915114096903414
1.5747702674176671
0.5883620623181574
1.4482758485850178
1.2447058691915296
1.8327272733381816
0.9603658356826296
1.659163421227573
1.1635220090898304
1.9817073351985428
0.8070175323915051
1.3508771616989845
3.9230769351479293
2.420849392120422
1.1399999949951218
1.2690166926242854
1.351168834756809
1.7476973622076482
1.4721074514260895
0.0
1.5640243790942892
1.8181818330578516
2.0758974086785016
1.3096687194686396
1.6249999857812503
1.144654103251454
0.7060212553691408
1.534828772274951
1.2343976933726757
0.7960449078043619
1.3657219866812003
1.2936199352096758
1.7790955946606253
1.8791208815719065
1.1999999760000006
0.9714285312761913
1.3182640002456112
1.2833333417333332
1.8888889056790124
1.419413934863694
1.330316753337974
0.826873391305811
1.1973128219021112
1.821428541830358
2.909090943801654
1.111111106388889
2.465217425603025
2.08000000336
1.24000001008
1.5589743679999999
2.29499998680375
1.3316552196242275
1.4333881958341907
0.8705454414375272
1.0
