3.1627907035586804
1.3943355
1.378787892754821
3.966666627
0.0
2.2826086857277885
1.3131312854096524
2.2222222333333335
3.6774194616025
1.5299999912025002
2.746268706518156
2.3653846586538463
0.0
1.330000007524
1.9504424897041273
0.0
1.6178736410775378
2.7522936032320513
1.9556391391881682
1.3842592465702162
1.6981132292274832
0.0
0.0
0.7450980418454441
2.635416668862847
1.80555555
1.3315789337022164
1.3959183556668056
1.2624584877617244
1.0673234879253721
3.2478632666666667
0.0
2.4838709653381894
1.741824414520872
1.8958333601909727
1.7068965647711056
2.1627486777503613
1.4505494759340662
1.4694444520578704
0.0
3.422222323748151
2.0000000300000003
0.0
1.536239483322649
1.9335937449243166
0.0
2.1114369949862835
0.9000000090000001
1.251700661049563
1.850467296322823
1.6229508500913739
0.0
1.2896825191090326
0.0
2.7439023940511613
1.1000000109999999
2.4488371594713367
3.150000007875
0.9428571522857144
1.8945868805683397
1.3914372996591196
1.2079831982855642
1.149999998275
1.9166666700490198
1.2903225566077006
1.3153845890769236
0.7118644091927607
1.935690624093459
2.0882724024112624
1.8934426521284606
1.4046822634579033
1.7621890511585356
1.6370967699687826
2.0454545499999996
1.2000000120000003
0.0
