1.21333333212
1.6483516283812343
1.7333878052775507
1.7142857387755106
0.9649122787626964
1.61764704
1.142857148095238
1.9791395066877335
1.2078947517818561
0.8116883214285714
1.0961538252847636
1.5808823149870248
1.1078717231689175
1.0601404580294316
1.4385965
0.9983022322361578
1.895424840615148
1.6957364685302871
1.345279743176653
1.050724624889729
1.6049382666514254
1.4571428421551018
1.7136363420090912
1.0557117479983242
0.5413533880988184
1.9124999890031251
1.4587013066894248
3.2571427920000016
1.1954337819205607
2.0
1.6239316108152533
0.7077953199239481
1.8046874808251956
1.0350672088615045
1.955882373373162
1.3818182
1.7467230513181573
0.8667393061863555
1.4437499846601565
0.7379999894664
1.307692304423077
1.1542499933630626
1.3800000276000004
0.4853333295477332
0.9252219661099564
1.0714285741071428
1.9746377
1.446280996994741
1.4247346568856245
1.91140105559383
1.593927930244231
1.364153070839268
0.7636363691900827
1.4896867793547173
1.3081395196727963
4.28571418469388
1.095949751076109
1.7062499594765634
1.2820668660939016
2.0312499680078133
1.131779485894634
1.6638655595650027
1.1079545485706677
1.3186813331723224
1.8479999696928007
0.0
1.3162393329914535
1.0102984271861024
1.0357142427806132
1.4428571777551025
1.624080897251264
1.556470587319723
0.9926470661807959
1.697674417777177
1.2734615328847336
1.5289730055004878
