1.3642086340749702
1.3046426690625756
1.5217391299180845
1.1718247943063693
1.6183757436681792
1.5071961178279345
0.0
1.1410256450690335
1.2911075343661853
1.411580589726906
1.1540740751593086
1.3586206894211652
1.3379310375248512
1.5281690095298552
1.1073825497076708
1.4898820283852425
1.4788732370779607
1.4598540121082637
1.3028168986431266
1.5074626853798172
1.6736111119020063
1.2075342498836554
1.4307291674615163
1.12405278972257
1.794295450004351
1.3497942392221078
1.3525179884550487
1.2217965127809045
1.3630137033233252
1.2605633785736958
1.1971830955822258
1.123377141965648
1.6423357643699716
1.7659574442100499
1.48458073386177
1.1998171023403614
1.383391607617683
1.0980392160015378
1.4431310693811883
0.0
1.174479167319155
1.5857142868020409
1.8259933820786587
1.2327202446223995
1.7252651677882842
1.45637583763344
1.7448275870259216
1.2148148173344309
1.258741257337767
1.2260274010302121
1.2551724186292508
1.2433507341919532
0.0
1.6114890378300195
1.503355706914103
1.778445108798348
1.2497232867581625
1.2373113883262843
1.3782094585282367
1.4103022583342932
1.6737588602162867
1.3267863808685054
1.3545470316542867
1.0948905075848472
1.9862068987357906
1.296938773216299
1.3287037025437243
1.489175165149634
1.5674114378123805
0.0
1.580882348818123
1.0629370643004548
1.3856930180547715
1.2388845731530715
1.5035971246788467
0.0
