0 305 0 313 153 0 283 0 0 12 0 966 0 0 0 0 0 0 0 0 0 0 0 0 130 0 13 0 843 508 0 0 0 1130 18 43 1076 1 3 0 29 228 0 0 0 0 0 0 0 0 0 0 16 0 0 0 0 0 0 0 0 0 0 0 0 0 0 0 0 0 0 0 0 0 15 0 2 0 0 1 0 0 0 
305 0 0 0 252 0 170 10 0 21 0 0 0 0 0 0 0 0 0 0 0 0 0 0 143 0 2 0 520 19 0 0 0 1260 611 7592 11142 241 0 0 0 0 0 0 0 0 0 0 0 0 0 0 0 0 0 0 0 0 0 0 0 0 0 0 0 0 0 0 0 0 0 0 0 0 0 0 0 0 0 0 0 0 4 
0 0 0 131 0 0 0 519 0 0 0 245 0 0 0 0 0 0 0 0 0 0 0 0 0 0 0 0 0 0 0 0 0 0 0 2 0 0 0 0 0 22 0 1 0 0 0 36 0 0 0 0 0 0 0 0 0 0 0 0 0 0 0 0 0 0 0 0 0 0 0 0 0 0 0 0 0 0 0 0 0 0 0 
313 0 131 0 0 0 295 479 0 0 0 13 0 0 0 0 0 0 0 0 0 0 0 0 0 0 0 0 0 0 0 0 0 9 0 0 0 0 0 0 0 14 0 0 0 0 0 0 0 0 0 0 0 0 0 0 0 0 0 0 0 0 0 0 0 0 0 0 0 0 0 0 0 0 0 0 0 0 0 0 0 0 0 
153 252 0 0 0 98 1496 3360 1839 1655 0 0 0 0 0 0 0 0 0 0 0 0 0 0 0 0 0 0 0 0 0 0 0 310 434 689 5441 2 0 0 0 0 0 0 0 0 0 0 0 0 0 0 0 0 0 0 0 0 0 0 0 0 0 0 0 0 0 0 0 0 0 0 0 0 0 0 0 0 0 0 0 0 1 
0 0 0 0 98 0 372 805 282 3253 0 0 0 0 0 0 0 0 3 0 0 0 0 0 0 0 0 0 0 436 0 0 0 12 0 0 0 0 0 0 0 0 0 0 0 0 0 0 0 0 0 0 0 0 0 0 0 0 0 0 0 0 0 0 0 0 0 0 0 0 0 0 0 0 0 0 0 0 0 0 0 0 0 
283 170 0 295 1496 372 0 5390 3133 55 0 4773 2266 0 0 0 0 0 0 0 0 0 0 0 67 0 5 0 309 3 0 0 0 384 791 11031 4152 15 585 0 0 4790 0 69 2 0 0 4655 4521 0 0 0 24 0 0 0 0 0 0 0 0 0 0 0 0 0 0 0 0 0 0 0 0 0 70 0 26 7 0 22 0 0 0 
0 10 519 479 3360 805 5390 0 402 373 502 61 27577 12310 223 0 0 13 0 1160 0 0 0 0 0 0 0 0 0 0 0 0 0 7 23463 793 10942 9 0 0 0 0 0 0 0 0 0 5 15875 0 0 5082 0 161 724 0 0 0 0 0 0 0 0 0 0 0 0 0 0 0 0 0 0 0 0 0 0 0 0 0 0 0 27 
0 0 0 0 1839 282 3133 402 0 3006 0 0 0 0 0 2 0 0 106 0 0 0 0 0 0 0 0 0 0 0 0 0 0 0 15 0 953 0 0 0 0 0 0 0 0 0 0 0 0 0 0 0 0 0 0 0 0 0 0 0 0 0 0 0 0 0 0 0 0 0 0 0 0 0 0 0 0 0 0 0 0 0 0 
12 21 0 0 1655 3253 55 373 3006 0 520 0 0 4516 0 2665 1097 0 2760 0 0 0 0 0 0 0 0 0 37 5935 333 0 0 3751 35287 760 24535 103 0 0 0 0 0 0 0 0 0 0 74 0 9 6630 0 0 568 497 52 0 0 0 0 0 0 0 0 0 0 0 0 0 0 0 0 0 0 0 0 0 0 0 0 0 3503 
0 0 0 0 0 0 0 502 0 520 0 0 0 2898 24 209 0 0 0 6 0 0 0 0 0 0 0 0 0 0 0 0 0 0 0 0 0 0 0 0 0 0 0 0 0 0 0 0 0 0 0 389 0 0 16 41 0 0 0 0 15 0 0 0 0 0 0 0 0 0 0 0 0 0 0 0 0 0 0 0 0 0 0 
966 0 245 13 0 0 4773 61 0 0 0 0 138 0 0 0 0 0 0 0 0 0 0 0 0 0 0 0 0 0 0 0 0 0 0 0 0 0 0 0 0 761 0 0 0 0 0 55 160 0 0 0 0 0 0 0 0 0 0 0 0 0 0 0 0 0 0 0 0 0 0 0 0 0 2 0 0 0 0 0 0 0 0 
0 0 0 0 0 0 2266 27577 0 0 0 138 0 0 0 0 0 0 0 0 0 0 0 0 0 0 0 0 0 0 0 0 0 0 0 0 0 0 0 0 0 0 0 0 0 0 0 13 1362 0 0 0 0 0 0 0 0 0 0 0 0 0 0 0 0 0 0 0 0 0 0 0 0 0 0 0 0 0 0 0 0 0 0 
0 0 0 0 0 0 0 12310 0 4516 2898 0 0 0 180 1419 0 252 0 4358 0 0 0 0 0 0 0 0 0 0 0 0 0 0 0 0 0 0 0 0 0 0 0 0 0 0 0 0 69 0 0 29 0 0 0 0 2 0 0 0 0 0 0 0 0 0 0 0 0 0 0 0 0 0 0 0 0 0 0 0 0 0 0 
0 0 0 0 0 0 0 223 0 0 24 0 0 180 0 0 0 1765 0 11422 1 0 0 6 2 3 0 0 0 0 0 0 0 0 10 0 0 0 0 13 0 0 0 0 0 0 0 0 0 0 0 0 0 0 0 4 0 0 0 37 117 0 0 0 0 0 0 0 0 0 0 0 5 0 1 0 0 3 0 0 0 0 0 
0 0 0 0 0 0 0 0 2 2665 209 0 0 1419 0 0 3522 490 6296 0 0 0 0 0 0 0 0 0 6169 9610 324 2772 4 1657 7585 2 2927 0 0 0 0 0 0 0 0 0 0 0 0 0 0 0 0 0 0 224 11 0 11 0 66 0 0 0 0 0 0 0 0 0 0 0 0 0 0 0 0 0 0 0 0 0 3528 
0 0 0 0 0 0 0 0 0 1097 0 0 0 0 0 3522 0 2 5875 0 0 0 0 0 0 0 0 0 256 3294 1136 65 2 464 0 0 133 0 0 0 0 0 0 0 0 0 0 0 0 0 0 0 0 0 0 0 0 0 0 0 0 0 0 0 0 0 0 0 0 0 0 0 0 0 0 0 0 0 0 0 0 0 0 
0 0 0 0 0 0 0 13 0 0 0 0 0 252 1765 490 2 0 10273 4107 36 62 3578 45 943 0 0 0 3643 2462 2 3407 0 1539 2529 30 4432 0 0 272 0 0 0 0 0 0 0 0 0 0 6 20 0 0 0 707 58 0 341 928 1517 70 0 64 0 186 0 0 0 2 3 0 157 0 81 87 0 4128 0 0 0 0 717 
0 0 0 0 0 3 0 0 106 2760 0 0 0 0 0 6296 5875 10273 0 0 3 0 306 0 1003 0 0 0 5855 6601 47 319 0 35 0 0 23 0 0 0 0 0 0 0 0 0 0 0 0 0 0 0 0 0 0 0 0 0 0 0 0 0 0 0 0 0 0 0 0 0 0 0 0 0 0 0 0 0 0 0 0 0 0 
0 0 0 0 0 0 0 1160 0 0 6 0 0 4358 11422 0 0 4107 0 0 66 31 2527 230 668 5 0 0 1137 345 0 441 0 168 12 0 55 0 0 394 0 0 0 0 0 0 0 0 0 0 0 0 0 0 0 944 0 0 125 1702 1223 20 0 19 0 139 0 0 0 11 1 0 469 0 51 17 0 1881 0 0 0 0 0 
0 0 0 0 0 0 0 0 0 0 0 0 0 0 1 0 0 36 3 66 0 211 3459 149 5881 0 0 0 6113 768 0 929 0 561 7 0 11 0 0 4 0 0 0 0 0 0 0 0 0 0 0 0 0 0 0 148 0 0 107 514 286 61 0 6 4 99 2 0 0 1 0 0 1 0 7 8 0 15 0 0 22 0 0 
0 0 0 0 0 0 0 0 0 0 0 0 0 0 0 0 0 62 0 31 211 0 138 368 4643 14 0 0 11304 957 0 686 0 464 7 0 179 0 0 0 0 0 0 0 0 0 0 0 0 0 0 0 0 0 0 0 0 0 2 0 0 62 0 0 0 0 0 0 0 0 0 0 0 0 0 0 0 0 0 0 0 0 0 
0 0 0 0 0 0 0 0 0 0 0 0 0 0 0 0 0 3578 306 2527 3459 138 0 43 3628 0 0 0 749 8 0 0 0 0 0 0 0 0 0 0 0 0 0 0 0 0 0 0 0 0 0 0 0 0 0 0 0 0 0 0 0 0 0 0 0 0 0 0 0 0 0 0 0 0 0 0 0 0 0 0 0 0 0 
0 0 0 0 0 0 0 0 0 0 0 0 0 0 6 0 0 45 0 230 149 368 43 0 5064 41 0 0 561 0 0 0 0 22 18 0 0 0 0 3 0 0 0 0 0 0 0 0 0 0 0 0 0 0 0 0 0 0 0 0 0 0 0 0 0 0 0 0 0 0 0 0 0 0 0 0 0 0 0 0 0 0 0 
130 143 0 0 0 0 67 0 0 0 0 0 0 0 2 0 0 943 1003 668 5881 4643 3628 5064 0 286 8 0 510 69 0 9 0 1186 20 0 438 61 0 303 0 0 0 0 0 0 0 0 0 0 0 0 0 0 0 0 0 0 0 0 1 0 0 0 0 0 0 0 0 0 0 0 0 0 0 1 0 0 0 0 0 0 0 
0 0 0 0 0 0 0 0 0 0 0 0 0 0 3 0 0 0 0 5 0 14 0 41 286 0 17 0 15 0 0 0 0 0 17 0 0 0 0 34 0 0 0 0 0 0 0 0 0 0 0 0 0 0 0 0 0 0 0 0 0 0 0 0 0 0 0 0 0 0 0 0 0 0 0 0 0 0 0 0 0 0 0 
13 2 0 0 0 0 5 0 0 0 0 0 0 0 0 0 0 0 0 0 0 0 0 0 8 17 0 0 0 0 0 0 0 2228 0 0 315 84 0 0 0 0 0 0 0 0 0 0 0 0 0 0 0 0 0 0 0 0 0 0 0 0 0 0 0 0 0 0 0 0 0 0 0 0 0 0 0 0 0 0 0 0 0 
0 0 0 0 0 0 0 0 0 0 0 0 0 0 0 0 0 0 0 0 0 0 0 0 0 0 0 0 0 12 0 63 0 81 0 0 0 0 0 0 0 0 0 0 0 0 0 0 0 0 0 0 0 0 0 0 0 0 0 0 0 0 0 0 0 0 0 0 0 0 0 0 0 0 0 0 0 0 0 0 0 0 0 
843 520 0 0 0 0 309 0 0 37 0 0 0 0 0 6169 256 3643 5855 1137 6113 11304 749 561 510 15 0 0 0 723 373 227 3 1095 100 0 1865 53 1 788 0 0 0 0 0 0 0 0 0 0 0 0 0 0 0 1 0 0 0 0 0 0 0 0 0 0 0 0 0 0 0 0 0 0 0 8 0 11 0 0 0 0 0 
508 19 0 0 0 436 3 0 0 5935 0 0 0 0 0 9610 3294 2462 6601 345 768 957 8 0 69 0 0 12 723 0 2326 3170 5 3650 0 0 2454 0 0 0 0 0 0 0 0 0 0 0 0 0 0 0 0 0 0 0 0 0 0 0 0 0 0 0 0 0 0 0 0 0 0 0 0 0 0 0 0 0 0 0 0 0 0 
0 0 0 0 0 0 0 0 0 333 0 0 0 0 0 324 1136 2 47 0 0 0 0 0 0 0 0 0 373 2326 0 1054 0 46 0 0 9 0 0 0 0 0 0 0 0 0 0 0 0 0 0 0 0 0 0 0 0 0 0 0 0 0 0 0 0 0 0 0 0 0 0 0 0 0 0 0 0 0 0 0 0 0 0 
0 0 0 0 0 0 0 0 0 0 0 0 0 0 0 2772 65 3407 319 441 929 686 0 0 9 0 0 63 227 3170 1054 0 342 1076 0 0 0 0 0 0 0 0 0 0 0 0 0 0 0 0 0 0 0 0 0 0 0 0 0 0 0 0 0 0 0 0 0 0 0 0 0 0 0 0 0 0 0 0 0 0 0 0 0 
0 0 0 0 0 0 0 0 0 0 0 0 0 0 0 4 2 0 0 0 0 0 0 0 0 0 0 0 3 5 0 342 0 56 0 0 0 0 0 0 0 0 0 0 0 0 0 0 0 0 0 0 0 0 0 0 0 0 0 0 0 0 0 0 0 0 0 0 0 0 0 0 0 0 0 0 0 0 0 0 0 0 0 
1130 1260 0 9 310 12 384 7 0 3751 0 0 0 0 0 1657 464 1539 35 168 561 464 0 22 1186 0 2228 81 1095 3650 46 1076 56 0 7 0 262 0 13 0 9 0 0 0 0 0 0 0 0 0 0 0 0 0 0 0 0 0 0 0 0 0 0 0 0 0 0 0 0 0 0 0 0 0 0 0 0 0 0 0 0 0 0 
18 611 0 0 434 0 791 23463 15 35287 0 0 0 0 10 7585 0 2529 0 12 7 7 0 18 20 17 0 0 100 0 0 0 0 7 0 504 464 4 0 795 61 0 0 0 0 0 0 1 4401 0 43 654 0 0 25 66 504 0 46 0 239 0 0 0 0 2 0 0 0 0 0 0 0 0 2 49 0 1263 0 0 0 0 188 
43 7592 2 0 689 0 11031 793 0 760 0 0 0 0 0 2 0 30 0 0 0 0 0 0 0 0 0 0 0 0 0 0 0 0 504 0 2 0 0 419 1 0 0 0 0 0 0 116 7187 0 0 65 0 0 0 0 0 0 0 0 3 0 0 0 0 0 0 0 0 0 0 0 0 0 0 0 0 9 0 0 0 0 0 
1076 11142 0 0 5441 0 4152 10942 953 24535 0 0 0 0 0 2927 133 4432 23 55 11 179 0 0 438 0 315 0 1865 2454 9 0 0 262 464 2 0 0 0 0 0 0 0 0 0 0 0 0 949 0 0 0 0 7 0 0 0 0 0 0 49 9 0 4 0 2 0 0 0 0 0 0 0 0 3 3 0 268 0 0 0 0 2947 
1 241 0 0 2 0 15 9 0 103 0 0 0 0 0 0 0 0 0 0 0 0 0 0 61 0 84 0 53 0 0 0 0 0 4 0 0 0 0 0 0 0 0 0 70 0 0 0 0 0 0 0 0 0 0 0 0 0 0 0 0 0 0 0 0 0 0 0 0 0 0 0 0 0 0 0 0 0 28 0 0 0 8416 
3 0 0 0 0 0 585 0 0 0 0 0 0 0 0 0 0 0 0 0 0 0 0 0 0 0 0 0 1 0 0 0 0 13 0 0 0 0 0 0 1 0 0 0 0 0 0 0 0 0 0 0 0 0 0 0 0 0 0 0 0 0 0 0 0 0 0 0 0 0 0 0 0 0 0 0 0 0 0 0 0 0 0 
0 0 0 0 0 0 0 0 0 0 0 0 0 0 13 0 0 272 0 394 4 0 0 3 303 34 0 0 788 0 0 0 0 0 795 419 0 0 0 0 0 0 0 0 0 0 0 0 0 0 9 23 0 0 0 25 83 0 72 0 353 0 0 0 0 0 0 0 0 0 0 0 0 0 0 688 2 253 0 0 0 0 0 
29 0 0 0 0 0 0 0 0 0 0 0 0 0 0 0 0 0 0 0 0 0 0 0 0 0 0 0 0 0 0 0 0 9 61 1 0 0 1 0 0 0 0 0 0 0 0 0 0 0 0 0 0 0 0 0 0 0 0 0 0 0 0 0 0 0 0 0 0 0 0 0 0 0 0 0 0 0 0 0 0 0 86 
228 0 22 14 0 0 4790 0 0 0 0 761 0 0 0 0 0 0 0 0 0 0 0 0 0 0 0 0 0 0 0 0 0 0 0 0 0 0 0 0 0 0 3086 0 401 816 0 1266 7 0 0 0 2709 0 0 0 0 0 0 0 0 0 0 0 0 0 0 0 0 0 0 0 0 0 1608 0 4037 4330 99 331 0 0 0 
0 0 0 0 0 0 0 0 0 0 0 0 0 0 0 0 0 0 0 0 0 0 0 0 0 0 0 0 0 0 0 0 0 0 0 0 0 0 0 0 0 3086 0 0 0 0 0 0 2 0 0 0 0 0 0 0 0 0 0 0 0 0 0 0 0 0 0 0 0 0 0 0 0 0 2120 0 26 822 0 0 0 0 0 
0 0 1 0 0 0 69 0 0 0 0 0 0 0 0 0 0 0 0 0 0 0 0 0 0 0 0 0 0 0 0 0 0 0 0 0 0 0 0 0 0 0 0 0 140 0 0 0 0 0 0 0 37 0 0 0 0 0 0 0 0 0 0 0 0 0 0 0 0 0 0 0 0 0 0 0 0 0 0 0 0 0 0 
0 0 0 0 0 0 2 0 0 0 0 0 0 0 0 0 0 0 0 0 0 0 0 0 0 0 0 0 0 0 0 0 0 0 0 0 0 70 0 0 0 401 0 140 0 0 0 110 3 0 0 0 7 0 0 0 0 0 0 0 0 0 0 0 0 0 0 0 0 0 0 0 0 0 9 0 0 83 0 0 0 0 2 
0 0 0 0 0 0 0 0 0 0 0 0 0 0 0 0 0 0 0 0 0 0 0 0 0 0 0 0 0 0 0 0 0 0 0 0 0 0 0 0 0 816 0 0 0 0 376 106 2079 2215 11 0 0 0 0 0 0 0 0 0 0 0 0 0 0 0 0 0 0 0 0 0 0 0 5265 0 0 76 0 0 0 0 0 
0 0 0 0 0 0 0 0 0 0 0 0 0 0 0 0 0 0 0 0 0 0 0 0 0 0 0 0 0 0 0 0 0 0 0 0 0 0 0 0 0 0 0 0 0 376 0 119 832 6567 3062 0 0 0 0 0 1724 1282 0 373 0 0 0 0 0 0 0 0 0 0 1735 346 0 0 149 0 0 0 0 0 0 0 0 
0 0 36 0 0 0 4655 5 0 0 0 55 13 0 0 0 0 0 0 0 0 0 0 0 0 0 0 0 0 0 0 0 0 0 1 116 0 0 0 0 0 1266 0 0 110 106 119 0 4312 3330 2 11 1331 0 0 0 0 0 0 0 0 0 0 0 0 0 0 0 0 0 0 0 0 0 5614 1087 8401 9937 97 0 0 0 70 
0 0 0 0 0 0 4521 15875 0 74 0 160 1362 69 0 0 0 0 0 0 0 0 0 0 0 0 0 0 0 0 0 0 0 0 4401 7187 949 0 0 0 0 7 2 0 3 2079 832 4312 0 295 475 337 2736 2194 2083 0 0 0 0 0 0 0 0 0 0 0 0 0 0 0 0 0 0 0 2373 28526 7008 19562 29 0 0 0 2343 
0 0 0 0 0 0 0 0 0 0 0 0 0 0 0 0 0 0 0 0 0 0 0 0 0 0 0 0 0 0 0 0 0 0 0 0 0 0 0 0 0 0 0 0 0 2215 6567 3330 295 0 3484 0 0 0 0 0 30 0 0 0 0 0 0 0 0 0 0 0 0 0 0 0 0 0 1910 257 0 2698 0 0 0 0 0 
0 0 0 0 0 0 0 0 0 9 0 0 0 0 0 0 0 6 0 0 0 0 0 0 0 0 0 0 0 0 0 0 0 0 43 0 0 0 0 9 0 0 0 0 0 11 3062 2 475 3484 0 87 0 0 3 0 3008 1278 0 181 0 0 0 0 0 0 0 0 0 0 2069 2242 0 0 474 5760 3 26244 0 0 0 0 96 
0 0 0 0 0 0 0 5082 0 6630 389 0 0 29 0 0 0 20 0 0 0 0 0 0 0 0 0 0 0 0 0 0 0 0 654 65 0 0 0 23 0 0 0 0 0 0 0 11 337 0 87 0 0 0 1893 0 646 0 0 0 2 0 0 0 0 0 0 0 0 0 0 0 0 0 0 15318 660 2604 0 0 0 0 0 
16 0 0 0 0 0 24 0 0 0 0 0 0 0 0 0 0 0 0 0 0 0 0 0 0 0 0 0 0 0 0 0 0 0 0 0 0 0 0 0 0 2709 0 37 7 0 0 1331 2736 0 0 0 0 0 0 0 0 0 0 0 0 0 0 1 0 0 0 0 0 0 0 0 3 0 461 0 15 7 0 12 0 0 0 
0 0 0 0 0 0 0 161 0 0 0 0 0 0 0 0 0 0 0 0 0 0 0 0 0 0 0 0 0 0 0 0 0 0 0 0 7 0 0 0 0 0 0 0 0 0 0 0 2194 0 0 0 0 0 147 0 0 0 0 0 0 0 0 0 0 0 0 0 0 0 0 0 0 0 0 0 0 0 0 0 0 0 0 
0 0 0 0 0 0 0 724 0 568 16 0 0 0 0 0 0 0 0 0 0 0 0 0 0 0 0 0 0 0 0 0 0 0 25 0 0 0 0 0 0 0 0 0 0 0 0 0 2083 0 3 1893 0 147 0 359 798 0 32 0 3922 0 0 0 0 0 0 0 0 0 0 0 0 0 0 0 0 0 0 0 0 0 0 
0 0 0 0 0 0 0 0 0 497 41 0 0 0 4 224 0 707 0 944 148 0 0 0 0 0 0 0 1 0 0 0 0 0 66 0 0 0 0 25 0 0 0 0 0 0 0 0 0 0 0 0 0 0 359 0 5 0 1042 1981 14758 1774 141 739 0 70 19 80 0 62 0 0 130 0 30 91 0 659 0 0 0 0 0 
0 0 0 0 0 0 0 0 0 52 0 0 0 2 0 11 0 58 0 0 0 0 0 0 0 0 0 0 0 0 0 0 0 0 504 0 0 0 0 83 0 0 0 0 0 0 1724 0 0 30 3008 646 0 0 798 5 0 8274 2443 1489 19 0 0 0 0 0 0 0 0 0 2292 1847 252 55 1313 2800 25 10404 0 0 0 0 1 
0 0 0 0 0 0 0 0 0 0 0 0 0 0 0 0 0 0 0 0 0 0 0 0 0 0 0 0 0 0 0 0 0 0 0 0 0 0 0 0 0 0 0 0 0 0 1282 0 0 0 1278 0 0 0 0 0 8274 0 111 3289 0 0 0 0 0 0 0 0 0 0 3408 4395 655 0 654 0 0 1624 0 0 0 0 0 
0 0 0 0 0 0 0 0 0 0 0 0 0 0 0 11 0 341 0 125 107 2 0 0 0 0 0 0 0 0 0 0 0 0 46 0 0 0 0 72 0 0 0 0 0 0 0 0 0 0 0 0 0 0 32 1042 2443 111 0 16359 763 15 21 3455 0 172 28 61 63 2306 4648 155 3241 1157 966 2161 1 4580 0 0 32 0 98 
0 0 0 0 0 0 0 0 0 0 0 0 0 0 37 0 0 928 0 1702 514 0 0 0 0 0 0 0 0 0 0 0 0 0 0 0 0 0 0 0 0 0 0 0 0 0 373 0 0 0 181 0 0 0 0 1981 1489 3289 16359 0 6370 26 0 1651 0 0 16 20 0 488 3598 55 2369 0 444 0 0 998 0 0 4 0 0 
0 0 0 0 0 0 0 0 0 0 15 0 0 0 117 66 0 1517 0 1223 286 0 0 0 1 0 0 0 0 0 0 0 0 0 239 3 49 0 0 353 0 0 0 0 0 0 0 0 0 0 0 2 0 0 3922 14758 19 0 763 6370 0 84 123 202 356 1041 292 119 29 1478 100 0 1493 25 323 1625 0 3333 0 0 612 0 228 
0 0 0 0 0 0 0 0 0 0 0 0 0 0 0 0 0 70 0 20 61 62 0 0 0 0 0 0 0 0 0 0 0 0 0 0 9 0 0 0 0 0 0 0 0 0 0 0 0 0 0 0 0 0 0 1774 0 0 15 26 84 0 609 538 548 99 68 2 63 442 0 0 329 0 885 65 0 1 0 0 1126 0 0 
0 0 0 0 0 0 0 0 0 0 0 0 0 0 0 0 0 0 0 0 0 0 0 0 0 0 0 0 0 0 0 0 0 0 0 0 0 0 0 0 0 0 0 0 0 0 0 0 0 0 0 0 0 0 0 141 0 0 21 0 123 609 0 121 976 284 1 0 0 0 0 0 0 0 0 0 0 0 0 0 686 0 0 
0 0 0 0 0 0 0 0 0 0 0 0 0 0 0 0 0 64 0 19 6 0 0 0 0 0 0 0 0 0 0 0 0 0 0 0 4 0 0 0 0 0 0 0 0 0 0 0 0 0 0 0 1 0 0 739 0 0 3455 1651 202 538 121 0 367 5905 20 0 1504 8444 859 1 1251 0 4673 42 0 645 0 0 1488 0 0 
0 0 0 0 0 0 0 0 0 0 0 0 0 0 0 0 0 0 0 0 4 0 0 0 0 0 0 0 0 0 0 0 0 0 0 0 0 0 0 0 0 0 0 0 0 0 0 0 0 0 0 0 0 0 0 0 0 0 0 0 356 548 976 367 0 417 10 0 0 0 0 0 0 0 0 0 0 0 0 0 38 0 0 
0 0 0 0 0 0 0 0 0 0 0 0 0 0 0 0 0 186 0 139 99 0 0 0 0 0 0 0 0 0 0 0 0 0 2 0 2 0 0 0 0 0 0 0 0 0 0 0 0 0 0 0 0 0 0 70 0 0 172 0 1041 99 284 5905 417 0 140 36 23 909 28 0 249 0 412 829 0 729 0 0 102 0 1 
0 0 0 0 0 0 0 0 0 0 0 0 0 0 0 0 0 0 0 0 2 0 0 0 0 0 0 0 0 0 0 0 0 0 0 0 0 0 0 0 0 0 0 0 0 0 0 0 0 0 0 0 0 0 0 19 0 0 28 16 292 68 1 20 10 140 0 213 0 1 0 0 0 0 0 0 0 0 0 0 192 0 0 
0 0 0 0 0 0 0 0 0 0 0 0 0 0 0 0 0 0 0 0 0 0 0 0 0 0 0 0 0 0 0 0 0 0 0 0 0 0 0 0 0 0 0 0 0 0 0 0 0 0 0 0 0 0 0 80 0 0 61 20 119 2 0 0 0 36 213 0 1 0 0 0 52 0 288 0 0 231 0 0 207 184 0 
0 0 0 0 0 0 0 0 0 0 0 0 0 0 0 0 0 0 0 0 0 0 0 0 0 0 0 0 0 0 0 0 0 0 0 0 0 0 0 0 0 0 0 0 0 0 0 0 0 0 0 0 0 0 0 0 0 0 63 0 29 63 0 1504 0 23 0 1 0 1 0 0 125 0 306 0 0 0 0 0 0 0 0 
0 0 0 0 0 0 0 0 0 0 0 0 0 0 0 0 0 2 0 11 1 0 0 0 0 0 0 0 0 0 0 0 0 0 0 0 0 0 0 0 0 0 0 0 0 0 0 0 0 0 0 0 0 0 0 62 0 0 2306 488 1478 442 0 8444 0 909 1 0 1 0 700 1 704 0 308 0 0 141 0 0 0 0 0 
0 0 0 0 0 0 0 0 0 0 0 0 0 0 0 0 0 3 0 1 0 0 0 0 0 0 0 0 0 0 0 0 0 0 0 0 0 0 0 0 0 0 0 0 0 0 1735 0 0 0 2069 0 0 0 0 0 2292 3408 4648 3598 100 0 0 859 0 28 0 0 0 700 0 259 1739 0 1512 0 0 437 0 0 0 0 0 
0 0 0 0 0 0 0 0 0 0 0 0 0 0 0 0 0 0 0 0 0 0 0 0 0 0 0 0 0 0 0 0 0 0 0 0 0 0 0 0 0 0 0 0 0 0 346 0 0 0 2242 0 0 0 0 0 1847 4395 155 55 0 0 0 1 0 0 0 0 0 1 259 0 711 1 1790 0 0 175 0 0 0 0 0 
0 0 0 0 0 0 0 0 0 0 0 0 0 0 5 0 0 157 0 469 1 0 0 0 0 0 0 0 0 0 0 0 0 0 0 0 0 0 0 0 0 0 0 0 0 0 0 0 0 0 0 0 3 0 0 130 252 655 3241 2369 1493 329 0 1251 0 249 0 52 125 704 1739 711 0 96 313 0 1 1 0 3 0 0 0 
0 0 0 0 0 0 0 0 0 0 0 0 0 0 0 0 0 0 0 0 0 0 0 0 0 0 0 0 0 0 0 0 0 0 0 0 0 0 0 0 0 0 0 0 0 0 0 0 0 0 0 0 0 0 0 0 55 0 1157 0 25 0 0 0 0 0 0 0 0 0 0 1 96 0 71 0 0 0 0 0 0 0 0 
15 0 0 0 0 0 70 0 0 0 0 2 0 0 1 0 0 81 0 51 7 0 0 0 0 0 0 0 0 0 0 0 0 0 2 0 3 0 0 0 0 1608 2120 0 9 5265 149 5614 2373 1910 474 0 461 0 0 30 1313 654 966 444 323 885 0 4673 0 412 0 288 306 308 1512 1790 313 71 0 2 58 268 0 85 0 0 0 
0 0 0 0 0 0 0 0 0 0 0 0 0 0 0 0 0 87 0 17 8 0 0 0 1 0 0 0 8 0 0 0 0 0 49 0 3 0 0 688 0 0 0 0 0 0 0 1087 28526 257 5760 15318 0 0 0 91 2800 0 2161 0 1625 65 0 42 0 829 0 0 0 0 0 0 0 0 2 0 815 1552 3 0 227 20 500 
2 0 0 0 0 0 26 0 0 0 0 0 0 0 0 0 0 0 0 0 0 0 0 0 0 0 0 0 0 0 0 0 0 0 0 0 0 0 0 2 0 4037 26 0 0 0 0 8401 7008 0 3 660 15 0 0 0 25 0 1 0 0 0 0 0 0 0 0 0 0 0 0 0 1 0 58 815 0 6 49 8 0 0 330 
0 0 0 0 0 0 7 0 0 0 0 0 0 0 3 0 0 4128 0 1881 15 0 0 0 0 0 0 0 11 0 0 0 0 0 1263 9 268 0 0 253 0 4330 822 0 83 76 0 9937 19562 2698 26244 2604 7 0 0 659 10404 1624 4580 998 3333 1 0 645 0 729 0 231 0 141 437 175 1 0 268 1552 6 0 4 2 0 0 4595 
0 0 0 0 0 0 0 0 0 0 0 0 0 0 0 0 0 0 0 0 0 0 0 0 0 0 0 0 0 0 0 0 0 0 0 0 0 28 0 0 0 99 0 0 0 0 0 97 29 0 0 0 0 0 0 0 0 0 0 0 0 0 0 0 0 0 0 0 0 0 0 0 0 0 0 3 49 4 0 0 0 0 2200 
1 0 0 0 0 0 22 0 0 0 0 0 0 0 0 0 0 0 0 0 0 0 0 0 0 0 0 0 0 0 0 0 0 0 0 0 0 0 0 0 0 331 0 0 0 0 0 0 0 0 0 0 12 0 0 0 0 0 0 0 0 0 0 0 0 0 0 0 0 0 0 0 3 0 85 0 8 2 0 0 0 0 0 
0 0 0 0 0 0 0 0 0 0 0 0 0 0 0 0 0 0 0 0 22 0 0 0 0 0 0 0 0 0 0 0 0 0 0 0 0 0 0 0 0 0 0 0 0 0 0 0 0 0 0 0 0 0 0 0 0 0 32 4 612 1126 686 1488 38 102 192 207 0 0 0 0 0 0 0 227 0 0 0 0 0 5 0 
0 0 0 0 0 0 0 0 0 0 0 0 0 0 0 0 0 0 0 0 0 0 0 0 0 0 0 0 0 0 0 0 0 0 0 0 0 0 0 0 0 0 0 0 0 0 0 0 0 0 0 0 0 0 0 0 0 0 0 0 0 0 0 0 0 0 0 184 0 0 0 0 0 0 0 20 0 0 0 0 5 0 3 
0 4 0 0 1 0 0 27 0 3503 0 0 0 0 0 3528 0 717 0 0 0 0 0 0 0 0 0 0 0 0 0 0 0 0 188 0 2947 8416 0 0 86 0 0 0 2 0 0 70 2343 0 96 0 0 0 0 0 1 0 98 0 228 0 0 0 0 1 0 0 0 0 0 0 0 0 0 500 330 4595 2200 0 0 3 0 
