0 100 0 154 154 0 13 0 0 0 0 355 0 0 0 0 30 2 501 0 0 0 15 0 338 0 0 0 64 360 0 109 0 387 8 1151 5236 0 1863 0 0 116 0 0 513 0 0 257 0 0 0 0 0 0 0 0 0 0 0 0 0 0 0 0 0 0 0 0 0 0 0 0 0 0 0 0 0 0 0 132 0 0 44 
100 0 0 0 13 0 0 0 0 0 0 0 0 0 0 0 0 0 0 0 0 0 0 0 0 0 0 0 0 0 0 0 0 54 0 8 6416 3 0 0 0 0 0 0 0 0 0 0 0 0 0 0 0 0 0 0 0 0 0 0 0 0 0 0 0 0 0 0 0 0 0 0 0 0 0 0 0 0 0 0 0 0 0 
0 0 0 275 0 0 0 0 0 0 0 0 0 0 0 0 0 0 0 0 0 0 0 0 0 0 0 0 0 0 0 0 0 0 0 0 0 0 0 0 0 0 0 0 0 0 0 0 0 0 0 0 0 0 0 0 0 0 0 0 0 0 0 0 0 0 0 0 0 0 0 0 0 0 0 0 0 0 0 0 0 0 0 
154 0 275 0 0 0 109 0 0 0 0 81 0 0 0 0 0 0 0 0 0 0 0 0 0 0 0 0 0 0 0 0 0 0 0 0 0 0 35 0 0 296 0 1 288 0 0 1521 0 0 0 0 3 0 0 0 0 0 0 0 0 0 0 0 0 0 0 0 0 0 0 0 0 0 0 0 29 0 0 339 0 0 0 
154 13 0 0 0 578 63 38 0 0 0 0 0 0 0 0 0 0 0 0 0 0 0 0 0 0 0 0 0 0 0 0 0 3685 83 178 5649 1 0 0 0 0 0 0 0 0 0 0 0 0 0 0 0 0 0 0 0 0 0 0 0 0 0 0 0 0 0 0 0 0 0 0 0 0 0 0 0 0 0 0 0 0 0 
0 0 0 0 578 0 430 2706 91 144 0 0 52 0 0 0 1 0 267 0 0 0 0 0 112 0 0 0 125 2 0 0 0 401 0 0 3 0 0 0 0 0 0 0 0 0 0 0 915 0 0 0 0 11 0 0 0 0 0 0 0 0 0 0 0 0 0 0 0 0 0 0 0 0 0 0 0 0 0 0 0 0 0 
13 0 0 109 63 430 0 6652 66 1 0 3907 463 0 0 0 0 0 0 0 0 0 0 0 0 0 0 0 0 0 0 0 0 1024 995 17187 11446 897 2864 0 0 5 0 0 17 0 0 7376 7773 0 0 0 109 94 0 0 0 0 0 0 0 0 0 0 0 0 0 0 0 0 0 0 0 0 0 0 1 0 0 13 0 0 1 
0 0 0 0 38 2706 6652 0 3414 2417 615 1198 14650 2135 24 0 0 38 83 22 0 0 0 0 0 0 0 0 0 0 0 0 0 1 4178 910 7327 553 0 0 0 0 0 0 0 0 0 312 25301 0 82 146 30 470 127 0 0 0 0 0 0 0 0 0 0 0 0 0 0 0 0 0 0 0 0 0 0 0 0 0 0 0 2145 
0 0 0 0 0 91 66 3414 0 7088 0 0 0 0 0 0 0 0 0 0 0 0 0 0 0 0 0 0 0 0 0 0 0 0 0 0 0 0 0 0 0 0 0 0 0 0 0 0 0 0 0 0 0 0 0 0 0 0 0 0 0 0 0 0 0 0 0 0 0 0 0 0 0 0 0 0 0 0 0 0 0 0 0 
0 0 0 0 0 144 1 2417 7088 0 36 0 0 186 0 1543 770 260 4182 0 0 0 0 0 145 0 0 0 236 32 0 0 0 2208 16168 878 10738 1110 0 41 0 0 0 0 0 0 0 0 2729 0 2841 1147 0 0 149 0 46 0 536 0 1345 0 0 0 0 0 0 0 0 0 0 0 0 0 0 0 0 0 0 0 0 0 6404 
0 0 0 0 0 0 0 615 0 36 0 0 0 1704 0 0 0 0 0 1 0 0 0 0 0 0 0 0 0 0 0 0 0 0 43 48 0 0 0 3 0 0 0 0 0 0 0 0 2162 0 2026 1591 0 0 316 11 91 0 759 0 1833 0 0 0 0 0 0 0 0 0 0 0 0 0 0 0 0 0 0 0 0 0 0 
355 0 0 81 0 0 3907 1198 0 0 0 0 0 0 0 0 0 0 0 0 0 0 0 0 0 0 0 0 0 0 0 0 0 0 0 0 0 0 10 0 0 92 0 0 135 0 0 196 177 0 0 0 0 0 0 0 0 0 0 0 0 0 0 0 0 0 0 0 0 0 0 0 0 0 0 0 0 0 0 11 0 0 0 
0 0 0 0 0 52 463 14650 0 0 0 0 0 0 0 0 0 0 0 0 0 0 0 0 0 0 0 0 0 0 0 0 0 0 2 3 37 1 0 0 0 0 0 0 0 0 0 135 148 0 0 0 0 0 0 0 0 0 0 0 0 0 0 0 0 0 0 0 0 0 0 0 0 0 0 0 0 0 0 0 0 0 0 
0 0 0 0 0 0 0 2135 0 186 1704 0 0 0 1351 0 0 0 0 1141 0 0 0 0 0 0 0 0 0 0 0 0 0 0 0 0 0 0 0 0 0 0 0 0 0 0 0 0 568 0 2 84 0 0 28 0 0 0 0 0 1 0 0 0 0 0 0 0 0 0 0 0 0 0 0 0 0 0 0 0 0 0 0 
0 0 0 0 0 0 0 24 0 0 0 0 0 1351 0 0 0 3435 9 4933 12 0 0 161 13 4 0 0 0 0 0 0 0 0 0 0 0 0 0 0 0 0 0 0 0 0 0 0 0 0 0 0 0 0 36 46 0 0 399 0 1238 157 0 67 0 0 0 0 0 0 0 0 0 0 0 0 0 0 0 0 1 0 0 
0 0 0 0 0 0 0 0 0 1543 0 0 0 0 0 0 2957 469 470 0 0 0 0 0 49 0 0 0 182 19 2 0 0 1510 93 0 2483 223 0 0 0 0 0 0 0 0 0 0 0 0 0 1 0 0 2 0 0 0 13 0 35 0 0 0 0 0 0 0 0 0 0 0 0 0 0 0 0 0 0 0 0 0 758 
30 0 0 0 0 1 0 0 0 770 0 0 0 0 0 2957 0 0 2145 0 0 0 0 0 352 0 0 0 2896 4295 1470 2287 16 78 0 0 14 0 0 0 0 0 0 0 0 0 0 0 0 0 0 0 0 0 0 0 0 0 0 0 0 0 0 0 0 0 0 0 0 0 0 0 0 0 0 0 0 0 0 0 0 0 0 
2 0 0 0 0 0 0 38 0 260 0 0 0 0 3435 469 0 0 3023 1052 279 3148 987 313 755 0 0 0 85 16 0 8 2 1406 494 0 3778 58 0 855 1184 0 0 0 0 0 0 0 0 0 0 0 0 0 2 50 0 0 2825 2511 6780 26 0 954 0 245 0 0 0 0 0 0 0 0 0 25 0 16 1 0 556 1 3659 
501 0 0 0 0 267 0 83 0 4182 0 0 0 0 9 470 2145 3023 0 25 0 0 287 0 2272 0 0 0 3375 1778 96 2897 47 8721 0 0 5616 1 0 2798 1877 0 0 0 0 0 0 0 0 0 0 0 0 0 0 0 0 0 915 2197 1372 0 0 36 0 18 0 0 0 0 0 0 0 0 0 0 0 0 0 0 18 0 1 
0 0 0 0 0 0 0 22 0 0 1 0 0 1141 4933 0 0 1052 25 0 1096 682 39 510 17 1 0 0 1 1 0 0 0 0 43 0 0 0 0 220 55 0 0 0 0 0 0 0 0 0 0 4 0 0 212 83 0 0 3836 117 8716 34 0 295 0 221 0 0 0 0 0 0 0 0 0 221 8 13 1 0 200 2 437 
0 0 0 0 0 0 0 0 0 0 0 0 0 0 12 0 0 279 0 1096 0 1516 1 722 0 0 0 0 3 0 0 0 0 0 0 0 0 0 0 4 0 0 0 0 0 0 0 0 0 0 0 0 0 0 0 0 0 0 0 0 0 0 1 0 0 0 0 0 0 0 0 0 0 0 0 0 0 0 0 0 0 0 0 
0 0 0 0 0 0 0 0 0 0 0 0 0 0 0 0 0 3148 0 682 1516 0 324 2044 1153 0 0 0 1483 117 0 0 0 401 0 0 0 0 0 53 0 0 0 0 0 0 0 0 0 0 0 0 0 0 0 0 0 0 0 0 0 0 0 0 0 0 0 0 0 0 0 0 0 0 0 0 0 0 0 0 0 0 0 
15 0 0 0 0 0 0 0 0 0 0 0 0 0 0 0 0 987 287 39 1 324 0 207 1369 0 0 0 713 127 0 0 0 159 0 0 1 0 0 3 0 0 0 0 0 0 0 0 0 0 0 0 0 0 0 0 0 0 0 0 0 0 0 0 0 0 0 0 0 0 0 0 0 0 0 0 0 0 0 0 0 0 0 
0 0 0 0 0 0 0 0 0 0 0 0 0 0 161 0 0 313 0 510 722 2044 207 0 1554 11 0 0 477 55 0 0 0 0 4 0 0 0 0 26 0 0 0 0 0 0 0 0 0 0 0 0 0 0 0 0 0 0 0 0 0 0 0 0 0 0 0 0 0 0 0 0 0 0 0 0 0 0 0 0 0 0 0 
338 0 0 0 0 112 0 0 0 145 0 0 0 0 13 49 352 755 2272 17 0 1153 1369 1554 0 23 1 0 515 110 1 0 0 5778 0 0 331 0 0 269 17 0 0 0 0 0 0 0 0 0 0 0 0 0 0 0 0 0 0 0 8 0 0 1 0 4 0 0 0 0 0 0 0 0 0 0 0 1 0 0 16 0 0 
0 0 0 0 0 0 0 0 0 0 0 0 0 0 4 0 0 0 0 1 0 0 0 11 23 0 0 0 0 0 0 0 0 0 8 0 0 0 0 144 0 0 0 0 0 0 0 0 0 0 0 0 0 0 0 0 0 0 0 0 0 0 0 0 0 0 0 0 0 0 0 0 0 0 0 0 0 0 0 0 0 0 0 
0 0 0 0 0 0 0 0 0 0 0 0 0 0 0 0 0 0 0 0 0 0 0 0 1 0 0 0 0 0 0 0 0 0 33 0 0 0 0 78 0 0 0 0 0 0 0 0 0 0 0 0 0 0 0 0 0 0 0 0 0 0 0 0 0 0 0 0 0 0 0 0 0 0 0 0 0 0 0 0 0 0 0 
0 0 0 0 0 0 0 0 0 0 0 0 0 0 0 0 0 0 0 0 0 0 0 0 0 0 0 0 0 0 0 0 0 1233 0 0 0 0 0 4 151 0 0 0 0 0 0 0 0 0 0 0 0 0 0 0 0 0 0 0 0 0 0 0 0 0 0 0 0 0 0 0 0 0 0 0 0 0 0 0 0 0 0 
64 0 0 0 0 125 0 0 0 236 0 0 0 0 0 182 2896 85 3375 1 3 1483 713 477 515 0 0 0 0 353 151 2 0 2016 10 0 423 229 0 88 77 0 0 0 0 0 0 0 0 0 0 0 0 0 0 0 0 0 2 3 8 0 0 0 0 7 0 0 0 0 0 0 0 0 0 0 0 0 0 0 15 0 13 
360 0 0 0 0 2 0 0 0 32 0 0 0 0 0 19 4295 16 1778 1 0 117 127 55 110 0 0 0 353 0 298 530 0 1838 0 0 48 0 0 0 0 0 0 0 0 0 0 0 0 0 0 0 0 0 0 0 0 0 0 0 0 0 0 0 0 0 0 0 0 0 0 0 0 0 0 0 0 0 0 0 0 0 0 
0 0 0 0 0 0 0 0 0 0 0 0 0 0 0 2 1470 0 96 0 0 0 0 0 1 0 0 0 151 298 0 540 0 107 0 0 0 0 0 0 0 0 0 0 0 0 0 0 0 0 0 0 0 0 0 0 0 0 0 0 0 0 0 0 0 0 0 0 0 0 0 0 0 0 0 0 0 0 0 0 0 0 0 
109 0 0 0 0 0 0 0 0 0 0 0 0 0 0 0 2287 8 2897 0 0 0 0 0 0 0 0 0 2 530 540 0 797 607 0 0 13 0 0 0 0 0 0 0 0 0 0 0 0 0 0 0 0 0 0 0 0 0 0 0 0 0 0 0 0 0 0 0 0 0 0 0 0 0 0 0 0 0 0 0 0 0 0 
0 0 0 0 0 0 0 0 0 0 0 0 0 0 0 0 16 2 47 0 0 0 0 0 0 0 0 0 0 0 0 797 0 0 0 0 0 0 0 0 0 0 0 0 0 0 0 0 0 0 0 0 0 0 0 0 0 0 0 0 0 0 0 0 0 0 0 0 0 0 0 0 0 0 0 0 0 0 0 0 0 0 0 
387 54 0 0 3685 401 1024 1 0 2208 0 0 0 0 0 1510 78 1406 8721 0 0 401 159 0 5778 0 0 1233 2016 1838 107 607 0 0 0 0 121 0 0 11 0 0 0 0 0 0 0 0 0 0 0 0 0 0 0 0 0 0 0 26 0 0 0 2 0 2 0 0 0 0 0 0 0 0 0 0 0 0 0 0 0 0 0 
8 0 0 0 83 0 995 4178 0 16168 43 0 2 0 0 93 0 494 0 43 0 0 0 4 0 8 33 0 10 0 0 0 0 0 0 997 70 79 0 488 500 0 0 0 0 0 0 0 3271 0 0 0 0 99 0 0 0 0 0 0 0 0 0 0 0 0 0 0 0 0 0 0 0 0 0 0 0 0 0 0 0 0 98 
1151 8 0 0 178 0 17187 910 0 878 48 0 3 0 0 0 0 0 0 0 0 0 0 0 0 0 0 0 0 0 0 0 0 0 997 0 3 0 0 215 1 0 0 0 0 0 0 0 816 0 0 0 0 8 0 0 0 0 0 0 0 0 0 0 0 0 0 0 0 0 0 0 0 0 0 0 0 0 0 0 0 0 63 
5236 6416 0 0 5649 3 11446 7327 0 10738 0 0 37 0 0 2483 14 3778 5616 0 0 0 1 0 331 0 0 0 423 48 0 13 0 121 70 3 0 1 1 0 7 0 0 0 0 0 0 0 3667 0 0 0 0 80 0 0 0 0 0 0 2 0 0 0 0 2 0 0 0 0 0 0 0 0 0 0 0 0 0 0 1 0 1263 
0 3 0 0 1 0 897 553 0 1110 0 0 1 0 0 223 0 58 1 0 0 0 0 0 0 0 0 0 229 0 0 0 0 0 79 0 1 0 0 0 0 0 0 0 0 0 0 0 243 0 0 0 0 19 0 0 0 0 0 0 0 0 0 0 0 0 0 0 0 0 0 0 0 0 0 0 0 0 0 0 0 0 7925 
1863 0 0 35 0 0 2864 0 0 0 0 10 0 0 0 0 0 0 0 0 0 0 0 0 0 0 0 0 0 0 0 0 0 0 0 0 1 0 0 0 0 0 0 0 0 0 0 0 0 0 0 0 0 0 0 0 0 0 0 0 0 0 0 0 0 0 0 0 0 0 0 0 0 0 0 0 0 0 0 0 0 0 0 
0 0 0 0 0 0 0 0 0 41 3 0 0 0 0 0 0 855 2798 220 4 53 3 26 269 144 78 4 88 0 0 0 0 11 488 215 0 0 0 0 0 0 0 0 0 0 0 0 0 0 0 0 0 0 0 0 0 0 24 98 154 0 0 4 0 122 0 0 0 0 0 0 0 0 0 0 0 6 0 0 613 0 20 
0 0 0 0 0 0 0 0 0 0 0 0 0 0 0 0 0 1184 1877 55 0 0 0 0 17 0 0 151 77 0 0 0 0 0 500 1 7 0 0 0 0 0 0 0 0 0 0 0 0 0 0 0 0 0 0 0 0 0 9 0 136 0 0 0 0 29 0 0 0 0 0 0 0 0 0 0 0 5 0 0 46 0 35 
116 0 0 296 0 0 5 0 0 0 0 92 0 0 0 0 0 0 0 0 0 0 0 0 0 0 0 0 0 0 0 0 0 0 0 0 0 0 0 0 0 0 3344 0 544 367 0 3953 0 0 0 0 270 0 0 0 0 0 0 0 0 0 0 0 0 0 0 0 0 0 0 0 32 0 694 0 672 1699 0 332 0 0 0 
0 0 0 0 0 0 0 0 0 0 0 0 0 0 0 0 0 0 0 0 0 0 0 0 0 0 0 0 0 0 0 0 0 0 0 0 0 0 0 0 0 3344 0 0 0 17 1 0 0 2 0 0 0 0 0 0 0 0 0 0 0 0 0 0 0 0 0 0 0 0 0 0 0 0 362 0 0 2 0 0 0 0 0 
0 0 0 1 0 0 0 0 0 0 0 0 0 0 0 0 0 0 0 0 0 0 0 0 0 0 0 0 0 0 0 0 0 0 0 0 0 0 0 0 0 0 0 0 462 0 0 0 0 0 0 0 121 0 0 0 0 0 0 0 0 0 0 0 0 0 0 0 0 0 0 0 0 0 0 0 0 0 0 0 0 0 0 
513 0 0 288 0 0 17 0 0 0 0 135 0 0 0 0 0 0 0 0 0 0 0 0 0 0 0 0 0 0 0 0 0 0 0 0 0 0 0 0 0 544 0 462 0 0 0 3 569 0 0 0 64 0 0 0 0 0 0 0 0 0 0 0 0 0 0 0 0 0 0 0 0 0 0 0 108 59 0 434 0 9 0 
0 0 0 0 0 0 0 0 0 0 0 0 0 0 0 0 0 0 0 0 0 0 0 0 0 0 0 0 0 0 0 0 0 0 0 0 0 0 0 0 0 367 17 0 0 0 367 374 0 226 135 0 0 0 0 0 0 0 0 6 0 0 0 0 0 0 0 0 0 0 0 0 0 0 902 0 0 160 0 0 0 0 0 
0 0 0 0 0 0 0 0 0 0 0 0 0 0 0 0 0 0 0 0 0 0 0 0 0 0 0 0 0 0 0 0 0 0 0 0 0 0 0 0 0 0 1 0 0 367 0 130 0 535 1842 0 0 0 0 0 396 202 0 521 0 0 0 0 0 0 0 0 0 0 0 0 0 0 129 0 0 118 0 0 0 0 0 
257 0 0 1521 0 0 7376 312 0 0 0 196 135 0 0 0 0 0 0 0 0 0 0 0 0 0 0 0 0 0 0 0 0 0 0 0 0 0 0 0 0 3953 0 0 3 374 130 0 109 2952 4034 0 1903 43 0 0 0 0 0 0 0 0 0 0 0 0 0 0 0 0 0 0 0 0 4332 94 13495 11046 296 291 0 0 1169 
0 0 0 0 0 915 7773 25301 0 2729 2162 177 148 568 0 0 0 0 0 0 0 0 0 0 0 0 0 0 0 0 0 0 0 0 3271 816 3667 243 0 0 0 0 0 0 569 0 0 109 0 928 447 2 1047 7343 2236 0 0 0 0 0 0 0 0 0 0 0 0 0 0 0 0 0 0 0 1 5844 6569 7094 11 0 0 0 1938 
0 0 0 0 0 0 0 0 0 0 0 0 0 0 0 0 0 0 0 0 0 0 0 0 0 0 0 0 0 0 0 0 0 0 0 0 0 0 0 0 0 0 2 0 0 226 535 2952 928 0 693 0 0 0 0 0 0 0 0 0 0 0 0 0 0 0 0 0 0 0 0 0 0 0 4 269 5 1554 2 0 0 0 525 
0 0 0 0 0 0 0 82 0 2841 2026 0 0 2 0 0 0 0 0 0 0 0 0 0 0 0 0 0 0 0 0 0 0 0 0 0 0 0 0 0 0 0 0 0 0 135 1842 4034 447 693 0 29 0 0 25 0 848 570 56 125 1 0 0 0 0 0 0 0 0 130 89 0 29 0 1976 19089 3356 16518 43 0 355 0 4348 
0 0 0 0 0 0 0 146 0 1147 1591 0 0 84 0 1 0 0 0 4 0 0 0 0 0 0 0 0 0 0 0 0 0 0 0 0 0 0 0 0 0 0 0 0 0 0 0 0 2 0 29 0 0 0 765 0 6 0 0 0 49 0 0 0 0 0 0 0 0 0 0 0 0 0 0 0 4 0 0 0 0 0 0 
0 0 0 3 0 0 109 30 0 0 0 0 0 0 0 0 0 0 0 0 0 0 0 0 0 0 0 0 0 0 0 0 0 0 0 0 0 0 0 0 0 270 0 121 64 0 0 1903 1047 0 0 0 0 0 0 0 0 0 0 0 0 0 0 0 0 0 0 0 0 0 0 0 0 0 0 0 0 0 0 0 0 0 0 
0 0 0 0 0 11 94 470 0 0 0 0 0 0 0 0 0 0 0 0 0 0 0 0 0 0 0 0 0 0 0 0 0 0 99 8 80 19 0 0 0 0 0 0 0 0 0 43 7343 0 0 0 0 0 37 0 0 0 0 0 0 0 0 0 0 0 0 0 0 0 0 0 0 0 0 0 0 0 0 0 0 0 4 
0 0 0 0 0 0 0 127 0 149 316 0 0 28 36 2 0 2 0 212 0 0 0 0 0 0 0 0 0 0 0 0 0 0 0 0 0 0 0 0 0 0 0 0 0 0 0 0 2236 0 25 765 0 37 0 1155 0 0 19 0 2580 0 0 0 0 0 0 0 0 0 0 0 0 0 0 0 0 0 0 0 0 0 0 
0 0 0 0 0 0 0 0 0 0 11 0 0 0 46 0 0 50 0 83 0 0 0 0 0 0 0 0 0 0 0 0 0 0 0 0 0 0 0 0 0 0 0 0 0 0 0 0 0 0 0 0 0 0 1155 0 0 0 1996 0 6218 430 0 0 1 0 0 0 0 0 0 0 0 0 0 0 0 0 0 0 0 0 0 
0 0 0 0 0 0 0 0 0 46 91 0 0 0 0 0 0 0 0 0 0 0 0 0 0 0 0 0 0 0 0 0 0 0 0 0 0 0 0 0 0 0 0 0 0 0 396 0 0 0 848 6 0 0 0 0 0 2387 980 63 0 0 0 0 0 0 0 0 0 681 442 14 315 0 263 5 0 1252 0 0 0 0 1 
0 0 0 0 0 0 0 0 0 0 0 0 0 0 0 0 0 0 0 0 0 0 0 0 0 0 0 0 0 0 0 0 0 0 0 0 0 0 0 0 0 0 0 0 0 0 202 0 0 0 570 0 0 0 0 0 2387 0 428 3940 0 0 0 0 0 0 0 0 0 397 1101 1670 129 1 666 0 0 433 0 0 0 0 0 
0 0 0 0 0 0 0 0 0 536 759 0 0 0 399 13 0 2825 915 3836 0 0 0 0 0 0 0 0 2 0 0 0 0 0 0 0 0 0 0 24 9 0 0 0 0 0 0 0 0 0 56 0 0 0 19 1996 980 428 0 1894 190 143 928 923 207 207 0 1 0 0 0 0 0 19 958 5899 5 3844 1017 0 229 215 1135 
0 0 0 0 0 0 0 0 0 0 0 0 0 0 0 0 0 2511 2197 117 0 0 0 0 0 0 0 0 3 0 0 0 0 26 0 0 0 0 0 98 0 0 0 0 0 6 521 0 0 0 125 0 0 0 0 0 63 3940 1894 0 702 70 0 1300 0 4271 0 0 0 6739 1706 16 1819 465 2439 0 0 5026 699 0 2468 65 0 
0 0 0 0 0 0 0 0 0 1345 1833 0 0 1 1238 35 0 6780 1372 8716 0 0 0 0 8 0 0 0 8 0 0 0 0 0 0 0 2 0 0 154 136 0 0 0 0 0 0 0 0 0 1 49 0 0 2580 6218 0 0 190 702 0 242 0 102 7 398 0 0 0 0 0 0 0 0 0 132 0 285 113 0 244 3 0 
0 0 0 0 0 0 0 0 0 0 0 0 0 0 157 0 0 26 0 34 0 0 0 0 0 0 0 0 0 0 0 0 0 0 0 0 0 0 0 0 0 0 0 0 0 0 0 0 0 0 0 0 0 0 0 430 0 0 143 70 242 0 2738 271 512 6 0 0 0 0 0 0 0 0 0 0 0 0 0 0 0 0 0 
0 0 0 0 0 0 0 0 0 0 0 0 0 0 0 0 0 0 0 0 1 0 0 0 0 0 0 0 0 0 0 0 0 0 0 0 0 0 0 0 0 0 0 0 0 0 0 0 0 0 0 0 0 0 0 0 0 0 928 0 0 2738 0 234 1433 733 4 0 0 28 0 0 0 0 0 0 0 0 0 0 0 0 0 
0 0 0 0 0 0 0 0 0 0 0 0 0 0 67 0 0 954 36 295 0 0 0 0 1 0 0 0 0 0 0 0 0 2 0 0 0 0 0 4 0 0 0 0 0 0 0 0 0 0 0 0 0 0 0 0 0 0 923 1300 102 271 234 0 344 3542 0 0 0 3318 111 0 0 0 0 0 0 0 0 0 1345 5 0 
0 0 0 0 0 0 0 0 0 0 0 0 0 0 0 0 0 0 0 0 0 0 0 0 0 0 0 0 0 0 0 0 0 0 0 0 0 0 0 0 0 0 0 0 0 0 0 0 0 0 0 0 0 0 0 1 0 0 207 0 7 512 1433 344 0 3518 8 0 0 1265 0 0 0 0 0 0 0 0 0 0 78 0 0 
0 0 0 0 0 0 0 0 0 0 0 0 0 0 0 0 0 245 18 221 0 0 0 0 4 0 0 0 7 0 0 0 0 2 0 0 2 0 0 122 29 0 0 0 0 0 0 0 0 0 0 0 0 0 0 0 0 0 207 4271 398 6 733 3542 3518 0 177 3 0 396 60 0 1 0 3 5 0 1144 1 0 212 194 0 
0 0 0 0 0 0 0 0 0 0 0 0 0 0 0 0 0 0 0 0 0 0 0 0 0 0 0 0 0 0 0 0 0 0 0 0 0 0 0 0 0 0 0 0 0 0 0 0 0 0 0 0 0 0 0 0 0 0 0 0 0 0 4 0 8 177 0 6 0 0 0 0 0 0 0 0 0 0 0 0 9 0 0 
0 0 0 0 0 0 0 0 0 0 0 0 0 0 0 0 0 0 0 0 0 0 0 0 0 0 0 0 0 0 0 0 0 0 0 0 0 0 0 0 0 0 0 0 0 0 0 0 0 0 0 0 0 0 0 0 0 0 1 0 0 0 0 0 0 3 6 0 0 0 0 0 0 0 0 0 0 18 0 0 118 0 0 
0 0 0 0 0 0 0 0 0 0 0 0 0 0 0 0 0 0 0 0 0 0 0 0 0 0 0 0 0 0 0 0 0 0 0 0 0 0 0 0 0 0 0 0 0 0 0 0 0 0 0 0 0 0 0 0 0 0 0 0 0 0 0 0 0 0 0 0 0 0 0 0 16 0 960 0 0 0 0 0 1 24 0 
0 0 0 0 0 0 0 0 0 0 0 0 0 0 0 0 0 0 0 0 0 0 0 0 0 0 0 0 0 0 0 0 0 0 0 0 0 0 0 0 0 0 0 0 0 0 0 0 0 0 130 0 0 0 0 0 681 397 0 6739 0 0 28 3318 1265 396 0 0 0 0 1520 118 1599 0 1488 0 0 191 0 0 43 14 0 
0 0 0 0 0 0 0 0 0 0 0 0 0 0 0 0 0 0 0 0 0 0 0 0 0 0 0 0 0 0 0 0 0 0 0 0 0 0 0 0 0 0 0 0 0 0 0 0 0 0 89 0 0 0 0 0 442 1101 0 1706 0 0 0 111 0 60 0 0 0 1520 0 619 2780 0 326 0 0 1 0 0 0 0 0 
0 0 0 0 0 0 0 0 0 0 0 0 0 0 0 0 0 0 0 0 0 0 0 0 0 0 0 0 0 0 0 0 0 0 0 0 0 0 0 0 0 0 0 0 0 0 0 0 0 0 0 0 0 0 0 0 14 1670 0 16 0 0 0 0 0 0 0 0 0 118 619 0 330 0 0 0 0 0 0 0 0 0 0 
0 0 0 0 0 0 0 0 0 0 0 0 0 0 0 0 0 0 0 0 0 0 0 0 0 0 0 0 0 0 0 0 0 0 0 0 0 0 0 0 0 32 0 0 0 0 0 0 0 0 29 0 0 0 0 0 315 129 0 1819 0 0 0 0 0 1 0 0 16 1599 2780 330 0 156 815 0 0 0 0 0 0 0 0 
0 0 0 0 0 0 0 0 0 0 0 0 0 0 0 0 0 0 0 0 0 0 0 0 0 0 0 0 0 0 0 0 0 0 0 0 0 0 0 0 0 0 0 0 0 0 0 0 0 0 0 0 0 0 0 0 0 1 19 465 0 0 0 0 0 0 0 0 0 0 0 0 156 0 23 0 0 0 0 0 0 0 0 
0 0 0 0 0 0 0 0 0 0 0 0 0 0 0 0 0 0 0 0 0 0 0 0 0 0 0 0 0 0 0 0 0 0 0 0 0 0 0 0 0 694 362 0 0 902 129 4332 1 4 1976 0 0 0 0 0 263 666 958 2439 0 0 0 0 0 3 0 0 960 1488 326 0 815 23 0 0 0 975 0 0 3 0 0 
0 0 0 0 0 0 0 0 0 0 0 0 0 0 0 0 0 25 0 221 0 0 0 0 0 0 0 0 0 0 0 0 0 0 0 0 0 0 0 0 0 0 0 0 0 0 0 94 5844 269 19089 0 0 0 0 0 5 0 5899 0 132 0 0 0 0 5 0 0 0 0 0 0 0 0 0 0 386 32 156 0 225 333 53 
0 0 0 29 0 0 1 0 0 0 0 0 0 0 0 0 0 0 0 8 0 0 0 0 0 0 0 0 0 0 0 0 0 0 0 0 0 0 0 0 0 672 0 0 108 0 0 13495 6569 5 3356 4 0 0 0 0 0 0 5 0 0 0 0 0 0 0 0 0 0 0 0 0 0 0 0 386 0 31 37 10 0 0 257 
0 0 0 0 0 0 0 0 0 0 0 0 0 0 0 0 0 16 0 13 0 0 0 0 1 0 0 0 0 0 0 0 0 0 0 0 0 0 0 6 5 1699 2 0 59 160 118 11046 7094 1554 16518 0 0 0 0 0 1252 433 3844 5026 285 0 0 0 0 1144 0 18 0 191 1 0 0 0 975 32 31 0 0 21 108 3 6883 
0 0 0 0 0 0 0 0 0 0 0 0 0 0 0 0 0 1 0 1 0 0 0 0 0 0 0 0 0 0 0 0 0 0 0 0 0 0 0 0 0 0 0 0 0 0 0 296 11 2 43 0 0 0 0 0 0 0 1017 699 113 0 0 0 0 1 0 0 0 0 0 0 0 0 0 156 37 0 0 0 0 0 2184 
132 0 0 339 0 0 13 0 0 0 0 11 0 0 0 0 0 0 0 0 0 0 0 0 0 0 0 0 0 0 0 0 0 0 0 0 0 0 0 0 0 332 0 0 434 0 0 291 0 0 0 0 0 0 0 0 0 0 0 0 0 0 0 0 0 0 0 0 0 0 0 0 0 0 0 0 10 21 0 0 0 3 0 
0 0 0 0 0 0 0 0 0 0 0 0 0 0 1 0 0 556 18 200 0 0 0 0 16 0 0 0 15 0 0 0 0 0 0 0 1 0 0 613 46 0 0 0 0 0 0 0 0 0 355 0 0 0 0 0 0 0 229 2468 244 0 0 1345 78 212 9 118 1 43 0 0 0 0 3 225 0 108 0 0 0 41 0 
0 0 0 0 0 0 0 0 0 0 0 0 0 0 0 0 0 1 0 2 0 0 0 0 0 0 0 0 0 0 0 0 0 0 0 0 0 0 0 0 0 0 0 0 9 0 0 0 0 0 0 0 0 0 0 0 0 0 215 65 3 0 0 5 0 194 0 0 24 14 0 0 0 0 0 333 0 3 0 3 41 0 0 
44 0 0 0 0 0 1 2145 0 6404 0 0 0 0 0 758 0 3659 1 437 0 0 0 0 0 0 0 0 13 0 0 0 0 0 98 63 1263 7925 0 20 35 0 0 0 0 0 0 1169 1938 525 4348 0 0 4 0 0 1 0 1135 0 0 0 0 0 0 0 0 0 0 0 0 0 0 0 0 53 257 6883 2184 0 0 0 0 
