0 1118 0 828 180 9 7 4 0 9 0 902 0 0 0 0 0 0 274 0 0 0 1 0 8 0 0 247 94 1037 0 144 0 3839 0 3743 5528 23 29 0 0 3938 0 0 0 0 0 708 2 0 0 0 11 0 0 0 0 0 0 0 0 0 0 0 0 0 0 0 0 0 0 0 0 0 0 0 0 0 0 0 0 0 0 
1118 0 0 0 260 8 0 2 0 0 0 0 0 0 0 0 0 0 0 0 0 0 0 0 0 0 0 0 0 0 0 0 0 708 80 2930 7164 144 0 0 0 0 0 0 0 0 0 0 1 0 0 0 0 0 0 0 0 0 0 0 0 0 0 0 0 0 0 0 0 0 0 0 0 0 0 0 0 0 0 0 0 0 151 
0 0 0 743 0 0 0 0 0 0 0 1726 0 0 0 0 0 0 0 0 0 0 0 0 0 0 0 0 0 0 0 0 0 0 0 0 0 0 0 0 0 129 0 0 0 0 0 587 0 0 0 0 0 0 0 0 0 0 0 0 0 0 0 0 0 0 0 0 0 0 0 0 0 0 0 0 0 0 0 0 0 0 0 
828 0 743 0 0 0 108 1636 0 0 0 418 0 0 0 0 0 0 0 0 0 0 0 0 0 0 0 4 0 19 0 7 0 56 2 0 52 0 1 0 0 157 0 0 0 0 0 8 0 0 0 0 0 0 0 0 0 0 0 0 0 0 0 0 0 0 0 0 0 0 0 0 0 0 0 0 0 0 0 0 0 0 306 
180 260 0 0 0 575 21 1488 49 35 0 0 0 0 0 0 0 12 79 0 0 0 0 0 0 0 0 0 21 1 0 0 0 1109 1429 2635 6088 314 0 0 0 0 0 0 0 0 0 274 2266 0 0 0 0 2 0 0 0 0 0 0 0 0 0 0 0 0 0 0 0 0 0 0 0 0 0 0 0 0 0 0 0 0 421 
9 8 0 0 575 0 2 11997 1081 4661 0 0 0 0 0 8 0 215 1025 0 0 0 0 0 0 0 0 0 914 123 0 0 0 1338 1 0 1700 10 0 0 0 0 0 0 0 0 0 1 1009 0 0 0 0 0 0 0 0 0 0 0 0 0 0 0 0 0 0 0 0 0 0 0 0 0 0 0 0 0 0 0 0 0 0 
7 0 0 108 21 2 0 11359 332 0 0 1502 4 0 0 0 0 0 0 0 0 0 0 0 0 0 0 0 0 0 0 0 0 37 284 22476 2696 338 0 0 0 2891 0 0 0 0 0 16735 2174 0 0 0 0 68 3 0 0 0 0 0 0 0 0 0 0 0 0 0 0 0 0 0 0 0 0 0 0 0 0 0 0 0 230 
4 2 0 1636 1488 11997 11359 0 5666 3057 783 1935 12809 4534 0 0 0 5 25 2928 0 0 0 0 0 0 0 0 6 2 0 0 0 212 1044 725 8186 523 0 0 0 0 0 0 0 0 0 13743 46874 0 107 298 0 986 465 0 0 0 0 0 0 0 0 0 0 0 0 0 0 0 0 0 0 0 0 0 0 0 0 0 0 0 5293 
0 0 0 0 49 1081 332 5666 0 906 0 0 0 0 0 0 0 0 0 0 0 0 0 0 0 0 0 0 0 0 0 0 0 0 0 0 0 0 0 0 0 0 0 0 0 0 0 0 0 0 0 0 0 0 0 0 0 0 0 0 0 0 0 0 0 0 0 0 0 0 0 0 0 0 0 0 0 0 0 0 0 0 0 
9 0 0 0 35 4661 0 3057 906 0 8 0 0 53 0 2553 109 5104 6305 0 0 0 0 0 0 0 0 0 2004 2306 282 0 0 4536 18865 4094 17211 1557 0 0 0 0 0 0 0 0 0 1 1223 0 7374 3579 0 0 452 0 2857 0 877 0 1275 0 0 0 0 0 0 0 0 0 0 0 0 0 0 0 0 0 0 0 0 0 9782 
0 0 0 0 0 0 0 783 0 8 0 0 1 3603 0 8 0 0 0 158 0 0 0 0 0 0 0 0 0 0 0 0 0 0 1 122 0 0 0 0 0 0 0 0 0 0 0 0 779 0 5181 1632 0 0 983 0 1219 0 163 0 1709 0 0 0 0 0 0 0 0 0 0 0 0 0 0 0 0 0 0 0 0 0 0 
902 0 1726 418 0 0 1502 1935 0 0 0 0 36 0 0 0 0 0 0 0 0 0 0 0 0 0 0 0 0 18 0 3 0 28 0 0 56 0 0 0 0 1124 0 0 1 0 0 538 32 0 0 0 5 0 0 0 0 0 0 0 0 0 0 0 0 0 0 0 0 0 0 0 0 0 0 0 0 0 0 0 0 0 0 
0 0 0 0 0 0 4 12809 0 0 1 36 0 376 0 0 0 0 0 302 0 0 0 0 0 0 0 0 0 0 0 0 0 0 0 0 0 0 0 0 0 0 0 0 0 0 0 519 69 0 0 0 0 0 0 0 0 0 0 0 0 0 0 0 0 0 0 0 0 0 0 0 0 0 0 0 0 0 0 0 0 0 0 
0 0 0 0 0 0 0 4534 0 53 3603 0 376 0 916 1 0 1 0 6599 0 0 0 1 0 0 0 0 0 0 0 0 0 0 0 0 0 0 0 0 0 0 0 0 0 0 0 0 5 0 3 54 0 0 36 0 0 0 0 0 0 0 0 0 0 0 0 0 0 0 0 0 0 0 0 0 0 0 0 0 0 0 0 
0 0 0 0 0 0 0 0 0 0 0 0 0 916 0 0 0 3242 0 5027 964 0 139 1 0 0 0 0 0 0 0 0 0 0 0 0 0 0 0 0 0 0 0 0 0 0 0 0 0 0 0 0 0 0 0 238 0 0 350 0 502 88 0 0 0 0 0 0 0 0 0 0 0 0 0 0 0 0 0 0 0 0 0 
0 0 0 0 0 8 0 0 0 2553 8 0 0 1 0 0 3040 3118 3250 0 0 0 0 0 0 0 0 0 85 593 288 0 0 3340 2874 176 2965 0 0 0 0 0 0 0 0 0 0 0 0 0 201 96 0 0 174 0 146 0 75 0 6029 0 0 0 0 0 0 0 0 0 0 0 0 0 0 0 0 0 0 0 0 0 306 
0 0 0 0 0 0 0 0 0 109 0 0 0 0 0 3040 0 1626 10343 0 0 0 0 0 0 0 0 0 43 1902 1954 829 25 1477 0 0 20 0 0 0 0 0 0 0 0 0 0 0 0 0 0 0 0 0 0 0 0 0 0 0 0 0 0 0 0 0 0 0 0 0 0 0 0 0 0 0 0 0 0 0 0 0 0 
0 0 0 0 12 215 0 5 0 5104 0 0 0 1 3242 3118 1626 0 5264 2697 379 128 351 41 4650 306 0 0 12123 10962 37 2068 101 1983 1855 9 4205 6 0 3474 1916 0 0 0 0 0 0 1 5 0 0 0 0 0 60 80 0 0 13189 0 14586 140 0 1 0 0 0 0 0 106 0 0 0 0 0 0 0 0 0 0 0 0 710 
274 0 0 0 79 1025 0 25 0 6305 0 0 0 0 0 3250 10343 5264 0 93 0 0 1725 0 3940 0 0 0 5800 7535 3648 8309 804 4758 0 0 5174 63 0 2477 594 0 0 0 0 0 0 3 81 0 0 0 0 0 0 0 0 0 2 0 0 0 0 0 0 0 0 0 0 0 0 0 0 0 0 0 0 0 0 0 0 0 17 
0 0 0 0 0 0 0 2928 0 0 158 0 302 6599 5027 0 0 2697 93 0 2463 3 1649 779 19 328 0 0 1509 1486 0 185 0 13 0 0 3 0 0 833 267 0 0 0 0 0 0 0 0 0 0 17 0 0 1214 6102 1 0 2538 0 22952 208 0 0 0 0 1 0 0 17 0 0 0 0 0 0 0 0 0 0 0 0 0 
0 0 0 0 0 0 0 0 0 0 0 0 0 0 964 0 0 379 0 2463 0 159 14 3513 359 124 0 0 0 0 0 0 0 0 211 0 0 0 0 32 0 0 0 0 0 0 0 0 0 0 0 0 0 0 0 0 0 0 427 0 200 126 3 34 0 0 0 0 0 1 0 0 0 0 0 0 0 0 0 0 0 0 0 
0 0 0 0 0 0 0 0 0 0 0 0 0 0 0 0 0 128 0 3 159 0 0 842 2355 32 0 0 0 0 0 0 0 0 17 0 0 0 0 0 0 0 0 0 0 0 0 0 0 0 0 0 0 0 0 2 0 0 5 0 2 2 0 0 0 0 0 0 0 0 0 0 0 0 0 0 0 0 0 0 0 0 0 
1 0 0 0 0 0 0 0 0 0 0 0 0 0 139 0 0 351 1725 1649 14 0 0 343 12869 74 0 0 6635 5842 419 39 0 27 8 0 0 0 0 74 0 0 0 0 0 0 0 0 0 0 0 0 0 0 0 0 0 0 117 0 22 17 0 17 0 0 0 0 0 0 0 0 0 0 0 0 0 0 0 0 0 0 0 
0 0 0 0 0 0 0 0 0 0 0 0 0 1 1 0 0 41 0 779 3513 842 343 0 2048 103 0 0 0 0 0 0 0 0 83 0 0 0 0 0 0 0 0 0 0 0 0 0 0 0 0 0 0 0 0 0 0 0 0 0 17 67 0 0 0 0 0 0 0 0 0 0 0 0 0 0 0 0 0 0 0 0 0 
8 0 0 0 0 0 0 0 0 0 0 0 0 0 0 0 0 4650 3940 19 359 2355 12869 2048 0 324 0 0 2029 2098 5 540 0 81 21 2 253 1 0 525 20 0 0 0 0 0 0 0 0 0 0 0 0 0 0 0 0 0 0 0 0 0 0 0 0 0 0 0 0 0 0 0 0 0 0 0 0 0 0 0 0 0 0 
0 0 0 0 0 0 0 0 0 0 0 0 0 0 0 0 0 306 0 328 124 32 74 103 324 0 162 0 27 0 0 0 0 0 254 0 0 0 0 887 0 0 0 0 0 0 0 0 0 0 0 0 0 0 0 0 0 0 0 0 0 0 0 0 0 0 0 0 0 0 0 0 0 0 0 0 0 0 0 0 0 0 0 
0 0 0 0 0 0 0 0 0 0 0 0 0 0 0 0 0 0 0 0 0 0 0 0 0 162 0 0 0 0 0 0 0 161 4 6 10 1 0 288 15 0 0 0 0 0 0 0 0 0 0 0 0 0 0 0 0 0 0 0 0 0 0 0 0 0 0 0 0 0 0 0 0 0 0 0 0 0 0 0 0 0 0 
247 0 0 4 0 0 0 0 0 0 0 0 0 0 0 0 0 0 0 0 0 0 0 0 0 0 0 0 0 0 0 0 0 1280 48 66 207 63 3 0 9 2 0 0 0 0 0 0 0 0 0 0 0 0 0 0 0 0 0 0 0 0 0 0 0 0 0 0 0 0 0 0 0 0 0 0 0 0 0 0 0 0 1 
94 0 0 0 21 914 0 6 0 2004 0 0 0 0 0 85 43 12123 5800 1509 0 0 6635 0 2029 27 0 0 0 709 65 0 0 3599 658 111 2102 797 9 527 0 0 0 0 0 0 0 2 33 0 0 0 0 0 0 0 0 0 2 0 77 1 0 0 0 0 0 0 0 26 0 0 0 0 0 0 0 0 0 0 0 0 80 
1037 0 0 19 1 123 0 2 0 2306 0 18 0 0 0 593 1902 10962 7535 1486 0 0 5842 0 2098 0 0 0 709 0 856 497 0 2712 20 13 1176 174 2 34 0 20 0 0 0 0 0 1 8 0 0 0 0 0 0 0 0 0 339 0 1116 1 0 0 0 0 0 0 0 539 0 0 0 0 0 0 0 0 0 0 0 0 9 
0 0 0 0 0 0 0 0 0 282 0 0 0 0 0 288 1954 37 3648 0 0 0 419 0 5 0 0 0 65 856 0 941 0 302 0 0 3 0 0 0 0 0 0 0 0 0 0 0 0 0 0 0 0 0 0 0 0 0 0 0 0 0 0 0 0 0 0 0 0 0 0 0 0 0 0 0 0 0 0 0 0 0 0 
144 0 0 7 0 0 0 0 0 0 0 3 0 0 0 0 829 2068 8309 185 0 0 39 0 540 0 0 0 0 497 941 0 409 3158 0 0 3 0 0 0 0 8 0 0 0 0 0 0 0 0 0 0 0 0 0 0 0 0 0 0 0 0 0 0 0 0 0 0 0 0 0 0 0 0 0 0 0 0 0 0 0 0 0 
0 0 0 0 0 0 0 0 0 0 0 0 0 0 0 0 25 101 804 0 0 0 0 0 0 0 0 0 0 0 0 409 0 106 0 0 0 0 0 0 0 0 0 0 0 0 0 0 0 0 0 0 0 0 0 0 0 0 0 0 0 0 0 0 0 0 0 0 0 0 0 0 0 0 0 0 0 0 0 0 0 0 0 
3839 708 0 56 1109 1338 37 212 0 4536 0 28 0 0 0 3340 1477 1983 4758 13 0 0 27 0 81 0 161 1280 3599 2712 302 3158 106 0 216 128 101 0 8 0 0 101 0 0 0 0 0 51 405 0 0 0 1 0 0 0 0 0 0 0 0 0 0 0 0 0 0 0 0 0 0 0 0 0 0 0 2 0 0 0 0 0 160 
0 80 0 2 1429 1 284 1044 0 18865 1 0 0 0 0 2874 0 1855 0 0 211 17 8 83 21 254 4 48 658 20 0 0 0 216 0 2715 240 33 9 806 349 0 0 0 0 0 0 10 1771 0 28 18 0 0 0 0 1 0 27 0 496 0 0 0 0 0 0 0 0 0 0 0 0 0 0 0 0 0 0 0 0 0 95 
3743 2930 0 0 2635 0 22476 725 0 4094 122 0 0 0 0 176 0 9 0 0 0 0 0 0 2 0 6 66 111 13 0 0 0 128 2715 0 1123 55 2 75 0 0 0 0 0 0 0 278 208 0 25 1 0 0 0 0 210 0 55 0 36 0 0 0 0 0 0 0 0 0 0 0 0 0 0 0 0 0 0 0 0 0 475 
5528 7164 0 52 6088 1700 2696 8186 0 17211 0 56 0 0 0 2965 20 4205 5174 3 0 0 0 0 253 0 10 207 2102 1176 3 3 0 101 240 1123 0 6 163 1 1 102 0 0 1 0 0 583 5796 0 0 0 3 0 0 0 0 0 0 0 0 0 0 0 0 0 0 0 0 0 0 0 0 0 0 3 111 1 0 0 0 0 1009 
23 144 0 0 314 10 338 523 0 1557 0 0 0 0 0 0 0 6 63 0 0 0 0 0 1 0 1 63 797 174 0 0 0 0 33 55 6 0 1 0 0 0 0 0 0 0 0 0 1 0 0 0 0 0 0 0 0 0 0 0 0 0 0 0 0 0 0 0 0 0 0 0 0 0 0 0 0 0 0 0 0 0 12129 
29 0 0 1 0 0 0 0 0 0 0 0 0 0 0 0 0 0 0 0 0 0 0 0 0 0 0 3 9 2 0 0 0 8 9 2 163 1 0 0 0 0 0 0 0 0 0 0 0 0 0 0 0 0 0 0 0 0 0 0 0 0 0 0 0 0 0 0 0 0 0 0 0 0 0 0 0 0 0 0 0 0 319 
0 0 0 0 0 0 0 0 0 0 0 0 0 0 0 0 0 3474 2477 833 32 0 74 0 525 887 288 0 527 34 0 0 0 0 806 75 1 0 0 0 0 0 0 0 0 0 0 0 0 0 0 0 0 0 0 0 0 0 3 0 583 0 0 0 0 0 0 0 0 0 0 0 0 0 0 0 0 0 0 0 0 0 0 
0 0 0 0 0 0 0 0 0 0 0 0 0 0 0 0 0 1916 594 267 0 0 0 0 20 0 15 9 0 0 0 0 0 0 349 0 1 0 0 0 0 0 0 0 0 0 0 0 0 0 0 0 0 0 0 0 0 0 0 0 0 0 0 0 0 0 0 0 0 0 0 0 0 0 0 0 0 0 0 0 0 0 0 
3938 0 129 157 0 0 2891 0 0 0 0 1124 0 0 0 0 0 0 0 0 0 0 0 0 0 0 0 2 0 20 0 8 0 101 0 0 102 0 0 0 0 0 882 0 574 249 0 7 0 0 0 0 2902 0 0 0 0 0 0 0 0 0 0 0 0 0 0 0 0 0 0 0 0 0 741 7 4562 6276 36 755 0 0 0 
0 0 0 0 0 0 0 0 0 0 0 0 0 0 0 0 0 0 0 0 0 0 0 0 0 0 0 0 0 0 0 0 0 0 0 0 0 0 0 0 0 882 0 0 0 92 0 178 0 0 0 0 0 0 0 0 0 0 0 0 0 0 0 0 0 0 0 0 0 0 0 0 0 0 10 155 7931 1683 285 0 0 0 1 
0 0 0 0 0 0 0 0 0 0 0 0 0 0 0 0 0 0 0 0 0 0 0 0 0 0 0 0 0 0 0 0 0 0 0 0 0 0 0 0 0 0 0 0 39 0 0 0 0 0 0 0 540 21 0 0 0 0 0 0 0 0 0 0 0 0 0 0 0 0 0 0 0 0 0 0 0 0 0 0 0 0 0 
0 0 0 0 0 0 0 0 0 0 0 1 0 0 0 0 0 0 0 0 0 0 0 0 0 0 0 0 0 0 0 0 0 0 0 0 1 0 0 0 0 574 0 39 0 0 0 17 0 0 0 0 257 0 0 0 0 0 0 0 0 0 0 0 0 20 0 0 0 203 0 0 0 0 2 5 0 3 0 0 0 0 0 
0 0 0 0 0 0 0 0 0 0 0 0 0 0 0 0 0 0 0 0 0 0 0 0 0 0 0 0 0 0 0 0 0 0 0 0 0 0 0 0 0 249 92 0 0 0 19 645 0 0 0 0 0 0 0 0 0 0 0 0 0 0 0 0 0 0 0 0 0 0 0 0 0 0 382 58 2176 4430 382 0 0 0 0 
0 0 0 0 0 0 0 0 0 0 0 0 0 0 0 0 0 0 0 0 0 0 0 0 0 0 0 0 0 0 0 0 0 0 0 0 0 0 0 0 0 0 0 0 0 19 0 93 7234 770 5037 0 0 0 0 0 1156 95 225 769 0 0 0 0 0 0 0 0 0 0 0 0 0 0 433 122 2465 6958 6 0 0 0 0 
708 0 587 8 274 1 16735 13743 0 1 0 538 519 0 0 0 0 1 3 0 0 0 0 0 0 0 0 0 2 1 0 0 0 51 10 278 583 0 0 0 0 7 178 0 17 645 93 0 2587 1300 0 0 6749 684 0 0 0 0 0 0 0 0 0 0 0 0 0 0 0 0 0 0 0 0 0 105 20733 255 107 0 0 0 0 
2 1 0 0 2266 1009 2174 46874 0 1223 779 32 69 5 0 0 0 5 81 0 0 0 0 0 0 0 0 0 33 8 0 0 0 405 1771 208 5796 1 0 0 0 0 0 0 0 0 7234 2587 0 5434 1886 1200 4814 7420 3943 520 0 0 0 0 348 0 0 0 0 0 0 0 0 0 0 0 0 0 27 10784 4459 14981 0 0 0 0 64 
0 0 0 0 0 0 0 0 0 0 0 0 0 0 0 0 0 0 0 0 0 0 0 0 0 0 0 0 0 0 0 0 0 0 0 0 0 0 0 0 0 0 0 0 0 0 770 1300 5434 0 3084 0 0 0 0 0 0 0 0 0 0 0 0 0 0 0 0 0 0 0 0 0 0 0 66 0 0 401 0 0 0 0 0 
0 0 0 0 0 0 0 107 0 7374 5181 0 0 3 0 201 0 0 0 0 0 0 0 0 0 0 0 0 0 0 0 0 0 0 28 25 0 0 0 0 0 0 0 0 0 0 5037 0 1886 3084 0 84 0 0 154 0 2572 2604 829 2893 0 0 0 0 0 0 0 0 0 1270 1324 24 0 0 508 20951 9681 9068 0 0 0 0 18 
0 0 0 0 0 0 0 298 0 3579 1632 0 0 54 0 96 0 0 0 17 0 0 0 0 0 0 0 0 0 0 0 0 0 0 18 1 0 0 0 0 0 0 0 0 0 0 0 0 1200 0 84 0 0 27 455 34 795 0 0 0 22 0 0 0 0 0 0 0 0 0 0 0 0 0 0 0 22 0 0 0 0 0 0 
11 0 0 0 0 0 0 0 0 0 0 5 0 0 0 0 0 0 0 0 0 0 0 0 0 0 0 0 0 0 0 0 0 1 0 0 3 0 0 0 0 2902 0 540 257 0 0 6749 4814 0 0 0 0 288 9 0 0 0 0 0 0 0 0 0 0 0 0 0 0 0 0 0 0 0 0 0 0 0 0 0 0 0 0 
0 0 0 0 2 0 68 986 0 0 0 0 0 0 0 0 0 0 0 0 0 0 0 0 0 0 0 0 0 0 0 0 0 0 0 0 0 0 0 0 0 0 0 21 0 0 0 684 7420 0 0 27 288 0 2261 3 0 0 0 0 7 0 0 0 0 0 0 0 0 0 0 0 0 0 0 0 0 0 0 0 0 0 0 
0 0 0 0 0 0 3 465 0 452 983 0 0 36 0 174 0 60 0 1214 0 0 0 0 0 0 0 0 0 0 0 0 0 0 0 0 0 0 0 0 0 0 0 0 0 0 0 0 3943 0 154 455 9 2261 0 2017 247 0 0 0 3185 0 0 0 0 0 0 0 0 0 0 0 0 0 0 0 0 0 0 0 0 0 0 
0 0 0 0 0 0 0 0 0 0 0 0 0 0 238 0 0 80 0 6102 0 2 0 0 0 0 0 0 0 0 0 0 0 0 0 0 0 0 0 0 0 0 0 0 0 0 0 0 520 0 0 34 0 3 2017 0 0 0 1959 0 8654 945 0 2 0 0 0 0 0 0 0 0 0 0 0 0 0 0 0 0 0 0 0 
0 0 0 0 0 0 0 0 0 2857 1219 0 0 0 0 146 0 0 0 1 0 0 0 0 0 0 0 0 0 0 0 0 0 0 1 210 0 0 0 0 0 0 0 0 0 0 1156 0 0 0 2572 795 0 0 247 0 0 7113 1665 3441 0 0 0 0 0 0 0 0 0 231 1927 32 0 0 426 6169 2288 9111 0 0 0 0 287 
0 0 0 0 0 0 0 0 0 0 0 0 0 0 0 0 0 0 0 0 0 0 0 0 0 0 0 0 0 0 0 0 0 0 0 0 0 0 0 0 0 0 0 0 0 0 95 0 0 0 2604 0 0 0 0 0 7113 0 1974 691 0 0 0 0 0 0 0 0 0 1503 7554 2561 878 3 40 0 0 415 0 0 0 0 0 
0 0 0 0 0 0 0 0 0 877 163 0 0 0 350 75 0 13189 2 2538 427 5 117 0 0 0 0 0 2 339 0 0 0 0 27 55 0 0 0 3 0 0 0 0 0 0 225 0 0 0 829 0 0 0 0 1959 1665 1974 0 2702 1212 382 158 3559 7 1740 143 0 0 10310 604 0 76 0 5 5793 564 2514 33 0 2475 46 453 
0 0 0 0 0 0 0 0 0 0 0 0 0 0 0 0 0 0 0 0 0 0 0 0 0 0 0 0 0 0 0 0 0 0 0 0 0 0 0 0 0 0 0 0 0 0 769 0 0 0 2893 0 0 0 0 0 3441 691 2702 0 502 1120 0 5052 0 2342 0 0 34 11022 17166 376 7092 674 459 1433 0 9377 797 0 2580 594 251 
0 0 0 0 0 0 0 0 0 1275 1709 0 0 0 502 6029 0 14586 0 22952 200 2 22 17 0 0 0 0 77 1116 0 0 0 0 496 36 0 0 0 583 0 0 0 0 0 0 0 0 348 0 0 22 0 7 3185 8654 0 0 1212 502 0 902 41 651 37 1018 1203 0 6 2598 1442 0 547 0 0 3963 1465 512 16 0 809 19 264 
0 0 0 0 0 0 0 0 0 0 0 0 0 0 88 0 0 140 0 208 126 2 17 67 0 0 0 0 1 1 0 0 0 0 0 0 0 0 0 0 0 0 0 0 0 0 0 0 0 0 0 0 0 0 0 945 0 0 382 1120 902 0 625 522 4247 1961 348 0 0 6643 1406 0 204 0 0 1 0 1 0 0 627 0 0 
0 0 0 0 0 0 0 0 0 0 0 0 0 0 0 0 0 0 0 0 3 0 0 0 0 0 0 0 0 0 0 0 0 0 0 0 0 0 0 0 0 0 0 0 0 0 0 0 0 0 0 0 0 0 0 0 0 0 158 0 41 625 0 59 322 3896 84 0 0 1210 0 0 0 0 0 0 0 0 0 0 1 0 0 
0 0 0 0 0 0 0 0 0 0 0 0 0 0 0 0 0 1 0 0 34 0 17 0 0 0 0 0 0 0 0 0 0 0 0 0 0 0 0 0 0 0 0 0 0 0 0 0 0 0 0 0 0 0 0 2 0 0 3559 5052 651 522 59 0 0 8416 32 0 0 7890 80 0 0 0 0 2 0 0 0 0 94 0 0 
0 0 0 0 0 0 0 0 0 0 0 0 0 0 0 0 0 0 0 0 0 0 0 0 0 0 0 0 0 0 0 0 0 0 0 0 0 0 0 0 0 0 0 0 0 0 0 0 0 0 0 0 0 0 0 0 0 0 7 0 37 4247 322 0 0 2183 50 0 0 0 0 0 0 0 0 27 0 0 0 0 9 0 0 
0 0 0 0 0 0 0 0 0 0 0 0 0 0 0 0 0 0 0 0 0 0 0 0 0 0 0 0 0 0 0 0 0 0 0 0 0 0 0 0 0 0 0 0 20 0 0 0 0 0 0 0 0 0 0 0 0 0 1740 2342 1018 1961 3896 8416 2183 0 62 1 0 2349 0 0 0 0 42 10 0 136 3 0 563 153 0 
0 0 0 0 0 0 0 0 0 0 0 0 0 0 0 0 0 0 0 1 0 0 0 0 0 0 0 0 0 0 0 0 0 0 0 0 0 0 0 0 0 0 0 0 0 0 0 0 0 0 0 0 0 0 0 0 0 0 143 0 1203 348 84 32 50 62 0 24 0 0 0 0 0 0 0 18 0 0 0 0 47 0 0 
0 0 0 0 0 0 0 0 0 0 0 0 0 0 0 0 0 0 0 0 0 0 0 0 0 0 0 0 0 0 0 0 0 0 0 0 0 0 0 0 0 0 0 0 0 0 0 0 0 0 0 0 0 0 0 0 0 0 0 0 0 0 0 0 0 1 24 0 0 0 0 0 0 0 2 0 0 0 0 0 263 2 0 
0 0 0 0 0 0 0 0 0 0 0 0 0 0 0 0 0 0 0 0 0 0 0 0 0 0 0 0 0 0 0 0 0 0 0 0 0 0 0 0 0 0 0 0 0 0 0 0 0 0 0 0 0 0 0 0 0 0 0 34 6 0 0 0 0 0 0 0 0 1 11 0 25 0 1199 3 0 23 7 0 0 376 0 
0 0 0 0 0 0 0 0 0 0 0 0 0 0 0 0 0 106 0 17 1 0 0 0 0 0 0 0 26 539 0 0 0 0 0 0 0 0 0 0 0 0 0 0 203 0 0 0 0 0 1270 0 0 0 0 0 231 1503 10310 11022 2598 6643 1210 7890 0 2349 0 0 1 0 695 11 224 28 153 774 0 1096 64 0 1573 13 0 
0 0 0 0 0 0 0 0 0 0 0 0 0 0 0 0 0 0 0 0 0 0 0 0 0 0 0 0 0 0 0 0 0 0 0 0 0 0 0 0 0 0 0 0 0 0 0 0 0 0 1324 0 0 0 0 0 1927 7554 604 17166 1442 1406 0 80 0 0 0 0 11 695 0 1122 1801 52 694 0 0 264 0 0 0 0 0 
0 0 0 0 0 0 0 0 0 0 0 0 0 0 0 0 0 0 0 0 0 0 0 0 0 0 0 0 0 0 0 0 0 0 0 0 0 0 0 0 0 0 0 0 0 0 0 0 0 0 24 0 0 0 0 0 32 2561 0 376 0 0 0 0 0 0 0 0 0 11 1122 0 571 4 4 0 0 0 0 0 0 0 0 
0 0 0 0 0 0 0 0 0 0 0 0 0 0 0 0 0 0 0 0 0 0 0 0 0 0 0 0 0 0 0 0 0 0 0 0 0 0 0 0 0 0 0 0 0 0 0 0 0 0 0 0 0 0 0 0 0 878 76 7092 547 204 0 0 0 0 0 0 25 224 1801 571 0 150 195 0 0 3 0 0 0 0 0 
0 0 0 0 0 0 0 0 0 0 0 0 0 0 0 0 0 0 0 0 0 0 0 0 0 0 0 0 0 0 0 0 0 0 0 0 0 0 0 0 0 0 0 0 0 0 0 0 0 0 0 0 0 0 0 0 0 3 0 674 0 0 0 0 0 0 0 0 0 28 52 4 150 0 32 0 0 0 0 0 0 0 0 
0 0 0 0 0 0 0 0 0 0 0 0 0 0 0 0 0 0 0 0 0 0 0 0 0 0 0 0 0 0 0 0 0 0 0 0 0 0 0 0 0 741 10 0 2 382 433 0 27 66 508 0 0 0 0 0 426 40 5 459 0 0 0 0 0 42 0 2 1199 153 694 4 195 32 0 12 0 572 0 0 0 0 0 
0 0 0 0 0 0 0 0 0 0 0 0 0 0 0 0 0 0 0 0 0 0 0 0 0 0 0 0 0 0 0 0 0 0 0 0 3 0 0 0 0 7 155 0 5 58 122 105 10784 0 20951 0 0 0 0 0 6169 0 5793 1433 3963 1 0 2 27 10 18 0 3 774 0 0 0 0 12 0 756 185 294 0 645 137 114 
0 0 0 0 0 0 0 0 0 0 0 0 0 0 0 0 0 0 0 0 0 0 0 0 0 0 0 0 0 0 0 0 0 2 0 0 111 0 0 0 0 4562 7931 0 0 2176 2465 20733 4459 0 9681 22 0 0 0 0 2288 0 564 0 1465 0 0 0 0 0 0 0 0 0 0 0 0 0 0 756 0 49 41 0 0 0 73 
0 0 0 0 0 0 0 0 0 0 0 0 0 0 0 0 0 0 0 0 0 0 0 0 0 0 0 0 0 0 0 0 0 0 0 0 1 0 0 0 0 6276 1683 0 3 4430 6958 255 14981 401 9068 0 0 0 0 0 9111 415 2514 9377 512 1 0 0 0 136 0 0 23 1096 264 0 3 0 572 185 49 0 41 0 21 39 3255 
0 0 0 0 0 0 0 0 0 0 0 0 0 0 0 0 0 0 0 0 0 0 0 0 0 0 0 0 0 0 0 0 0 0 0 0 0 0 0 0 0 36 285 0 0 382 6 107 0 0 0 0 0 0 0 0 0 0 33 797 16 0 0 0 0 3 0 0 7 64 0 0 0 0 0 294 41 41 0 0 1 0 8158 
0 0 0 0 0 0 0 0 0 0 0 0 0 0 0 0 0 0 0 0 0 0 0 0 0 0 0 0 0 0 0 0 0 0 0 0 0 0 0 0 0 755 0 0 0 0 0 0 0 0 0 0 0 0 0 0 0 0 0 0 0 0 0 0 0 0 0 0 0 0 0 0 0 0 0 0 0 0 0 0 0 0 0 
0 0 0 0 0 0 0 0 0 0 0 0 0 0 0 0 0 0 0 0 0 0 0 0 0 0 0 0 0 0 0 0 0 0 0 0 0 0 0 0 0 0 0 0 0 0 0 0 0 0 0 0 0 0 0 0 0 0 2475 2580 809 627 1 94 9 563 47 263 0 1573 0 0 0 0 0 645 0 21 1 0 0 0 0 
0 0 0 0 0 0 0 0 0 0 0 0 0 0 0 0 0 0 0 0 0 0 0 0 0 0 0 0 0 0 0 0 0 0 0 0 0 0 0 0 0 0 0 0 0 0 0 0 0 0 0 0 0 0 0 0 0 0 46 594 19 0 0 0 0 153 0 2 376 13 0 0 0 0 0 137 0 39 0 0 0 0 0 
0 151 0 306 421 0 230 5293 0 9782 0 0 0 0 0 306 0 710 17 0 0 0 0 0 0 0 0 1 80 9 0 0 0 160 95 475 1009 12129 319 0 0 0 1 0 0 0 0 0 64 0 18 0 0 0 0 0 287 0 453 251 264 0 0 0 0 0 0 0 0 0 0 0 0 0 0 114 73 3255 8158 0 0 0 0 
