0 151 0 754 53 0 548 0 0 0 0 218 0 0 0 0 0 0 5 0 0 0 0 0 158 0 38 171 1477 255 0 589 0 5123 25 413 1723 2 628 0 0 1008 0 0 0 0 0 6339 0 0 0 0 31 0 0 0 0 0 0 0 0 0 0 0 0 0 0 0 0 0 0 0 0 0 0 0 4 1 0 0 0 0 0 
151 0 0 0 1 0 25 0 0 14 0 0 0 0 0 28 30 0 0 0 0 0 0 0 0 0 0 0 0 0 0 0 0 4181 1357 369 3123 145 0 0 0 0 0 0 0 0 0 0 0 0 0 0 0 0 0 0 0 0 0 0 0 0 0 0 0 0 0 0 0 0 0 0 0 0 0 0 0 0 0 0 0 0 24 
0 0 0 1771 0 0 1 86 0 0 0 766 0 0 0 0 0 0 0 0 0 0 0 0 0 0 0 0 0 0 0 0 0 0 3 69 5 0 0 0 0 0 0 0 0 0 0 1472 0 0 0 0 63 0 0 0 0 0 0 0 0 0 0 0 0 0 0 0 0 0 0 0 0 0 0 0 0 0 0 0 0 0 0 
754 0 1771 0 0 0 192 118 0 0 0 7 0 0 0 0 0 0 0 0 0 0 0 0 0 0 0 0 0 0 0 0 0 0 0 0 2 0 0 0 0 14 0 0 0 0 0 6 0 0 0 0 7 0 0 0 0 0 0 0 0 0 0 0 0 0 0 0 0 0 0 0 0 0 0 0 0 0 0 0 0 0 0 
53 1 0 0 0 2 695 449 343 158 0 0 0 0 0 691 180 1 0 0 0 0 0 0 0 0 0 0 0 0 0 0 0 6408 1675 148 2580 8 0 0 0 0 0 0 0 0 0 0 0 0 0 0 0 0 0 0 0 0 0 0 0 0 0 0 0 0 0 0 0 0 0 0 0 0 0 0 0 0 0 0 0 0 0 
0 0 0 0 2 0 93 823 2539 658 0 0 0 0 0 213 0 0 0 0 0 0 0 0 0 0 0 0 0 0 0 0 0 721 0 0 1034 0 0 0 0 0 0 0 0 0 0 0 0 0 0 0 0 0 0 0 0 0 0 0 0 0 0 0 0 0 0 0 0 0 0 0 0 0 0 0 0 0 0 0 0 0 0 
548 25 1 192 695 93 0 3960 1250 216 0 2791 3343 0 0 518 16 0 0 0 0 0 0 0 0 0 0 0 0 0 0 39 0 3144 10098 14723 6001 102 0 0 0 0 0 0 0 0 0 11756 2407 0 0 0 190 249 0 0 0 0 0 0 0 0 0 0 0 0 0 0 0 0 0 0 0 0 0 0 0 0 0 0 0 0 8 
0 0 86 118 449 823 3960 0 201 2032 634 543 16698 9192 0 105 0 0 0 0 0 0 0 0 0 0 0 0 0 0 0 0 0 241 25456 319 4165 0 0 0 0 0 0 0 0 0 0 222 25025 0 141 165 2 529 608 0 0 0 0 0 0 0 0 0 0 0 0 0 0 0 0 0 0 0 0 0 0 0 0 0 0 0 0 
0 0 0 0 343 2539 1250 201 0 530 0 0 0 0 0 37 0 0 0 0 0 0 0 0 0 0 0 0 0 0 0 0 0 28 20 0 169 0 0 0 0 0 0 0 0 0 0 0 0 0 0 0 0 0 0 0 0 0 0 0 0 0 0 0 0 0 0 0 0 0 0 0 0 0 0 0 0 0 0 0 0 0 0 
0 14 0 0 158 658 216 2032 530 0 1414 0 201 10632 0 264 197 281 417 0 0 0 0 0 0 0 0 0 10 8 0 0 0 2041 34650 2298 8650 0 0 0 0 0 0 0 0 0 0 2 2133 0 2315 2749 0 0 2419 6 1886 0 1 0 0 0 0 0 0 0 0 0 0 0 0 0 0 0 0 0 0 0 0 0 0 0 1888 
0 0 0 0 0 0 0 634 0 1414 0 0 159 4248 0 49 0 43 0 190 0 0 0 0 0 0 0 0 0 0 0 0 0 0 0 0 0 0 0 0 0 0 0 0 0 0 0 0 0 0 0 0 0 0 20 0 8 0 0 0 0 0 0 0 0 0 0 0 0 0 0 0 0 0 0 0 0 0 0 0 0 0 0 
218 0 766 7 0 0 2791 543 0 0 0 0 200 0 0 0 0 0 0 0 0 0 0 0 0 0 0 0 0 0 0 0 0 0 0 0 0 0 0 0 0 161 0 0 0 0 0 17 0 0 0 0 1 0 0 0 0 0 0 0 0 0 0 0 0 0 0 0 0 0 0 0 0 0 0 0 1 0 0 1 0 0 0 
0 0 0 0 0 0 3343 16698 0 201 159 200 0 703 0 1 0 0 0 0 0 0 0 0 0 0 0 0 0 0 0 0 0 0 408 31 63 0 0 0 0 0 0 0 0 0 0 30 104 0 0 0 0 1 0 0 0 0 0 0 0 0 0 0 0 0 0 0 0 0 0 0 0 0 0 0 0 0 0 0 0 0 0 
0 0 0 0 0 0 0 9192 0 10632 4248 0 703 0 25 2230 0 2984 0 4505 0 0 0 0 0 0 0 0 0 0 0 0 0 0 0 0 0 0 0 0 0 0 0 0 0 0 0 0 63 0 3 21 0 0 0 0 0 0 0 0 0 0 0 0 0 0 0 0 0 0 0 0 0 0 0 0 0 0 0 0 0 0 0 
0 0 0 0 0 0 0 0 0 0 0 0 0 25 0 0 0 8738 1841 3944 709 1 158 0 0 0 0 0 0 0 0 0 0 0 1 0 0 0 0 0 0 0 0 0 0 0 0 0 0 0 0 0 0 0 0 11 0 0 1 0 367 0 0 0 0 0 0 0 0 0 0 0 0 0 0 0 0 0 0 0 0 0 0 
0 28 0 0 691 213 518 105 37 264 49 0 1 2230 0 0 1505 2379 489 0 0 0 0 0 0 0 0 0 4 496 0 0 0 3210 7409 1467 914 0 0 1 0 0 0 0 0 0 0 0 0 0 0 1351 0 0 388 3 0 0 0 0 1 0 0 0 0 0 0 0 0 0 0 0 0 0 0 0 0 0 0 0 0 0 53 
0 30 0 0 180 0 16 0 0 197 0 0 0 0 0 1505 0 6 5673 0 0 0 0 0 0 0 0 0 202 3886 77 478 0 3984 39 0 9416 1 0 0 0 0 0 0 0 0 0 0 0 0 0 0 0 0 0 0 0 0 0 0 0 0 0 0 0 0 0 0 0 0 0 0 0 0 0 0 0 0 0 0 0 0 149 
0 0 0 0 1 0 0 0 0 281 43 0 0 2984 8738 2379 6 0 1938 6405 534 1 4987 114 2789 35 0 0 408 0 0 0 0 0 835 337 2254 0 0 50 0 0 0 0 0 0 0 0 0 0 0 589 0 0 361 1239 0 0 2586 47 10968 98 0 0 0 0 0 0 0 17 0 0 0 0 0 55 0 12 0 0 0 0 656 
5 0 0 0 0 0 0 0 0 417 0 0 0 0 1841 489 5673 1938 0 74 39 0 884 2 4119 12 0 0 8074 167 23 68 0 27 1909 2 346 7 0 35 0 0 0 0 0 0 0 0 0 0 0 0 0 0 0 26 0 0 6 1 3435 0 0 0 0 0 0 0 0 0 0 0 0 0 0 0 0 0 0 0 0 0 137 
0 0 0 0 0 0 0 0 0 0 190 0 0 4505 3944 0 0 6405 74 0 4 2 6 134 67 32 0 0 19 0 0 0 0 0 0 0 0 0 0 1 0 0 0 0 0 0 0 0 0 0 0 0 0 0 1 83 0 0 308 4 1197 0 0 0 0 0 0 0 0 5 0 0 0 0 0 14 0 1 0 0 0 0 0 
0 0 0 0 0 0 0 0 0 0 0 0 0 0 709 0 0 534 39 4 0 525 83 275 217 164 0 0 4 0 0 0 0 0 0 0 0 0 0 0 0 0 0 0 0 0 0 0 0 0 0 0 0 0 0 2 0 0 196 7 710 192 0 0 0 0 0 0 0 5 0 0 0 0 0 7 0 1 0 0 0 0 0 
0 0 0 0 0 0 0 0 0 0 0 0 0 0 1 0 0 1 0 2 525 0 1736 1825 1129 1 0 0 0 0 0 0 0 0 0 0 0 0 0 0 0 0 0 0 0 0 0 0 0 0 0 0 0 0 0 0 0 0 0 0 1 1 0 0 0 0 0 0 0 0 0 0 0 0 0 0 0 0 0 0 0 0 0 
0 0 0 0 0 0 0 0 0 0 0 0 0 0 158 0 0 4987 884 6 83 1736 0 64 5933 23 0 0 1871 0 0 0 0 0 17 0 2 0 0 0 0 0 0 0 0 0 0 0 0 0 0 0 0 0 0 1 0 0 177 2 1105 279 0 0 0 0 0 0 0 6 0 0 0 0 23 46 0 24 0 0 1 0 0 
0 0 0 0 0 0 0 0 0 0 0 0 0 0 0 0 0 114 2 134 275 1825 64 0 588 10 0 0 1 0 0 0 0 0 0 0 0 0 0 0 0 0 0 0 0 0 0 0 0 0 0 0 0 0 0 0 0 0 0 0 0 2 17 0 11 65 0 0 0 5 0 0 0 0 0 0 0 0 0 0 0 0 0 
158 0 0 0 0 0 0 0 0 0 0 0 0 0 0 0 0 2789 4119 67 217 1129 5933 588 0 76 0 0 397 0 0 1 0 554 266 4 176 417 0 47 15 0 0 0 0 0 0 4 0 0 0 0 0 0 0 0 0 0 30 0 3478 0 0 0 0 0 0 0 0 19 2 0 277 52 121 13 0 1069 0 0 0 1 0 
0 0 0 0 0 0 0 0 0 0 0 0 0 0 0 0 0 35 12 32 164 1 23 10 76 0 30 0 0 0 0 0 0 1 0 0 39 2 0 86 0 0 0 0 0 0 0 0 0 0 0 0 0 0 0 0 0 0 0 0 0 0 0 0 0 0 0 0 0 0 0 0 0 0 0 0 0 0 0 0 0 0 0 
38 0 0 0 0 0 0 0 0 0 0 0 0 0 0 0 0 0 0 0 0 0 0 0 0 30 0 0 0 0 0 0 0 384 0 0 12 29 0 20 3 0 0 0 0 0 0 0 0 0 0 0 0 0 0 0 0 0 0 0 0 0 0 0 0 0 0 0 0 0 0 0 0 0 0 0 0 0 0 0 0 0 0 
171 0 0 0 0 0 0 0 0 0 0 0 0 0 0 0 0 0 0 0 0 0 0 0 0 0 0 0 0 0 0 385 0 1630 0 0 0 0 0 0 0 0 0 0 0 0 0 0 0 0 0 0 0 0 0 0 0 0 0 0 0 0 0 0 0 0 0 0 0 0 0 0 0 0 0 0 0 0 0 0 0 0 0 
1477 0 0 0 0 0 0 0 0 10 0 0 0 0 0 4 202 408 8074 19 4 0 1871 1 397 0 0 0 0 2697 32 1780 0 598 304 5 296 162 0 0 0 0 0 0 0 0 0 25 0 0 0 0 0 0 0 0 0 0 24 0 706 0 0 0 0 0 0 0 0 4 0 0 0 0 10 2 0 14 0 0 0 0 0 
255 0 0 0 0 0 0 0 0 8 0 0 0 0 0 496 3886 0 167 0 0 0 0 0 0 0 0 0 2697 0 230 2178 0 98 0 8 34 27 0 0 0 0 0 0 0 0 0 2 0 0 0 0 0 0 0 0 0 0 0 0 0 0 0 0 0 0 0 0 0 0 0 0 0 0 0 0 0 0 0 0 0 0 0 
0 0 0 0 0 0 0 0 0 0 0 0 0 0 0 0 77 0 23 0 0 0 0 0 0 0 0 0 32 230 0 185 0 0 0 0 0 0 0 0 0 0 0 0 0 0 0 0 0 0 0 0 0 0 0 0 0 0 0 0 0 0 0 0 0 0 0 0 0 0 0 0 0 0 0 0 0 0 0 0 0 0 0 
589 0 0 0 0 0 39 0 0 0 0 0 0 0 0 0 478 0 68 0 0 0 0 0 1 0 0 385 1780 2178 185 0 925 322 1 9 118 25 0 0 0 0 0 0 0 0 0 9 0 0 0 0 0 0 0 0 0 0 0 0 0 0 0 0 0 0 0 0 0 0 0 0 0 0 0 0 0 0 0 0 0 0 5 
0 0 0 0 0 0 0 0 0 0 0 0 0 0 0 0 0 0 0 0 0 0 0 0 0 0 0 0 0 0 0 925 0 14 0 0 0 0 0 0 0 0 0 0 0 0 0 0 0 0 0 0 0 0 0 0 0 0 0 0 0 0 0 0 0 0 0 0 0 0 0 0 0 0 0 0 0 0 0 0 0 0 0 
5123 4181 0 0 6408 721 3144 241 28 2041 0 0 0 0 0 3210 3984 0 27 0 0 0 0 0 554 1 384 1630 598 98 0 322 14 0 0 79 49 5 7 0 0 0 0 0 0 0 0 18 0 0 0 0 0 0 0 0 0 0 0 0 0 0 0 0 0 0 0 0 0 0 0 0 0 0 0 0 0 0 0 0 0 0 116 
25 1357 3 0 1675 0 10098 25456 20 34650 0 0 408 0 1 7409 39 835 1909 0 0 0 17 0 266 0 0 0 304 0 0 1 0 0 0 23 597 54 0 1103 10 0 0 0 0 0 0 195 2344 0 39 10 0 17 0 3 0 0 48 0 115 114 0 0 0 0 0 0 0 0 0 0 0 0 0 0 0 0 0 0 0 0 124 
413 369 69 0 148 0 14723 319 0 2298 0 0 31 0 0 1467 0 337 2 0 0 0 0 0 4 0 0 0 5 8 0 9 0 79 23 0 46 0 9 28 0 0 0 0 0 0 0 523 605 0 540 199 0 0 20 6 850 0 78 0 4 0 0 0 0 0 0 0 0 0 0 0 0 0 0 0 0 0 0 0 0 0 0 
1723 3123 5 2 2580 1034 6001 4165 169 8650 0 0 63 0 0 914 9416 2254 346 0 0 0 2 0 176 39 12 0 296 34 0 118 0 49 597 46 0 2 2 0 0 0 0 0 0 0 0 3 58 0 0 0 0 0 0 0 0 0 0 0 0 0 0 0 0 0 0 0 0 0 0 0 0 0 0 0 0 0 0 0 0 0 1551 
2 145 0 0 8 0 102 0 0 0 0 0 0 0 0 0 1 0 7 0 0 0 0 0 417 2 29 0 162 27 0 25 0 5 54 0 2 0 0 0 0 0 0 0 0 0 0 0 0 0 0 0 0 0 0 0 0 0 0 0 0 0 0 0 0 0 0 0 0 0 0 0 0 0 0 0 0 0 0 0 0 0 5795 
628 0 0 0 0 0 0 0 0 0 0 0 0 0 0 0 0 0 0 0 0 0 0 0 0 0 0 0 0 0 0 0 0 7 0 9 2 0 0 0 0 1 0 0 0 0 0 0 0 0 0 0 3 0 0 0 0 0 0 0 0 0 0 0 0 0 0 0 0 0 0 0 0 0 0 0 0 0 0 0 0 0 0 
0 0 0 0 0 0 0 0 0 0 0 0 0 0 0 1 0 50 35 1 0 0 0 0 47 86 20 0 0 0 0 0 0 0 1103 28 0 0 0 0 3 0 0 0 0 0 0 0 0 0 0 42 0 0 0 1 0 0 2 0 40 0 0 0 0 0 0 0 0 0 0 0 0 0 0 0 0 0 0 0 0 0 1 
0 0 0 0 0 0 0 0 0 0 0 0 0 0 0 0 0 0 0 0 0 0 0 0 15 0 3 0 0 0 0 0 0 0 10 0 0 0 0 3 0 0 0 0 0 0 0 0 0 0 0 0 0 0 0 0 0 0 0 0 0 0 0 0 0 0 0 0 0 0 0 0 0 0 0 0 0 0 0 0 0 0 10 
1008 0 0 14 0 0 0 0 0 0 0 161 0 0 0 0 0 0 0 0 0 0 0 0 0 0 0 0 0 0 0 0 0 0 0 0 0 0 1 0 0 0 3 0 128 111 0 150 0 0 0 0 1284 0 0 0 0 0 0 0 0 0 0 0 0 0 0 0 0 0 0 0 7 0 1597 0 1848 6455 18 584 0 0 2 
0 0 0 0 0 0 0 0 0 0 0 0 0 0 0 0 0 0 0 0 0 0 0 0 0 0 0 0 0 0 0 0 0 0 0 0 0 0 0 0 0 3 0 0 0 51 0 0 2 0 0 0 0 0 0 0 0 0 0 0 0 0 0 0 0 0 0 0 0 0 0 0 0 0 0 7 1546 3143 87 0 0 0 58 
0 0 0 0 0 0 0 0 0 0 0 0 0 0 0 0 0 0 0 0 0 0 0 0 0 0 0 0 0 0 0 0 0 0 0 0 0 0 0 0 0 0 0 0 8 0 0 0 4 0 0 0 7 0 0 0 0 0 0 0 0 0 0 0 0 0 0 0 0 0 0 0 0 0 0 0 0 0 0 0 0 0 0 
0 0 0 0 0 0 0 0 0 0 0 0 0 0 0 0 0 0 0 0 0 0 0 0 0 0 0 0 0 0 0 0 0 0 0 0 0 0 0 0 0 128 0 8 0 0 0 17 7 0 0 0 0 0 0 0 0 0 0 0 0 0 0 0 0 0 0 0 0 0 1 0 0 0 0 0 5 41 0 10 0 0 0 
0 0 0 0 0 0 0 0 0 0 0 0 0 0 0 0 0 0 0 0 0 0 0 0 0 0 0 0 0 0 0 0 0 0 0 0 0 0 0 0 0 111 51 0 0 0 261 795 100 54 0 0 0 0 0 0 0 0 0 0 0 0 0 0 0 0 0 0 0 0 0 0 0 0 3169 64 1902 6248 132 0 0 0 102 
0 0 0 0 0 0 0 0 0 0 0 0 0 0 0 0 0 0 0 0 0 0 0 0 0 0 0 0 0 0 0 0 0 0 0 0 0 0 0 0 0 0 0 0 0 261 0 481 933 9851 2798 0 0 0 0 0 96 0 1 1100 0 0 0 0 0 0 0 0 0 0 0 0 0 0 1323 2 0 1411 5 0 0 0 0 
6339 0 1472 6 0 0 11756 222 0 2 0 17 30 0 0 0 0 0 0 0 0 0 0 0 4 0 0 0 25 2 0 9 0 18 195 523 3 0 0 0 0 150 0 0 17 795 481 0 1052 857 0 0 1313 525 0 0 0 0 0 0 0 0 0 0 0 0 0 0 0 0 0 0 0 0 126 1857 16829 8895 192 183 0 0 43 
0 0 0 0 0 0 2407 25025 0 2133 0 0 104 63 0 0 0 0 0 0 0 0 0 0 0 0 0 0 0 0 0 0 0 0 2344 605 58 0 0 0 0 0 2 4 7 100 933 1052 0 112 72 700 3410 4902 1514 0 0 0 0 0 0 0 0 0 0 0 0 0 0 0 0 0 0 0 0 31855 6015 5077 0 0 0 0 998 
0 0 0 0 0 0 0 0 0 0 0 0 0 0 0 0 0 0 0 0 0 0 0 0 0 0 0 0 0 0 0 0 0 0 0 0 0 0 0 0 0 0 0 0 0 54 9851 857 112 0 2173 0 0 0 0 0 0 0 0 0 0 0 0 0 0 0 0 0 0 0 0 0 0 0 2 1015 0 3493 0 0 0 0 271 
0 0 0 0 0 0 0 141 0 2315 0 0 0 3 0 0 0 0 0 0 0 0 0 0 0 0 0 0 0 0 0 0 0 0 39 540 0 0 0 0 0 0 0 0 0 0 2798 0 72 2173 0 392 0 0 725 0 340 0 43 2765 0 0 0 0 0 0 0 0 0 2 3671 2648 2 1 6838 11611 1047 17805 0 0 0 0 2456 
0 0 0 0 0 0 0 165 0 2749 0 0 0 21 0 1351 0 589 0 0 0 0 0 0 0 0 0 0 0 0 0 0 0 0 10 199 0 0 0 42 0 0 0 0 0 0 0 0 700 0 392 0 0 0 2221 41 316 4 0 0 0 0 0 0 0 0 0 0 0 8 13 0 31 51 13 360 26 204 0 0 0 0 20 
31 0 63 7 0 0 190 2 0 0 0 1 0 0 0 0 0 0 0 0 0 0 0 0 0 0 0 0 0 0 0 0 0 0 0 0 0 0 3 0 0 1284 0 7 0 0 0 1313 3410 0 0 0 0 0 0 0 0 0 0 0 0 0 0 0 0 0 0 0 0 0 0 0 0 0 0 0 2 12 0 22 0 0 0 
0 0 0 0 0 0 249 529 0 0 0 0 1 0 0 0 0 0 0 0 0 0 0 0 0 0 0 0 0 0 0 0 0 0 17 0 0 0 0 0 0 0 0 0 0 0 0 525 4902 0 0 0 0 0 0 0 0 0 0 0 0 0 0 0 0 0 0 0 0 0 0 0 0 0 0 0 0 0 0 0 0 0 0 
0 0 0 0 0 0 0 608 0 2419 20 0 0 0 0 388 0 361 0 1 0 0 0 0 0 0 0 0 0 0 0 0 0 0 0 20 0 0 0 0 0 0 0 0 0 0 0 0 1514 0 725 2221 0 0 0 775 50 0 0 0 1372 18 0 0 0 0 0 0 0 0 0 0 0 0 0 0 0 0 0 0 0 0 0 
0 0 0 0 0 0 0 0 0 6 0 0 0 0 11 3 0 1239 26 83 2 0 1 0 0 0 0 0 0 0 0 0 0 0 3 6 0 0 0 1 0 0 0 0 0 0 0 0 0 0 0 41 0 0 775 0 0 0 6 0 4430 363 0 0 0 0 19 0 0 0 0 0 0 0 0 0 0 0 0 0 0 0 0 
0 0 0 0 0 0 0 0 0 1886 8 0 0 0 0 0 0 0 0 0 0 0 0 0 0 0 0 0 0 0 0 0 0 0 0 850 0 0 0 0 0 0 0 0 0 0 96 0 0 0 340 316 0 0 50 0 0 316 1433 4722 0 0 0 0 0 0 0 0 0 232 3816 1778 761 261 1475 1751 555 3108 0 0 0 0 317 
0 0 0 0 0 0 0 0 0 0 0 0 0 0 0 0 0 0 0 0 0 0 0 0 0 0 0 0 0 0 0 0 0 0 0 0 0 0 0 0 0 0 0 0 0 0 0 0 0 0 0 4 0 0 0 0 316 0 967 4360 25 0 0 0 0 0 0 0 0 1 1967 4835 702 0 0 0 0 0 0 0 0 0 0 
0 0 0 0 0 0 0 0 0 1 0 0 0 0 1 0 0 2586 6 308 196 0 177 0 30 0 0 0 24 0 0 0 0 0 48 78 0 0 0 2 0 0 0 0 0 0 1 0 0 0 43 0 0 0 0 6 1433 967 0 3209 1243 418 767 3651 0 443 4 0 0 2706 985 0 1690 707 1000 1132 43 2439 0 0 1 3 62 
0 0 0 0 0 0 0 0 0 0 0 0 0 0 0 0 0 47 1 4 7 0 2 0 0 0 0 0 0 0 0 0 0 0 0 0 0 0 0 0 0 0 0 0 0 0 1100 0 0 0 2765 0 0 0 0 0 4722 4360 3209 0 626 91 0 4871 0 119 0 0 0 8399 6678 75 1886 341 1237 19 0 2179 0 0 0 0 0 
0 0 0 0 0 0 0 0 0 0 0 0 0 0 367 1 0 10968 3435 1197 710 1 1105 0 3478 0 0 0 706 0 0 0 0 0 115 4 0 0 0 40 0 0 0 0 0 0 0 0 0 0 0 0 0 0 1372 4430 0 25 1243 626 0 15 0 0 660 0 467 0 0 639 1544 0 3212 1114 656 175 0 5172 6 0 18 9 22 
0 0 0 0 0 0 0 0 0 0 0 0 0 0 0 0 0 98 0 0 192 1 279 2 0 0 0 0 0 0 0 0 0 0 114 0 0 0 0 0 0 0 0 0 0 0 0 0 0 0 0 0 0 0 18 363 0 0 418 91 15 0 957 270 340 28 3 0 0 3209 1080 0 487 0 340 5 0 195 0 0 22 0 0 
0 0 0 0 0 0 0 0 0 0 0 0 0 0 0 0 0 0 0 0 0 0 0 17 0 0 0 0 0 0 0 0 0 0 0 0 0 0 0 0 0 0 0 0 0 0 0 0 0 0 0 0 0 0 0 0 0 0 767 0 0 957 0 50 45 2826 0 0 0 4536 15 0 13 0 5 0 0 0 0 0 2 0 0 
0 0 0 0 0 0 0 0 0 0 0 0 0 0 0 0 0 0 0 0 0 0 0 0 0 0 0 0 0 0 0 0 0 0 0 0 0 0 0 0 0 0 0 0 0 0 0 0 0 0 0 0 0 0 0 0 0 0 3651 4871 0 270 50 0 104 3938 0 0 0 5564 382 0 678 0 185 0 0 107 0 0 0 0 0 
0 0 0 0 0 0 0 0 0 0 0 0 0 0 0 0 0 0 0 0 0 0 0 11 0 0 0 0 0 0 0 0 0 0 0 0 0 0 0 0 0 0 0 0 0 0 0 0 0 0 0 0 0 0 0 0 0 0 0 0 660 340 45 104 0 5938 82 0 0 1103 0 0 0 0 0 0 0 0 0 0 22 0 0 
0 0 0 0 0 0 0 0 0 0 0 0 0 0 0 0 0 0 0 0 0 0 0 65 0 0 0 0 0 0 0 0 0 0 0 0 0 0 0 0 0 0 0 0 0 0 0 0 0 0 0 0 0 0 0 0 0 0 443 119 0 28 2826 3938 5938 0 46 0 0 183 0 0 0 0 712 99 0 793 17 0 312 0 0 
0 0 0 0 0 0 0 0 0 0 0 0 0 0 0 0 0 0 0 0 0 0 0 0 0 0 0 0 0 0 0 0 0 0 0 0 0 0 0 0 0 0 0 0 0 0 0 0 0 0 0 0 0 0 0 19 0 0 4 0 467 3 0 0 82 46 0 0 0 27 0 0 0 0 0 0 0 0 0 0 650 0 0 
0 0 0 0 0 0 0 0 0 0 0 0 0 0 0 0 0 0 0 0 0 0 0 0 0 0 0 0 0 0 0 0 0 0 0 0 0 0 0 0 0 0 0 0 0 0 0 0 0 0 0 0 0 0 0 0 0 0 0 0 0 0 0 0 0 0 0 0 0 0 0 0 0 0 4 0 0 0 0 0 61 1 0 
0 0 0 0 0 0 0 0 0 0 0 0 0 0 0 0 0 0 0 0 0 0 0 0 0 0 0 0 0 0 0 0 0 0 0 0 0 0 0 0 0 0 0 0 0 0 0 0 0 0 0 0 0 0 0 0 0 0 0 0 0 0 0 0 0 0 0 0 0 0 0 0 13 0 882 0 0 0 0 0 0 0 0 
0 0 0 0 0 0 0 0 0 0 0 0 0 0 0 0 0 17 0 5 5 0 6 5 19 0 0 0 4 0 0 0 0 0 0 0 0 0 0 0 0 0 0 0 0 0 0 0 0 0 2 8 0 0 0 0 232 1 2706 8399 639 3209 4536 5564 1103 183 27 0 0 0 940 0 205 0 325 356 7 239 0 0 988 0 0 
0 0 0 0 0 0 0 0 0 0 0 0 0 0 0 0 0 0 0 0 0 0 0 0 2 0 0 0 0 0 0 0 0 0 0 0 0 0 0 0 0 0 0 0 1 0 0 0 0 0 3671 13 0 0 0 0 3816 1967 985 6678 1544 1080 15 382 0 0 0 0 0 940 0 59 549 0 344 0 0 10 0 0 0 0 0 
0 0 0 0 0 0 0 0 0 0 0 0 0 0 0 0 0 0 0 0 0 0 0 0 0 0 0 0 0 0 0 0 0 0 0 0 0 0 0 0 0 0 0 0 0 0 0 0 0 0 2648 0 0 0 0 0 1778 4835 0 75 0 0 0 0 0 0 0 0 0 0 59 0 88 0 0 0 0 0 0 0 0 0 0 
0 0 0 0 0 0 0 0 0 0 0 0 0 0 0 0 0 0 0 0 0 0 0 0 277 0 0 0 0 0 0 0 0 0 0 0 0 0 0 0 0 7 0 0 0 0 0 0 0 0 2 31 0 0 0 0 761 702 1690 1886 3212 487 13 678 0 0 0 0 13 205 549 88 0 215 1707 0 0 0 0 0 0 0 0 
0 0 0 0 0 0 0 0 0 0 0 0 0 0 0 0 0 0 0 0 0 0 0 0 52 0 0 0 0 0 0 0 0 0 0 0 0 0 0 0 0 0 0 0 0 0 0 0 0 0 1 51 0 0 0 0 261 0 707 341 1114 0 0 0 0 0 0 0 0 0 0 0 215 0 91 0 0 1 0 0 0 0 0 
0 0 0 0 0 0 0 0 0 0 0 0 0 0 0 0 0 0 0 0 0 0 23 0 121 0 0 0 10 0 0 0 0 0 0 0 0 0 0 0 0 1597 0 0 0 3169 1323 126 0 2 6838 13 0 0 0 0 1475 0 1000 1237 656 340 5 185 0 712 0 4 882 325 344 0 1707 91 0 0 1 210 0 0 0 0 0 
0 0 0 0 0 0 0 0 0 0 0 0 0 0 0 0 0 55 0 14 7 0 46 0 13 0 0 0 2 0 0 0 0 0 0 0 0 0 0 0 0 0 7 0 0 64 2 1857 31855 1015 11611 360 0 0 0 0 1751 0 1132 19 175 5 0 0 0 99 0 0 0 356 0 0 0 0 0 0 519 125 0 0 1029 91 1240 
4 0 0 0 0 0 0 0 0 0 0 1 0 0 0 0 0 0 0 0 0 0 0 0 0 0 0 0 0 0 0 0 0 0 0 0 0 0 0 0 0 1848 1546 0 5 1902 0 16829 6015 0 1047 26 2 0 0 0 555 0 43 0 0 0 0 0 0 0 0 0 0 7 0 0 0 0 1 519 0 139 0 51 129 0 227 
1 0 0 0 0 0 0 0 0 0 0 0 0 0 0 0 0 12 0 1 1 0 24 0 1069 0 0 0 14 0 0 0 0 0 0 0 0 0 0 0 0 6455 3143 0 41 6248 1411 8895 5077 3493 17805 204 12 0 0 0 3108 0 2439 2179 5172 195 0 107 0 793 0 0 0 239 10 0 0 1 210 125 139 0 1 6 0 78 5969 
0 0 0 0 0 0 0 0 0 0 0 0 0 0 0 0 0 0 0 0 0 0 0 0 0 0 0 0 0 0 0 0 0 0 0 0 0 0 0 0 0 18 87 0 0 132 5 192 0 0 0 0 0 0 0 0 0 0 0 0 6 0 0 0 0 17 0 0 0 0 0 0 0 0 0 0 0 1 0 0 0 1 6072 
0 0 0 0 0 0 0 0 0 0 0 1 0 0 0 0 0 0 0 0 0 0 0 0 0 0 0 0 0 0 0 0 0 0 0 0 0 0 0 0 0 584 0 0 10 0 0 183 0 0 0 0 22 0 0 0 0 0 0 0 0 0 0 0 0 0 0 0 0 0 0 0 0 0 0 0 51 6 0 0 0 0 0 
0 0 0 0 0 0 0 0 0 0 0 0 0 0 0 0 0 0 0 0 0 0 1 0 0 0 0 0 0 0 0 0 0 0 0 0 0 0 0 0 0 0 0 0 0 0 0 0 0 0 0 0 0 0 0 0 0 0 1 0 18 22 2 0 22 312 650 61 0 988 0 0 0 0 0 1029 129 0 0 0 0 0 9 
0 0 0 0 0 0 0 0 0 0 0 0 0 0 0 0 0 0 0 0 0 0 0 0 1 0 0 0 0 0 0 0 0 0 0 0 0 0 0 0 0 0 0 0 0 0 0 0 0 0 0 0 0 0 0 0 0 0 3 0 9 0 0 0 0 0 0 1 0 0 0 0 0 0 0 91 0 78 1 0 0 0 19 
0 24 0 0 0 0 8 0 0 1888 0 0 0 0 0 53 149 656 137 0 0 0 0 0 0 0 0 0 0 0 0 5 0 116 124 0 1551 5795 0 1 10 2 58 0 0 102 0 43 998 271 2456 20 0 0 0 0 317 0 62 0 22 0 0 0 0 0 0 0 0 0 0 0 0 0 0 1240 227 5969 6072 0 9 19 0 
